42.238553,-33.734623,543.024159
31.498716,-18.192528,542.800898
19.271132,-6.045506,543.202678
6.347916,4.362064,544.902709
-6.767564,14.246698,548.177146
-19.653278,24.668629,552.749801
-31.808038,36.842563,557.821720
-42.445183,52.412481,562.278236
-50.200938,73.240936,565.004815
-53.150786,99.155301,565.211264
-50.194515,125.075092,562.668216
-42.425075,145.914623,557.790091
-31.765455,161.496385,551.540818
-19.581434,173.683353,545.184248
-6.663113,-175.878081,539.945224
6.483869,-165.969651,536.680243
19.431843,-155.525454,535.662505
31.669814,-143.319645,536.553275
42.394239,-127.684793,538.566634
50.210460,-106.721718,540.765783
53.151106,-80.616076,542.386797
50.111289,-54.577588,543.084166
39.755587,-24.421192,542.953907
28.542840,-9.911499,542.812037
16.082881,1.666315,543.486621
3.070442,11.840565,545.574601
-10.027482,21.759386,549.221917
-22.784343,32.492596,554.011321
-34.650632,45.341089,559.039719
-44.723939,62.067685,563.160737
-51.463800,84.356084,565.312486
-52.958652,110.906806,564.827980
-48.625352,135.843005,561.637888
-39.965198,155.236473,556.309639
-28.824087,169.788072,549.910476
-16.398000,-178.596217,543.727756
-3.381015,-168.393120,538.922326
9.756768,-158.451559,536.218542
22.582248,-147.695055,535.731300
34.534746,-134.809296,536.987967
44.692253,-118.003783,539.134117
51.478992,-95.560498,541.247220
52.943473,-68.822880,542.649957
48.515829,-43.800490,543.122914
37.123350,-15.415151,542.884728
25.511470,-1.810878,542.875180
12.861136,9.292336,543.861203
-0.212193,19.303476,546.346830
-13.266638,29.321842,550.340552
-25.861387,40.446206,555.289022
-37.384480,54.080605,560.200580
-46.797548,72.083910,563.918158
-52.391942,95.770155,565.452363
-52.389304,122.541936,564.272371
-46.785411,146.237415,560.471388
-37.354154,164.252376,554.761134
-25.804832,177.898983,548.294303
-13.178655,-170.962181,542.359569
-0.091533,-160.924144,538.033890
13.010725,-150.883694,535.898369
25.679769,-139.734211,535.911026
37.290886,-126.055445,537.478583
46.782866,-107.956661,539.698269
52.407662,-84.097510,541.681913
52.354339,-57.153476,542.852411
46.649433,-33.403429,543.119585
34.364521,-6.683260,542.829403
22.417229,6.136254,543.001900
9.613740,16.851635,544.332041
-3.493642,26.766841,547.216187
-16.477838,36.951905,551.521101
-28.873465,48.553946,556.565264
-39.990144,63.093565,561.285970
-48.634361,82.475568,564.536795
-52.959894,107.404179,565.419442
-51.459473,133.957735,563.549814
-44.708103,156.256504,559.183320
-34.614415,172.994855,553.164650
-22.720281,-174.144098,546.712461
-9.931270,-163.395435,541.094475
3.198907,-153.455032,537.285516
16.238404,-143.248069,535.715264
28.713227,-131.618118,536.189500
39.918367,-117.025008,538.009865
48.633675,-97.528687,540.246067
52.970653,-72.414129,542.063291
51.401455,-45.711983,542.995893
44.546267,-23.386731,543.083208
31.498716,1.807472,542.800898
19.271132,13.954494,543.202678
6.347916,24.362064,544.902709
-6.767564,34.246698,548.177146
-19.653278,44.668629,552.749801
-31.808038,56.842563,557.821720
-42.445183,72.412481,562.278236
-50.200938,93.240936,565.004815
-53.150786,119.155301,565.211264
-50.194515,145.075092,562.668216
-42.425075,165.914623,557.790091
-31.765455,-178.503615,551.540818
-19.581434,-166.316647,545.184248
-6.663113,-155.878081,539.945224
6.483869,-145.969651,536.680243
19.431843,-135.525454,535.662505
31.669814,-123.319645,536.553275
42.394239,-107.684793,538.566634
50.210460,-86.721718,540.765783
53.151106,-60.616076,542.386797
50.111289,-34.577588,543.084166
42.238553,-13.734623,543.024159
28.542840,10.088501,542.812037
16.082881,21.666315,543.486621
3.070442,31.840565,545.574601
-10.027482,41.759386,549.221917
-22.784343,52.492596,554.011321
-34.650632,65.341089,559.039719
-44.723939,82.067685,563.160737
-51.463800,104.356084,565.312486
-52.958652,130.906806,564.827980
-48.625352,155.843005,561.637888
-39.965198,175.236473,556.309639
-28.824087,-170.211928,549.910476
-16.398000,-158.596217,543.727756
-3.381015,-148.393120,538.922326
9.756768,-138.451559,536.218542
22.582248,-127.695055,535.731300
34.534746,-114.809296,536.987967
44.692253,-98.003783,539.134117
51.478992,-75.560498,541.247220
52.943473,-48.822880,542.649957
48.515829,-23.800490,543.122914
39.755587,-4.421192,542.953907
25.511470,18.189122,542.875180
12.861136,29.292336,543.861203
-0.212193,39.303476,546.346830
-13.266638,49.321842,550.340552
-25.861387,60.446206,555.289022
-37.384480,74.080605,560.200580
-46.797548,92.083910,563.918158
-52.391942,115.770155,565.452363
-52.389304,142.541936,564.272371
-46.785411,166.237415,560.471388
-37.354154,-175.747624,554.761134
-25.804832,-162.101017,548.294303
-13.178655,-150.962181,542.359569
-0.091533,-140.924144,538.033890
13.010725,-130.883694,535.898369
25.679769,-119.734211,535.911026
37.290886,-106.055445,537.478583
46.782866,-87.956661,539.698269
52.407662,-64.097510,541.681913
52.354339,-37.153476,542.852411
46.649433,-13.403429,543.119585
37.123350,4.584849,542.884728
22.417229,26.136254,543.001900
9.613740,36.851635,544.332041
-3.493642,46.766841,547.216187
-16.477838,56.951905,551.521101
-28.873465,68.553946,556.565264
-39.990144,83.093565,561.285970
-48.634361,102.475568,564.536795
-52.959894,127.404179,565.419442
-51.459473,153.957735,563.549814
-44.708103,176.256504,559.183320
-34.614415,-167.005145,553.164650
-22.720281,-154.144098,546.712461
-9.931270,-143.395435,541.094475
3.198907,-133.455032,537.285516
16.238404,-123.248069,535.715264
28.713227,-111.618118,536.189500
39.918367,-97.025008,538.009865
48.633675,-77.528687,540.246067
52.970653,-52.414129,542.063291
51.401455,-25.711983,542.995893
44.546267,-3.386731,543.083208
34.364521,13.316740,542.829403
19.271132,33.954494,543.202678
6.347916,44.362064,544.902709
-6.767564,54.246698,548.177146
-19.653278,64.668629,552.749801
-31.808038,76.842563,557.821720
-42.445183,92.412481,562.278236
-50.200938,113.240936,565.004815
-53.150786,139.155301,565.211264
-50.194515,165.075092,562.668216
-42.425075,-174.085377,557.790091
-31.765455,-158.503615,551.540818
-19.581434,-146.316647,545.184248
-6.663113,-135.878081,539.945224
6.483869,-125.969651,536.680243
19.431843,-115.525454,535.662505
31.669814,-103.319645,536.553275
42.394239,-87.684793,538.566634
50.210460,-66.721718,540.765783
53.151106,-40.616076,542.386797
50.111289,-14.577588,543.084166
42.238553,6.265377,543.024159
31.498716,21.807472,542.800898
16.082881,41.666315,543.486621
3.070442,51.840565,545.574601
-10.027482,61.759386,549.221917
-22.784343,72.492596,554.011321
-34.650632,85.341089,559.039719
-44.723939,102.067685,563.160737
-51.463800,124.356084,565.312486
-52.958652,150.906806,564.827980
-48.625352,175.843005,561.637888
-39.965198,-164.763527,556.309639
-28.824087,-150.211928,549.910476
-16.398000,-138.596217,543.727756
-3.381015,-128.393120,538.922326
9.756768,-118.451559,536.218542
22.582248,-107.695055,535.731300
34.534746,-94.809296,536.987967
44.692253,-78.003783,539.134117
51.478992,-55.560498,541.247220
52.943473,-28.822880,542.649957
48.515829,-3.800490,543.122914
39.755587,15.578808,542.953907
28.542840,30.088501,542.812037
12.861136,49.292336,543.861203
-0.212193,59.303476,546.346830
-13.266638,69.321842,550.340552
-25.861387,80.446206,555.289022
-37.384480,94.080605,560.200580
-46.797548,112.083910,563.918158
-52.391942,135.770155,565.452363
-52.389304,162.541936,564.272371
-46.785411,-173.762585,560.471388
-37.354154,-155.747624,554.761134
-25.804832,-142.101017,548.294303
-13.178655,-130.962181,542.359569
-0.091533,-120.924144,538.033890
13.010725,-110.883694,535.898369
25.679769,-99.734211,535.911026
37.290886,-86.055445,537.478583
46.782866,-67.956661,539.698269
52.407662,-44.097510,541.681913
52.354339,-17.153476,542.852411
46.649433,6.596571,543.119585
37.123350,24.584849,542.884728
25.511470,38.189122,542.875180
9.613740,56.851635,544.332041
-3.493642,66.766841,547.216187
-16.477838,76.951905,551.521101
-28.873465,88.553946,556.565264
-39.990144,103.093565,561.285970
-48.634361,122.475568,564.536795
-52.959894,147.404179,565.419442
-51.459473,173.957735,563.549814
-44.708103,-163.743496,559.183320
-34.614415,-147.005145,553.164650
-22.720281,-134.144098,546.712461
-9.931270,-123.395435,541.094475
3.198907,-113.455032,537.285516
16.238404,-103.248069,535.715264
28.713227,-91.618118,536.189500
39.918367,-77.025008,538.009865
48.633675,-57.528687,540.246067
52.970653,-32.414129,542.063291
51.401455,-5.711983,542.995893
44.546267,16.613269,543.083208
34.364521,33.316740,542.829403
22.417229,46.136254,543.001900
6.347916,64.362064,544.902709
-6.767564,74.246698,548.177146
-19.653278,84.668629,552.749801
-31.808038,96.842563,557.821720
-42.445183,112.412481,562.278236
-50.200938,133.240936,565.004815
-53.150786,159.155301,565.211264
-50.194515,-174.924908,562.668216
-42.425075,-154.085377,557.790091
-31.765455,-138.503615,551.540818
-19.581434,-126.316647,545.184248
-6.663113,-115.878081,539.945224
6.483869,-105.969651,536.680243
19.431843,-95.525454,535.662505
31.669814,-83.319645,536.553275
42.394239,-67.684793,538.566634
50.210460,-46.721718,540.765783
53.151106,-20.616076,542.386797
50.111289,5.422412,543.084166
42.238553,26.265377,543.024159
31.498716,41.807472,542.800898
19.271132,53.954494,543.202678
3.070442,71.840565,545.574601
-10.027482,81.759386,549.221917
-22.784343,92.492596,554.011321
-34.650632,105.341089,559.039719
-44.723939,122.067685,563.160737
-51.463800,144.356084,565.312486
-52.958652,170.906806,564.827980
-48.625352,-164.156995,561.637888
-39.965198,-144.763527,556.309639
-28.824087,-130.211928,549.910476
-16.398000,-118.596217,543.727756
-3.381015,-108.393120,538.922326
9.756768,-98.451559,536.218542
22.582248,-87.695055,535.731300
34.534746,-74.809296,536.987967
44.692253,-58.003783,539.134117
51.478992,-35.560498,541.247220
52.943473,-8.822880,542.649957
48.515829,16.199510,543.122914
39.755587,35.578808,542.953907
28.542840,50.088501,542.812037
16.082881,61.666315,543.486621
-0.212193,79.303476,546.346830
-13.266638,89.321842,550.340552
-25.861387,100.446206,555.289022
-37.384480,114.080605,560.200580
-46.797548,132.083910,563.918158
-52.391942,155.770155,565.452363
-52.389304,-177.458064,564.272371
-46.785411,-153.762585,560.471388
-37.354154,-135.747624,554.761134
-25.804832,-122.101017,548.294303
-13.178655,-110.962181,542.359569
-0.091533,-100.924144,538.033890
13.010725,-90.883694,535.898369
25.679769,-79.734211,535.911026
37.290886,-66.055445,537.478583
46.782866,-47.956661,539.698269
52.407662,-24.097510,541.681913
52.354339,2.846524,542.852411
46.649433,26.596571,543.119585
37.123350,44.584849,542.884728
25.511470,58.189122,542.875180
12.861136,69.292336,543.861203
-3.493642,86.766841,547.216187
-16.477838,96.951905,551.521101
-28.873465,108.553946,556.565264
-39.990144,123.093565,561.285970
-48.634361,142.475568,564.536795
-52.959894,167.404179,565.419442
-51.459473,-166.042265,563.549814
-44.708103,-143.743496,559.183320
-34.614415,-127.005145,553.164650
-22.720281,-114.144098,546.712461
-9.931270,-103.395435,541.094475
3.198907,-93.455032,537.285516
16.238404,-83.248069,535.715264
28.713227,-71.618118,536.189500
39.918367,-57.025008,538.009865
48.633675,-37.528687,540.246067
52.970653,-12.414129,542.063291
51.401455,14.288017,542.995893
44.546267,36.613269,543.083208
34.364521,53.316740,542.829403
22.417229,66.136254,543.001900
9.613740,76.851635,544.332041
-6.767564,94.246698,548.177146
-19.653278,104.668629,552.749801
-31.808038,116.842563,557.821720
-42.445183,132.412481,562.278236
-50.200938,153.240936,565.004815
-53.150786,179.155301,565.211264
-50.194515,-154.924908,562.668216
-42.425075,-134.085377,557.790091
-31.765455,-118.503615,551.540818
-19.581434,-106.316647,545.184248
-6.663113,-95.878081,539.945224
6.483869,-85.969651,536.680243
19.431843,-75.525454,535.662505
31.669814,-63.319645,536.553275
42.394239,-47.684793,538.566634
50.210460,-26.721718,540.765783
53.151106,-0.616076,542.386797
50.111289,25.422412,543.084166
42.238553,46.265377,543.024159
31.498716,61.807472,542.800898
19.271132,73.954494,543.202678
6.347916,84.362064,544.902709
-10.027482,101.759386,549.221917
-22.784343,112.492596,554.011321
-34.650632,125.341089,559.039719
-44.723939,142.067685,563.160737
-51.463800,164.356084,565.312486
-52.958652,-169.093194,564.827980
-48.625352,-144.156995,561.637888
-39.965198,-124.763527,556.309639
-28.824087,-110.211928,549.910476
-16.398000,-98.596217,543.727756
-3.381015,-88.393120,538.922326
9.756768,-78.451559,536.218542
22.582248,-67.695055,535.731300
34.534746,-54.809296,536.987967
44.692253,-38.003783,539.134117
51.478992,-15.560498,541.247220
52.943473,11.177120,542.649957
48.515829,36.199510,543.122914
39.755587,55.578808,542.953907
28.542840,70.088501,542.812037
16.082881,81.666315,543.486621
3.070442,91.840565,545.574601
-13.266638,109.321842,550.340552
-25.861387,120.446206,555.289022
-37.384480,134.080605,560.200580
-46.797548,152.083910,563.918158
-52.391942,175.770155,565.452363
-52.389304,-157.458064,564.272371
-46.785411,-133.762585,560.471388
-37.354154,-115.747624,554.761134
-25.804832,-102.101017,548.294303
-13.178655,-90.962181,542.359569
-0.091533,-80.924144,538.033890
13.010725,-70.883694,535.898369
25.679769,-59.734211,535.911026
37.290886,-46.055445,537.478583
46.782866,-27.956661,539.698269
52.407662,-4.097510,541.681913
52.354339,22.846524,542.852411
46.649433,46.596571,543.119585
37.123350,64.584849,542.884728
25.511470,78.189122,542.875180
12.861136,89.292336,543.861203
-0.212193,99.303476,546.346830
-16.477838,116.951905,551.521101
-28.873465,128.553946,556.565264
-39.990144,143.093565,561.285970
-48.634361,162.475568,564.536795
-52.959894,-172.595821,565.419442
-51.459473,-146.042265,563.549814
-44.708103,-123.743496,559.183320
-34.614415,-107.005145,553.164650
-22.720281,-94.144098,546.712461
-9.931270,-83.395435,541.094475
3.198907,-73.455032,537.285516
16.238404,-63.248069,535.715264
28.713227,-51.618118,536.189500
39.918367,-37.025008,538.009865
48.633675,-17.528687,540.246067
52.970653,7.585871,542.063291
51.401455,34.288017,542.995893
44.546267,56.613269,543.083208
34.364521,73.316740,542.829403
22.417229,86.136254,543.001900
9.613740,96.851635,544.332041
-3.493642,106.766841,547.216187
-19.653278,124.668629,552.749801
-31.808038,136.842563,557.821720
-42.445183,152.412481,562.278236
-50.200938,173.240936,565.004815
-53.150786,-160.844699,565.211264
-50.194515,-134.924908,562.668216
-42.425075,-114.085377,557.790091
-31.765455,-98.503615,551.540818
-19.581434,-86.316647,545.184248
-6.663113,-75.878081,539.945224
6.483869,-65.969651,536.680243
19.431843,-55.525454,535.662505
31.669814,-43.319645,536.553275
42.394239,-27.684793,538.566634
50.210460,-6.721718,540.765783
53.151106,19.383924,542.386797
50.111289,45.422412,543.084166
42.238553,66.265377,543.024159
31.498716,81.807472,542.800898
19.271132,93.954494,543.202678
6.347916,104.362064,544.902709
-6.767564,114.246698,548.177146
-22.784343,132.492596,554.011321
-34.650632,145.341089,559.039719
-44.723939,162.067685,563.160737
-51.463800,-175.643916,565.312486
-52.958652,-149.093194,564.827980
-48.625352,-124.156995,561.637888
-39.965198,-104.763527,556.309639
-28.824087,-90.211928,549.910476
-16.398000,-78.596217,543.727756
-3.381015,-68.393120,538.922326
9.756768,-58.451559,536.218542
22.582248,-47.695055,535.731300
34.534746,-34.809296,536.987967
44.692253,-18.003783,539.134117
51.478992,4.439502,541.247220
52.943473,31.177120,542.649957
48.515829,56.199510,543.122914
39.755587,75.578808,542.953907
28.542840,90.088501,542.812037
16.082881,101.666315,543.486621
3.070442,111.840565,545.574601
-10.027482,121.759386,549.221917
-25.861387,140.446206,555.289022
-37.384480,154.080605,560.200580
-46.797548,172.083910,563.918158
-52.391942,-164.229845,565.452363
-52.389304,-137.458064,564.272371
-46.785411,-113.762585,560.471388
-37.354154,-95.747624,554.761134
-25.804832,-82.101017,548.294303
-13.178655,-70.962181,542.359569
-0.091533,-60.924144,538.033890
13.010725,-50.883694,535.898369
25.679769,-39.734211,535.911026
37.290886,-26.055445,537.478583
46.782866,-7.956661,539.698269
52.407662,15.902490,541.681913
52.354339,42.846524,542.852411
46.649433,66.596571,543.119585
37.123350,84.584849,542.884728
25.511470,98.189122,542.875180
12.861136,109.292336,543.861203
-0.212193,119.303476,546.346830
-13.266638,129.321842,550.340552
-28.873465,148.553946,556.565264
-39.990144,163.093565,561.285970
-48.634361,-177.524432,564.536795
-52.959894,-152.595821,565.419442
-51.459473,-126.042265,563.549814
-44.708103,-103.743496,559.183320
-34.614415,-87.005145,553.164650
-22.720281,-74.144098,546.712461
-9.931270,-63.395435,541.094475
3.198907,-53.455032,537.285516
16.238404,-43.248069,535.715264
28.713227,-31.618118,536.189500
39.918367,-17.025008,538.009865
48.633675,2.471313,540.246067
52.970653,27.585871,542.063291
51.401455,54.288017,542.995893
44.546267,76.613269,543.083208
34.364521,93.316740,542.829403
22.417229,106.136254,543.001900
9.613740,116.851635,544.332041
-3.493642,126.766841,547.216187
-16.477838,136.951905,551.521101
-31.808038,156.842563,557.821720
-42.445183,172.412481,562.278236
-50.200938,-166.759064,565.004815
-53.150786,-140.844699,565.211264
-50.194515,-114.924908,562.668216
-42.425075,-94.085377,557.790091
-31.765455,-78.503615,551.540818
-19.581434,-66.316647,545.184248
-6.663113,-55.878081,539.945224
6.483869,-45.969651,536.680243
19.431843,-35.525454,535.662505
31.669814,-23.319645,536.553275
42.394239,-7.684793,538.566634
50.210460,13.278282,540.765783
53.151106,39.383924,542.386797
50.111289,65.422412,543.084166
42.238553,86.265377,543.024159
31.498716,101.807472,542.800898
19.271132,113.954494,543.202678
6.347916,124.362064,544.902709
-6.767564,134.246698,548.177146
-19.653278,144.668629,552.749801
-34.650632,165.341089,559.039719
-44.723939,-177.932315,563.160737
-51.463800,-155.643916,565.312486
-52.958652,-129.093194,564.827980
-48.625352,-104.156995,561.637888
-39.965198,-84.763527,556.309639
-28.824087,-70.211928,549.910476
-16.398000,-58.596217,543.727756
-3.381015,-48.393120,538.922326
9.756768,-38.451559,536.218542
22.582248,-27.695055,535.731300
34.534746,-14.809296,536.987967
44.692253,1.996217,539.134117
51.478992,24.439502,541.247220
52.943473,51.177120,542.649957
48.515829,76.199510,543.122914
39.755587,95.578808,542.953907
28.542840,110.088501,542.812037
16.082881,121.666315,543.486621
3.070442,131.840565,545.574601
-10.027482,141.759386,549.221917
-22.784343,152.492596,554.011321
-37.384480,174.080605,560.200580
-46.797548,-167.916090,563.918158
-52.391942,-144.229845,565.452363
-52.389304,-117.458064,564.272371
-46.785411,-93.762585,560.471388
-37.354154,-75.747624,554.761134
-25.804832,-62.101017,548.294303
-13.178655,-50.962181,542.359569
-0.091533,-40.924144,538.033890
13.010725,-30.883694,535.898369
25.679769,-19.734211,535.911026
37.290886,-6.055445,537.478583
46.782866,12.043339,539.698269
52.407662,35.902490,541.681913
52.354339,62.846524,542.852411
46.649433,86.596571,543.119585
37.123350,104.584849,542.884728
25.511470,118.189122,542.875180
12.861136,129.292336,543.861203
-0.212193,139.303476,546.346830
-13.266638,149.321842,550.340552
-25.861387,160.446206,555.289022
-39.990144,-176.906435,561.285970
-48.634361,-157.524432,564.536795
-52.959894,-132.595821,565.419442
-51.459473,-106.042265,563.549814
-44.708103,-83.743496,559.183320
-34.614415,-67.005145,553.164650
-22.720281,-54.144098,546.712461
-9.931270,-43.395435,541.094475
3.198907,-33.455032,537.285516
16.238404,-23.248069,535.715264
28.713227,-11.618118,536.189500
39.918367,2.974992,538.009865
48.633675,22.471313,540.246067
52.970653,47.585871,542.063291
51.401455,74.288017,542.995893
44.546267,96.613269,543.083208
34.364521,113.316740,542.829403
22.417229,126.136254,543.001900
9.613740,136.851635,544.332041
-3.493642,146.766841,547.216187
-16.477838,156.951905,551.521101
-28.873465,168.553946,556.565264
-42.445183,-167.587519,562.278236
-50.200938,-146.759064,565.004815
-53.150786,-120.844699,565.211264
-50.194515,-94.924908,562.668216
-42.425075,-74.085377,557.790091
-31.765455,-58.503615,551.540818
-19.581434,-46.316647,545.184248
-6.663113,-35.878081,539.945224
6.483869,-25.969651,536.680243
19.431843,-15.525454,535.662505
31.669814,-3.319645,536.553275
42.394239,12.315207,538.566634
50.210460,33.278282,540.765783
53.151106,59.383924,542.386797
50.111289,85.422412,543.084166
42.238553,106.265377,543.024159
31.498716,121.807472,542.800898
19.271132,133.954494,543.202678
6.347916,144.362064,544.902709
-6.767564,154.246698,548.177146
-19.653278,164.668629,552.749801
-31.808038,176.842563,557.821720
-44.723939,-157.932315,563.160737
-51.463800,-135.643916,565.312486
-52.958652,-109.093194,564.827980
-48.625352,-84.156995,561.637888
-39.965198,-64.763527,556.309639
-28.824087,-50.211928,549.910476
-16.398000,-38.596217,543.727756
-3.381015,-28.393120,538.922326
9.756768,-18.451559,536.218542
22.582248,-7.695055,535.731300
34.534746,5.190704,536.987967
44.692253,21.996217,539.134117
51.478992,44.439502,541.247220
52.943473,71.177120,542.649957
48.515829,96.199510,543.122914
39.755587,115.578808,542.953907
28.542840,130.088501,542.812037
16.082881,141.666315,543.486621
3.070442,151.840565,545.574601
-10.027482,161.759386,549.221917
-22.784343,172.492596,554.011321
-34.650632,-174.658911,559.039719
-46.797548,-147.916090,563.918158
-52.391942,-124.229845,565.452363
-52.389304,-97.458064,564.272371
-46.785411,-73.762585,560.471388
-37.354154,-55.747624,554.761134
-25.804832,-42.101017,548.294303
-13.178655,-30.962181,542.359569
-0.091533,-20.924144,538.033890
13.010725,-10.883694,535.898369
25.679769,0.265789,535.911026
37.290886,13.944555,537.478583
46.782866,32.043339,539.698269
52.407662,55.902490,541.681913
52.354339,82.846524,542.852411
46.649433,106.596571,543.119585
37.123350,124.584849,542.884728
25.511470,138.189122,542.875180
12.861136,149.292336,543.861203
-0.212193,159.303476,546.346830
-13.266638,169.321842,550.340552
-25.861387,-179.553794,555.289022
-37.384480,-165.919395,560.200580
-48.634361,-137.524432,564.536795
-52.959894,-112.595821,565.419442
-51.459473,-86.042265,563.549814
-44.708103,-63.743496,559.183320
-34.614415,-47.005145,553.164650
-22.720281,-34.144098,546.712461
-9.931270,-23.395435,541.094475
3.198907,-13.455032,537.285516
16.238404,-3.248069,535.715264
28.713227,8.381882,536.189500
39.918367,22.974992,538.009865
48.633675,42.471313,540.246067
52.970653,67.585871,542.063291
51.401455,94.288017,542.995893
44.546267,116.613269,543.083208
34.364521,133.316740,542.829403
22.417229,146.136254,543.001900
9.613740,156.851635,544.332041
-3.493642,166.766841,547.216187
-16.477838,176.951905,551.521101
-28.873465,-171.446054,556.565264
-39.990144,-156.906435,561.285970
-50.200938,-126.759064,565.004815
-53.150786,-100.844699,565.211264
-50.194515,-74.924908,562.668216
-42.425075,-54.085377,557.790091
-31.765455,-38.503615,551.540818
-19.581434,-26.316647,545.184248
-6.663113,-15.878081,539.945224
6.483869,-5.969651,536.680243
19.431843,4.474546,535.662505
31.669814,16.680355,536.553275
42.394239,32.315207,538.566634
50.210460,53.278282,540.765783
53.151106,79.383924,542.386797
50.111289,105.422412,543.084166
42.238553,126.265377,543.024159
31.498716,141.807472,542.800898
19.271132,153.954494,543.202678
6.347916,164.362064,544.902709
-6.767564,174.246698,548.177146
-19.653278,-175.331371,552.749801
-31.808038,-163.157437,557.821720
-42.445183,-147.587519,562.278236
-51.463800,-115.643916,565.312486
-52.958652,-89.093194,564.827980
-48.625352,-64.156995,561.637888
-39.965198,-44.763527,556.309639
-28.824087,-30.211928,549.910476
-16.398000,-18.596217,543.727756
-3.381015,-8.393120,538.922326
9.756768,1.548441,536.218542
22.582248,12.304945,535.731300
34.534746,25.190704,536.987967
44.692253,41.996217,539.134117
51.478992,64.439502,541.247220
52.943473,91.177120,542.649957
48.515829,116.199510,543.122914
39.755587,135.578808,542.953907
28.542840,150.088501,542.812037
16.082881,161.666315,543.486621
3.070442,171.840565,545.574601
-10.027482,-178.240614,549.221917
-22.784343,-167.507404,554.011321
-34.650632,-154.658911,559.039719
-44.723939,-137.932315,563.160737
-52.391942,-104.229845,565.452363
-52.389304,-77.458064,564.272371
-46.785411,-53.762585,560.471388
-37.354154,-35.747624,554.761134
-25.804832,-22.101017,548.294303
-13.178655,-10.962181,542.359569
-0.091533,-0.924144,538.033890
13.010725,9.116306,535.898369
25.679769,20.265789,535.911026
37.290886,33.944555,537.478583
46.782866,52.043339,539.698269
52.407662,75.902490,541.681913
52.354339,102.846524,542.852411
46.649433,126.596571,543.119585
37.123350,144.584849,542.884728
25.511470,158.189122,542.875180
12.861136,169.292336,543.861203
-0.212193,179.303476,546.346830
-13.266638,-170.678158,550.340552
-25.861387,-159.553794,555.289022
-37.384480,-145.919395,560.200580
-46.797548,-127.916090,563.918158
-52.959894,-92.595821,565.419442
-51.459473,-66.042265,563.549814
-44.708103,-43.743496,559.183320
-34.614415,-27.005145,553.164650
-22.720281,-14.144098,546.712461
-9.931270,-3.395435,541.094475
3.198907,6.544968,537.285516
16.238404,16.751931,535.715264
28.713227,28.381882,536.189500
39.918367,42.974992,538.009865
48.633675,62.471313,540.246067
52.970653,87.585871,542.063291
51.401455,114.288017,542.995893
44.546267,136.613269,543.083208
34.364521,153.316740,542.829403
22.417229,166.136254,543.001900
9.613740,176.851635,544.332041
-3.493642,-173.233159,547.216187
-16.477838,-163.048095,551.521101
-28.873465,-151.446054,556.565264
-39.990144,-136.906435,561.285970
-48.634361,-117.524432,564.536795
-53.150786,-80.844699,565.211264
-50.194515,-54.924908,562.668216
-42.425075,-34.085377,557.790091
-31.765455,-18.503615,551.540818
-19.581434,-6.316647,545.184248
-6.663113,4.121919,539.945224
6.483869,14.030349,536.680243
19.431843,24.474546,535.662505
31.669814,36.680355,536.553275
42.394239,52.315207,538.566634
50.210460,73.278282,540.765783
53.151106,99.383924,542.386797
50.111289,125.422412,543.084166
42.238553,146.265377,543.024159
31.498716,161.807472,542.800898
19.271132,173.954494,543.202678
6.347916,-175.637936,544.902709
-6.767564,-165.753302,548.177146
-19.653278,-155.331371,552.749801
-31.808038,-143.157437,557.821720
-42.445183,-127.587519,562.278236
-50.200938,-106.759064,565.004815
-52.958652,-69.093194,564.827980
-48.625352,-44.156995,561.637888
-39.965198,-24.763527,556.309639
-28.824087,-10.211928,549.910476
-16.398000,1.403783,543.727756
-3.381015,11.606880,538.922326
9.756768,21.548441,536.218542
22.582248,32.304945,535.731300
34.534746,45.190704,536.987967
44.692253,61.996217,539.134117
51.478992,84.439502,541.247220
52.943473,111.177120,542.649957
48.515829,136.199510,543.122914
39.755587,155.578808,542.953907
28.542840,170.088501,542.812037
16.082881,-178.333685,543.486621
3.070442,-168.159435,545.574601
-10.027482,-158.240614,549.221917
-22.784343,-147.507404,554.011321
-34.650632,-134.658911,559.039719
-44.723939,-117.932315,563.160737
-51.463800,-95.643916,565.312486
-52.389304,-57.458064,564.272371
-46.785411,-33.762585,560.471388
-37.354154,-15.747624,554.761134
-25.804832,-2.101017,548.294303
-13.178655,9.037819,542.359569
-0.091533,19.075856,538.033890
13.010725,29.116306,535.898369
25.679769,40.265789,535.911026
37.290886,53.944555,537.478583
46.782866,72.043339,539.698269
52.407662,95.902490,541.681913
52.354339,122.846524,542.852411
46.649433,146.596571,543.119585
37.123350,164.584849,542.884728
25.511470,178.189122,542.875180
12.861136,-170.707664,543.861203
-0.212193,-160.696524,546.346830
-13.266638,-150.678158,550.340552
-25.861387,-139.553794,555.289022
-37.384480,-125.919395,560.200580
-46.797548,-107.916090,563.918158
-52.391942,-84.229845,565.452363
-51.459473,-46.042265,563.549814
-44.708103,-23.743496,559.183320
-34.614415,-7.005145,553.164650
-22.720281,5.855902,546.712461
-9.931270,16.604565,541.094475
3.198907,26.544968,537.285516
16.238404,36.751931,535.715264
28.713227,48.381882,536.189500
39.918367,62.974992,538.009865
48.633675,82.471313,540.246067
52.970653,107.585871,542.063291
51.401455,134.288017,542.995893
44.546267,156.613269,543.083208
34.364521,173.316740,542.829403
22.417229,-173.863746,543.001900
9.613740,-163.148365,544.332041
-3.493642,-153.233159,547.216187
-16.477838,-143.048095,551.521101
-28.873465,-131.446054,556.565264
-39.990144,-116.906435,561.285970
-48.634361,-97.524432,564.536795
-52.959894,-72.595821,565.419442
-50.194515,-34.924908,562.668216
-42.425075,-14.085377,557.790091
-31.765455,1.496385,551.540818
-19.581434,13.683353,545.184248
-6.663113,24.121919,539.945224
6.483869,34.030349,536.680243
19.431843,44.474546,535.662505
31.669814,56.680355,536.553275
42.394239,72.315207,538.566634
50.210460,93.278282,540.765783
53.151106,119.383924,542.386797
50.111289,145.422412,543.084166
42.238553,166.265377,543.024159
31.498716,-178.192528,542.800898
19.271132,-166.045506,543.202678
6.347916,-155.637936,544.902709
-6.767564,-145.753302,548.177146
-19.653278,-135.331371,552.749801
-31.808038,-123.157437,557.821720
-42.445183,-107.587519,562.278236
-50.200938,-86.759064,565.004815
-53.150786,-60.844699,565.211264
-48.625352,-24.156995,561.637888
-39.965198,-4.763527,556.309639
-28.824087,9.788072,549.910476
-16.398000,21.403783,543.727756
-3.381015,31.606880,538.922326
9.756768,41.548441,536.218542
22.582248,52.304945,535.731300
34.534746,65.190704,536.987967
44.692253,81.996217,539.134117
51.478992,104.439502,541.247220
52.943473,131.177120,542.649957
48.515829,156.199510,543.122914
39.755587,175.578808,542.953907
28.542840,-169.911499,542.812037
16.082881,-158.333685,543.486621
3.070442,-148.159435,545.574601
-10.027482,-138.240614,549.221917
-22.784343,-127.507404,554.011321
-34.650632,-114.658911,559.039719
-44.723939,-97.932315,563.160737
-51.463800,-75.643916,565.312486
-52.958652,-49.093194,564.827980
-46.785411,-13.762585,560.471388
-37.354154,4.252376,554.761134
-25.804832,17.898983,548.294303
-13.178655,29.037819,542.359569
-0.091533,39.075856,538.033890
13.010725,49.116306,535.898369
25.679769,60.265789,535.911026
37.290886,73.944555,537.478583
46.782866,92.043339,539.698269
52.407662,115.902490,541.681913
52.354339,142.846524,542.852411
46.649433,166.596571,543.119585
37.123350,-175.415151,542.884728
25.511470,-161.810878,542.875180
12.861136,-150.707664,543.861203
-0.212193,-140.696524,546.346830
-13.266638,-130.678158,550.340552
-25.861387,-119.553794,555.289022
-37.384480,-105.919395,560.200580
-46.797548,-87.916090,563.918158
-52.391942,-64.229845,565.452363
-52.389304,-37.458064,564.272371
-44.708103,-3.743496,559.183320
-34.614415,12.994855,553.164650
-22.720281,25.855902,546.712461
-9.931270,36.604565,541.094475
3.198907,46.544968,537.285516
16.238404,56.751931,535.715264
28.713227,68.381882,536.189500
39.918367,82.974992,538.009865
48.633675,102.471313,540.246067
52.970653,127.585871,542.063291
51.401455,154.288017,542.995893
44.546267,176.613269,543.083208
34.364521,-166.683260,542.829403
22.417229,-153.863746,543.001900
9.613740,-143.148365,544.332041
-3.493642,-133.233159,547.216187
-16.477838,-123.048095,551.521101
-28.873465,-111.446054,556.565264
-39.990144,-96.906435,561.285970
-48.634361,-77.524432,564.536795
-52.959894,-52.595821,565.419442
-51.459473,-26.042265,563.549814
-42.425075,5.914623,557.790091
-31.765455,21.496385,551.540818
-19.581434,33.683353,545.184248
-6.663113,44.121919,539.945224
6.483869,54.030349,536.680243
19.431843,64.474546,535.662505
31.669814,76.680355,536.553275
42.394239,92.315207,538.566634
50.210460,113.278282,540.765783
53.151106,139.383924,542.386797
50.111289,165.422412,543.084166
42.238553,-173.734623,543.024159
31.498716,-158.192528,542.800898
19.271132,-146.045506,543.202678
6.347916,-135.637936,544.902709
-6.767564,-125.753302,548.177146
-19.653278,-115.331371,552.749801
-31.808038,-103.157437,557.821720
-42.445183,-87.587519,562.278236
-50.200938,-66.759064,565.004815
-53.150786,-40.844699,565.211264
-50.194515,-14.924908,562.668216
-39.965198,15.236473,556.309639
-28.824087,29.788072,549.910476
-16.398000,41.403783,543.727756
-3.381015,51.606880,538.922326
9.756768,61.548441,536.218542
22.582248,72.304945,535.731300
34.534746,85.190704,536.987967
44.692253,101.996217,539.134117
51.478992,124.439502,541.247220
52.943473,151.177120,542.649957
48.515829,176.199510,543.122914
39.755587,-164.421192,542.953907
28.542840,-149.911499,542.812037
16.082881,-138.333685,543.486621
3.070442,-128.159435,545.574601
-10.027482,-118.240614,549.221917
-22.784343,-107.507404,554.011321
-34.650632,-94.658911,559.039719
-44.723939,-77.932315,563.160737
-51.463800,-55.643916,565.312486
-52.958652,-29.093194,564.827980
-48.625352,-4.156995,561.637888
-37.354154,24.252376,554.761134
-25.804832,37.898983,548.294303
-13.178655,49.037819,542.359569
-0.091533,59.075856,538.033890
13.010725,69.116306,535.898369
25.679769,80.265789,535.911026
37.290886,93.944555,537.478583
46.782866,112.043339,539.698269
52.407662,135.902490,541.681913
52.354339,162.846524,542.852411
46.649433,-173.403429,543.119585
37.123350,-155.415151,542.884728
25.511470,-141.810878,542.875180
12.861136,-130.707664,543.861203
-0.212193,-120.696524,546.346830
-13.266638,-110.678158,550.340552
-25.861387,-99.553794,555.289022
-37.384480,-85.919395,560.200580
-46.797548,-67.916090,563.918158
-52.391942,-44.229845,565.452363
-52.389304,-17.458064,564.272371
-46.785411,6.237415,560.471388
-34.614415,32.994855,553.164650
-22.720281,45.855902,546.712461
-9.931270,56.604565,541.094475
3.198907,66.544968,537.285516
16.238404,76.751931,535.715264
28.713227,88.381882,536.189500
39.918367,102.974992,538.009865
48.633675,122.471313,540.246067
52.970653,147.585871,542.063291
51.401455,174.288017,542.995893
44.546267,-163.386731,543.083208
34.364521,-146.683260,542.829403
22.417229,-133.863746,543.001900
9.613740,-123.148365,544.332041
-3.493642,-113.233159,547.216187
-16.477838,-103.048095,551.521101
-28.873465,-91.446054,556.565264
-39.990144,-76.906435,561.285970
-48.634361,-57.524432,564.536795
-52.959894,-32.595821,565.419442
-51.459473,-6.042265,563.549814
-44.708103,16.256504,559.183320
-31.765455,41.496385,551.540818
-19.581434,53.683353,545.184248
-6.663113,64.121919,539.945224
6.483869,74.030349,536.680243
19.431843,84.474546,535.662505
31.669814,96.680355,536.553275
42.394239,112.315207,538.566634
50.210460,133.278282,540.765783
53.151106,159.383924,542.386797
50.111289,-174.577588,543.084166
42.238553,-153.734623,543.024159
31.498716,-138.192528,542.800898
19.271132,-126.045506,543.202678
6.347916,-115.637936,544.902709
-6.767564,-105.753302,548.177146
-19.653278,-95.331371,552.749801
-31.808038,-83.157437,557.821720
-42.445183,-67.587519,562.278236
-50.200938,-46.759064,565.004815
-53.150786,-20.844699,565.211264
-50.194515,5.075092,562.668216
-42.425075,25.914623,557.790091
-28.824087,49.788072,549.910476
-16.398000,61.403783,543.727756
-3.381015,71.606880,538.922326
9.756768,81.548441,536.218542
22.582248,92.304945,535.731300
34.534746,105.190704,536.987967
44.692253,121.996217,539.134117
51.478992,144.439502,541.247220
52.943473,171.177120,542.649957
48.515829,-163.800490,543.122914
39.755587,-144.421192,542.953907
28.542840,-129.911499,542.812037
16.082881,-118.333685,543.486621
3.070442,-108.159435,545.574601
-10.027482,-98.240614,549.221917
-22.784343,-87.507404,554.011321
-34.650632,-74.658911,559.039719
-44.723939,-57.932315,563.160737
-51.463800,-35.643916,565.312486
-52.958652,-9.093194,564.827980
-48.625352,15.843005,561.637888
-39.965198,35.236473,556.309639
-25.804832,57.898983,548.294303
-13.178655,69.037819,542.359569
-0.091533,79.075856,538.033890
13.010725,89.116306,535.898369
25.679769,100.265789,535.911026
37.290886,113.944555,537.478583
46.782866,132.043339,539.698269
52.407662,155.902490,541.681913
52.354339,-177.153476,542.852411
46.649433,-153.403429,543.119585
37.123350,-135.415151,542.884728
25.511470,-121.810878,542.875180
12.861136,-110.707664,543.861203
-0.212193,-100.696524,546.346830
-13.266638,-90.678158,550.340552
-25.861387,-79.553794,555.289022
-37.384480,-65.919395,560.200580
-46.797548,-47.916090,563.918158
-52.391942,-24.229845,565.452363
-52.389304,2.541936,564.272371
-46.785411,26.237415,560.471388
-37.354154,44.252376,554.761134
-22.720281,65.855902,546.712461
-9.931270,76.604565,541.094475
3.198907,86.544968,537.285516
16.238404,96.751931,535.715264
28.713227,108.381882,536.189500
39.918367,122.974992,538.009865
48.633675,142.471313,540.246067
52.970653,167.585871,542.063291
51.401455,-165.711983,542.995893
44.546267,-143.386731,543.083208
34.364521,-126.683260,542.829403
22.417229,-113.863746,543.001900
9.613740,-103.148365,544.332041
-3.493642,-93.233159,547.216187
-16.477838,-83.048095,551.521101
-28.873465,-71.446054,556.565264
-39.990144,-56.906435,561.285970
-48.634361,-37.524432,564.536795
-52.959894,-12.595821,565.419442
-51.459473,13.957735,563.549814
-44.708103,36.256504,559.183320
-34.614415,52.994855,553.164650
-19.581434,73.683353,545.184248
-6.663113,84.121919,539.945224
6.483869,94.030349,536.680243
19.431843,104.474546,535.662505
31.669814,116.680355,536.553275
42.394239,132.315207,538.566634
50.210460,153.278282,540.765783
53.151106,179.383924,542.386797
50.111289,-154.577588,543.084166
42.238553,-133.734623,543.024159
31.498716,-118.192528,542.800898
19.271132,-106.045506,543.202678
6.347916,-95.637936,544.902709
-6.767564,-85.753302,548.177146
-19.653278,-75.331371,552.749801
-31.808038,-63.157437,557.821720
-42.445183,-47.587519,562.278236
-50.200938,-26.759064,565.004815
-53.150786,-0.844699,565.211264
-50.194515,25.075092,562.668216
-42.425075,45.914623,557.790091
-31.765455,61.496385,551.540818
-16.398000,81.403783,543.727756
-3.381015,91.606880,538.922326
9.756768,101.548441,536.218542
22.582248,112.304945,535.731300
34.534746,125.190704,536.987967
44.692253,141.996217,539.134117
51.478992,164.439502,541.247220
52.943473,-168.822880,542.649957
48.515829,-143.800490,543.122914
39.755587,-124.421192,542.953907
28.542840,-109.911499,542.812037
16.082881,-98.333685,543.486621
3.070442,-88.159435,545.574601
-10.027482,-78.240614,549.221917
-22.784343,-67.507404,554.011321
-34.650632,-54.658911,559.039719
-44.723939,-37.932315,563.160737
-51.463800,-15.643916,565.312486
-52.958652,10.906806,564.827980
-48.625352,35.843005,561.637888
-39.965198,55.236473,556.309639
-28.824087,69.788072,549.910476
-13.178655,89.037819,542.359569
-0.091533,99.075856,538.033890
13.010725,109.116306,535.898369
25.679769,120.265789,535.911026
37.290886,133.944555,537.478583
46.782866,152.043339,539.698269
52.407662,175.902490,541.681913
52.354339,-157.153476,542.852411
46.649433,-133.403429,543.119585
37.123350,-115.415151,542.884728
25.511470,-101.810878,542.875180
12.861136,-90.707664,543.861203
-0.212193,-80.696524,546.346830
-13.266638,-70.678158,550.340552
-25.861387,-59.553794,555.289022
-37.384480,-45.919395,560.200580
-46.797548,-27.916090,563.918158
-52.391942,-4.229845,565.452363
-52.389304,22.541936,564.272371
-46.785411,46.237415,560.471388
-37.354154,64.252376,554.761134
-25.804832,77.898983,548.294303
-9.931270,96.604565,541.094475
3.198907,106.544968,537.285516
16.238404,116.751931,535.715264
28.713227,128.381882,536.189500
39.918367,142.974992,538.009865
48.633675,162.471313,540.246067
52.970653,-172.414129,542.063291
51.401455,-145.711983,542.995893
44.546267,-123.386731,543.083208
34.364521,-106.683260,542.829403
22.417229,-93.863746,543.001900
9.613740,-83.148365,544.332041
-3.493642,-73.233159,547.216187
-16.477838,-63.048095,551.521101
-28.873465,-51.446054,556.565264
-39.990144,-36.906435,561.285970
-48.634361,-17.524432,564.536795
-52.959894,7.404179,565.419442
-51.459473,33.957735,563.549814
-44.708103,56.256504,559.183320
-34.614415,72.994855,553.164650
-22.720281,85.855902,546.712461
-6.663113,104.121919,539.945224
6.483869,114.030349,536.680243
19.431843,124.474546,535.662505
31.669814,136.680355,536.553275
42.394239,152.315207,538.566634
50.210460,173.278282,540.765783
53.151106,-160.616076,542.386797
50.111289,-134.577588,543.084166
42.238553,-113.734623,543.024159
31.498716,-98.192528,542.800898
19.271132,-86.045506,543.202678
6.347916,-75.637936,544.902709
-6.767564,-65.753302,548.177146
-19.653278,-55.331371,552.749801
-31.808038,-43.157437,557.821720
-42.445183,-27.587519,562.278236
-50.200938,-6.759064,565.004815
-53.150786,19.155301,565.211264
-50.194515,45.075092,562.668216
-42.425075,65.914623,557.790091
-31.765455,81.496385,551.540818
-19.581434,93.683353,545.184248
-3.381015,111.606880,538.922326
9.756768,121.548441,536.218542
22.582248,132.304945,535.731300
34.534746,145.190704,536.987967
44.692253,161.996217,539.134117
51.478992,-175.560498,541.247220
52.943473,-148.822880,542.649957
48.515829,-123.800490,543.122914
39.755587,-104.421192,542.953907
28.542840,-89.911499,542.812037
16.082881,-78.333685,543.486621
3.070442,-68.159435,545.574601
-10.027482,-58.240614,549.221917
-22.784343,-47.507404,554.011321
-34.650632,-34.658911,559.039719
-44.723939,-17.932315,563.160737
-51.463800,4.356084,565.312486
-52.958652,30.906806,564.827980
-48.625352,55.843005,561.637888
-39.965198,75.236473,556.309639
-28.824087,89.788072,549.910476
-16.398000,101.403783,543.727756
-0.091533,119.075856,538.033890
13.010725,129.116306,535.898369
25.679769,140.265789,535.911026
37.290886,153.944555,537.478583
46.782866,172.043339,539.698269
52.407662,-164.097510,541.681913
52.354339,-137.153476,542.852411
46.649433,-113.403429,543.119585
37.123350,-95.415151,542.884728
25.511470,-81.810878,542.875180
12.861136,-70.707664,543.861203
-0.212193,-60.696524,546.346830
-13.266638,-50.678158,550.340552
-25.861387,-39.553794,555.289022
-37.384480,-25.919395,560.200580
-46.797548,-7.916090,563.918158
-52.391942,15.770155,565.452363
-52.389304,42.541936,564.272371
-46.785411,66.237415,560.471388
-37.354154,84.252376,554.761134
-25.804832,97.898983,548.294303
-13.178655,109.037819,542.359569
3.198907,126.544968,537.285516
16.238404,136.751931,535.715264
28.713227,148.381882,536.189500
39.918367,162.974992,538.009865
48.633675,-177.528687,540.246067
52.970653,-152.414129,542.063291
51.401455,-125.711983,542.995893
44.546267,-103.386731,543.083208
34.364521,-86.683260,542.829403
22.417229,-73.863746,543.001900
9.613740,-63.148365,544.332041
-3.493642,-53.233159,547.216187
-16.477838,-43.048095,551.521101
-28.873465,-31.446054,556.565264
-39.990144,-16.906435,561.285970
-48.634361,2.475568,564.536795
-52.959894,27.404179,565.419442
-51.459473,53.957735,563.549814
-44.708103,76.256504,559.183320
-34.614415,92.994855,553.164650
-22.720281,105.855902,546.712461
-9.931270,116.604565,541.094475
6.483869,134.030349,536.680243
19.431843,144.474546,535.662505
31.669814,156.680355,536.553275
42.394239,172.315207,538.566634
50.210460,-166.721718,540.765783
53.151106,-140.616076,542.386797
50.111289,-114.577588,543.084166
42.238553,-93.734623,543.024159
31.498716,-78.192528,542.800898
19.271132,-66.045506,543.202678
6.347916,-55.637936,544.902709
-6.767564,-45.753302,548.177146
-19.653278,-35.331371,552.749801
-31.808038,-23.157437,557.821720
-42.445183,-7.587519,562.278236
-50.200938,13.240936,565.004815
-53.150786,39.155301,565.211264
-50.194515,65.075092,562.668216
-42.425075,85.914623,557.790091
-31.765455,101.496385,551.540818
-19.581434,113.683353,545.184248
-6.663113,124.121919,539.945224
9.756768,141.548441,536.218542
22.582248,152.304945,535.731300
34.534746,165.190704,536.987967
44.692253,-178.003783,539.134117
51.478992,-155.560498,541.247220
52.943473,-128.822880,542.649957
48.515829,-103.800490,543.122914
39.755587,-84.421192,542.953907
28.542840,-69.911499,542.812037
16.082881,-58.333685,543.486621
3.070442,-48.159435,545.574601
-10.027482,-38.240614,549.221917
-22.784343,-27.507404,554.011321
-34.650632,-14.658911,559.039719
-44.723939,2.067685,563.160737
-51.463800,24.356084,565.312486
-52.958652,50.906806,564.827980
-48.625352,75.843005,561.637888
-39.965198,95.236473,556.309639
-28.824087,109.788072,549.910476
-16.398000,121.403783,543.727756
-3.381015,131.606880,538.922326
13.010725,149.116306,535.898369
25.679769,160.265789,535.911026
37.290886,173.944555,537.478583
46.782866,-167.956661,539.698269
52.407662,-144.097510,541.681913
52.354339,-117.153476,542.852411
46.649433,-93.403429,543.119585
37.123350,-75.415151,542.884728
25.511470,-61.810878,542.875180
12.861136,-50.707664,543.861203
-0.212193,-40.696524,546.346830
-13.266638,-30.678158,550.340552
-25.861387,-19.553794,555.289022
-37.384480,-5.919395,560.200580
-46.797548,12.083910,563.918158
-52.391942,35.770155,565.452363
-52.389304,62.541936,564.272371
-46.785411,86.237415,560.471388
-37.354154,104.252376,554.761134
-25.804832,117.898983,548.294303
-13.178655,129.037819,542.359569
-0.091533,139.075856,538.033890
16.238404,156.751931,535.715264
28.713227,168.381882,536.189500
39.918367,-177.025008,538.009865
48.633675,-157.528687,540.246067
52.970653,-132.414129,542.063291
51.401455,-105.711983,542.995893
44.546267,-83.386731,543.083208
34.364521,-66.683260,542.829403
22.417229,-53.863746,543.001900
9.613740,-43.148365,544.332041
-3.493642,-33.233159,547.216187
-16.477838,-23.048095,551.521101
-28.873465,-11.446054,556.565264
-39.990144,3.093565,561.285970
-48.634361,22.475568,564.536795
-52.959894,47.404179,565.419442
-51.459473,73.957735,563.549814
-44.708103,96.256504,559.183320
-34.614415,112.994855,553.164650
-22.720281,125.855902,546.712461
-9.931270,136.604565,541.094475
3.198907,146.544968,537.285516
19.431843,164.474546,535.662505
31.669814,176.680355,536.553275
42.394239,-167.684793,538.566634
50.210460,-146.721718,540.765783
53.151106,-120.616076,542.386797
50.111289,-94.577588,543.084166
42.238553,-73.734623,543.024159
31.498716,-58.192528,542.800898
19.271132,-46.045506,543.202678
6.347916,-35.637936,544.902709
-6.767564,-25.753302,548.177146
-19.653278,-15.331371,552.749801
-31.808038,-3.157437,557.821720
-42.445183,12.412481,562.278236
-50.200938,33.240936,565.004815
-53.150786,59.155301,565.211264
-50.194515,85.075092,562.668216
-42.425075,105.914623,557.790091
-31.765455,121.496385,551.540818
-19.581434,133.683353,545.184248
-6.663113,144.121919,539.945224
6.483869,154.030349,536.680243
22.582248,172.304945,535.731300
34.534746,-174.809296,536.987967
44.692253,-158.003783,539.134117
51.478992,-135.560498,541.247220
52.943473,-108.822880,542.649957
48.515829,-83.800490,543.122914
39.755587,-64.421192,542.953907
28.542840,-49.911499,542.812037
16.082881,-38.333685,543.486621
3.070442,-28.159435,545.574601
-10.027482,-18.240614,549.221917
-22.784343,-7.507404,554.011321
-34.650632,5.341089,559.039719
-44.723939,22.067685,563.160737
-51.463800,44.356084,565.312486
-52.958652,70.906806,564.827980
-48.625352,95.843005,561.637888
-39.965198,115.236473,556.309639
-28.824087,129.788072,549.910476
-16.398000,141.403783,543.727756
-3.381015,151.606880,538.922326
9.756768,161.548441,536.218542
25.679769,-179.734211,535.911026
37.290886,-166.055445,537.478583
46.782866,-147.956661,539.698269
52.407662,-124.097510,541.681913
52.354339,-97.153476,542.852411
46.649433,-73.403429,543.119585
37.123350,-55.415151,542.884728
25.511470,-41.810878,542.875180
12.861136,-30.707664,543.861203
-0.212193,-20.696524,546.346830
-13.266638,-10.678158,550.340552
-25.861387,0.446206,555.289022
-37.384480,14.080605,560.200580
-46.797548,32.083910,563.918158
-52.391942,55.770155,565.452363
-52.389304,82.541936,564.272371
-46.785411,106.237415,560.471388
-37.354154,124.252376,554.761134
-25.804832,137.898983,548.294303
-13.178655,149.037819,542.359569
-0.091533,159.075856,538.033890
13.010725,169.116306,535.898369
28.713227,-171.618118,536.189500
39.918367,-157.025008,538.009865
48.633675,-137.528687,540.246067
52.970653,-112.414129,542.063291
51.401455,-85.711983,542.995893
44.546267,-63.386731,543.083208
34.364521,-46.683260,542.829403
22.417229,-33.863746,543.001900
9.613740,-23.148365,544.332041
-3.493642,-13.233159,547.216187
-16.477838,-3.048095,551.521101
-28.873465,8.553946,556.565264
-39.990144,23.093565,561.285970
-48.634361,42.475568,564.536795
-52.959894,67.404179,565.419442
-51.459473,93.957735,563.549814
-44.708103,116.256504,559.183320
-34.614415,132.994855,553.164650
-22.720281,145.855902,546.712461
-9.931270,156.604565,541.094475
3.198907,166.544968,537.285516
16.238404,176.751931,535.715264
31.669814,-163.319645,536.553275
42.394239,-147.684793,538.566634
50.210460,-126.721718,540.765783
53.151106,-100.616076,542.386797
50.111289,-74.577588,543.084166
42.238553,-53.734623,543.024159
31.498716,-38.192528,542.800898
19.271132,-26.045506,543.202678
6.347916,-15.637936,544.902709
-6.767564,-5.753302,548.177146
-19.653278,4.668629,552.749801
-31.808038,16.842563,557.821720
-42.445183,32.412481,562.278236
-50.200938,53.240936,565.004815
-53.150786,79.155301,565.211264
-50.194515,105.075092,562.668216
-42.425075,125.914623,557.790091
-31.765455,141.496385,551.540818
-19.581434,153.683353,545.184248
-6.663113,164.121919,539.945224
6.483869,174.030349,536.680243
19.431843,-175.525454,535.662505
34.534746,-154.809296,536.987967
44.692253,-138.003783,539.134117
51.478992,-115.560498,541.247220
52.943473,-88.822880,542.649957
48.515829,-63.800490,543.122914
39.755587,-44.421192,542.953907
28.542840,-29.911499,542.812037
16.082881,-18.333685,543.486621
3.070442,-8.159435,545.574601
-10.027482,1.759386,549.221917
-22.784343,12.492596,554.011321
-34.650632,25.341089,559.039719
-44.723939,42.067685,563.160737
-51.463800,64.356084,565.312486
-52.958652,90.906806,564.827980
-48.625352,115.843005,561.637888
-39.965198,135.236473,556.309639
-28.824087,149.788072,549.910476
-16.398000,161.403783,543.727756
-3.381015,171.606880,538.922326
9.756768,-178.451559,536.218542
22.582248,-167.695055,535.731300
37.290886,-146.055445,537.478583
46.782866,-127.956661,539.698269
52.407662,-104.097510,541.681913
52.354339,-77.153476,542.852411
46.649433,-53.403429,543.119585
37.123350,-35.415151,542.884728
25.511470,-21.810878,542.875180
12.861136,-10.707664,543.861203
-0.212193,-0.696524,546.346830
-13.266638,9.321842,550.340552
-25.861387,20.446206,555.289022
-37.384480,34.080605,560.200580
-46.797548,52.083910,563.918158
-52.391942,75.770155,565.452363
-52.389304,102.541936,564.272371
-46.785411,126.237415,560.471388
-37.354154,144.252376,554.761134
-25.804832,157.898983,548.294303
-13.178655,169.037819,542.359569
-0.091533,179.075856,538.033890
13.010725,-170.883694,535.898369
25.679769,-159.734211,535.911026
39.918367,-137.025008,538.009865
48.633675,-117.528687,540.246067
52.970653,-92.414129,542.063291
51.401455,-65.711983,542.995893
44.546267,-43.386731,543.083208
34.364521,-26.683260,542.829403
22.417229,-13.863746,543.001900
9.613740,-3.148365,544.332041
-3.493642,6.766841,547.216187
-16.477838,16.951905,551.521101
-28.873465,28.553946,556.565264
-39.990144,43.093565,561.285970
-48.634361,62.475568,564.536795
-52.959894,87.404179,565.419442
-51.459473,113.957735,563.549814
-44.708103,136.256504,559.183320
-34.614415,152.994855,553.164650
-22.720281,165.855902,546.712461
-9.931270,176.604565,541.094475
3.198907,-173.455032,537.285516
16.238404,-163.248069,535.715264
28.713227,-151.618118,536.189500
