38.682181,-28.115864,542.924027
27.295788,-13.996263,542.830809
14.752186,-2.626011,543.630026
1.711191,7.472372,545.882061
-11.371907,17.424417,549.676639
-24.065858,28.309580,554.539362
-35.797105,41.469566,559.528442
-45.609373,58.711072,563.490490
-51.890417,81.590940,565.391287
-52.767888,108.286033,564.618790
-47.894251,132.733784,561.170837
-38.900811,151.545760,555.675819
-27.582346,165.707624,549.238630
-15.068594,177.114845,543.149881
-2.019200,-172.758762,538.538004
11.107102,-162.784303,536.069214
23.872109,-151.875198,535.793086
35.690470,-138.675233,537.185280
45.585038,-121.348260,539.368865
51.906475,-98.305624,541.433164
52.744981,-71.428481,542.740850
47.773747,-46.907913,543.125823
35.994946,-19.227419,542.859012
24.236948,-5.962339,542.918936
11.518906,4.970140,544.043914
-1.571719,14.933532,546.695055
-14.600389,25.012645,550.822496
-27.117408,36.323927,555.818671
-38.480388,50.318351,560.660267
-47.588885,68.881818,564.192021
-52.672048,93.107213,565.460086
-52.046657,119.841621,563.993260
-45.952021,142.971909,559.952122
-36.233920,160.444441,554.104974
-24.534619,173.751641,547.634270
-11.836721,-175.281229,541.822698
1.271455,-165.291679,537.707024
14.351097,-155.190621,535.806460
26.944540,-143.853196,536.015240
38.395905,-129.810893,537.694565
47.580403,-111.144392,539.927728
52.686386,-86.739923,541.846437
52.002480,-59.842095,542.918534
45.805228,-36.669405,543.107617
33.189597,-10.599339,542.813218
21.119976,1.928556,543.075132
8.263030,12.507093,544.555797
-4.850825,22.401771,547.603170
-17.797767,32.676208,552.024775
-30.099011,44.503201,557.088996
-41.026573,59.454141,561.709208
-49.317885,79.429595,564.749626
-53.085302,104.803288,565.354755
-50.974565,131.141840,563.203754
-43.785818,152.839046,558.618428
-33.446744,169.083247,552.494645
-21.426328,-178.347911,546.072355
-8.579881,-167.737052,540.604146
4.560412,-157.817798,537.017676
17.565604,-147.521385,535.678254
29.947821,-135.664999,536.330707
40.963567,-120.656128,538.238201
49.321927,-100.558060,540.465210
53.092386,-74.995138,542.204259
50.906308,-48.519814,543.038564
43.613591,-26.806320,543.060511
30.284579,-2.199157,542.799594
17.955308,9.700108,543.309342
4.991579,20.002286,545.168360
-8.119746,29.893216,548.599930
-20.955928,40.434753,553.269033
-32.997369,52.875104,558.331826
-43.411903,68.908881,562.657992
-50.762663,90.344189,565.152316
-53.117613,116.569064,565.073910
-49.579661,142.119044,562.259191
-41.426223,162.354486,557.186832
-30.557614,177.494203,550.865592
-18.267902,-170.567396,544.571724
-5.305140,-160.235135,539.506071
7.841191,-150.320893,536.471932
20.742342,-139.756754,535.676989
32.868368,-127.282487,536.725613
43.369157,-111.178303,538.801137
50.775118,-89.599870,540.970189
53.112092,-63.184284,542.502930
49.485621,-37.528957,543.105515
41.229928,-17.298019,542.995368
27.295788,6.003737,542.830809
14.752186,17.373989,543.630026
1.711191,27.472372,545.882061
-11.371907,37.424417,549.676639
-24.065858,48.309580,554.539362
-35.797105,61.469566,559.528442
-45.609373,78.711072,563.490490
-51.890417,101.590940,565.391287
-52.767888,128.286033,564.618790
-47.894251,152.733784,561.170837
-38.900811,171.545760,555.675819
-27.582346,-174.292376,549.238630
-15.068594,-162.885155,543.149881
-2.019200,-152.758762,538.538004
11.107102,-142.784303,536.069214
23.872109,-131.875198,535.793086
35.690470,-118.675233,537.185280
45.585038,-101.348260,539.368865
51.906475,-78.305624,541.433164
52.744981,-51.428481,542.740850
47.773747,-26.907913,543.125823
38.682181,-8.115864,542.924027
24.236948,14.037661,542.918936
11.518906,24.970140,544.043914
-1.571719,34.933532,546.695055
-14.600389,45.012645,550.822496
-27.117408,56.323927,555.818671
-38.480388,70.318351,560.660267
-47.588885,88.881818,564.192021
-52.672048,113.107213,565.460086
-52.046657,139.841621,563.993260
-45.952021,162.971909,559.952122
-36.233920,-179.555559,554.104974
-24.534619,-166.248359,547.634270
-11.836721,-155.281229,541.822698
1.271455,-145.291679,537.707024
14.351097,-135.190621,535.806460
26.944540,-123.853196,536.015240
38.395905,-109.810893,537.694565
47.580403,-91.144392,539.927728
52.686386,-66.739923,541.846437
52.002480,-39.842095,542.918534
45.805228,-16.669405,543.107617
35.994946,0.772581,542.859012
21.119976,21.928556,543.075132
8.263030,32.507093,544.555797
-4.850825,42.401771,547.603170
-17.797767,52.676208,552.024775
-30.099011,64.503201,557.088996
-41.026573,79.454141,561.709208
-49.317885,99.429595,564.749626
-53.085302,124.803288,565.354755
-50.974565,151.141840,563.203754
-43.785818,172.839046,558.618428
-33.446744,-170.916753,552.494645
-21.426328,-158.347911,546.072355
-8.579881,-147.737052,540.604146
4.560412,-137.817798,537.017676
17.565604,-127.521385,535.678254
29.947821,-115.664999,536.330707
40.963567,-100.656128,538.238201
49.321927,-80.558060,540.465210
53.092386,-54.995138,542.204259
50.906308,-28.519814,543.038564
43.613591,-6.806320,543.060511
33.189597,9.400661,542.813218
17.955308,29.700108,543.309342
4.991579,40.002286,545.168360
-8.119746,49.893216,548.599930
-20.955928,60.434753,553.269033
-32.997369,72.875104,558.331826
-43.411903,88.908881,562.657992
-50.762663,110.344189,565.152316
-53.117613,136.569064,565.073910
-49.579661,162.119044,562.259191
-41.426223,-177.645514,557.186832
-30.557614,-162.505797,550.865592
-18.267902,-150.567396,544.571724
-5.305140,-140.235135,539.506071
7.841191,-130.320893,536.471932
20.742342,-119.756754,535.676989
32.868368,-107.282487,536.725613
43.369157,-91.178303,538.801137
50.775118,-69.599870,540.970189
53.112092,-43.184284,542.502930
49.485621,-17.528957,543.105515
41.229928,2.701981,542.995368
30.284579,17.800843,542.799594
14.752186,37.373989,543.630026
1.711191,47.472372,545.882061
-11.371907,57.424417,549.676639
-24.065858,68.309580,554.539362
-35.797105,81.469566,559.528442
-45.609373,98.711072,563.490490
-51.890417,121.590940,565.391287
-52.767888,148.286033,564.618790
-47.894251,172.733784,561.170837
-38.900811,-168.454240,555.675819
-27.582346,-154.292376,549.238630
-15.068594,-142.885155,543.149881
-2.019200,-132.758762,538.538004
11.107102,-122.784303,536.069214
23.872109,-111.875198,535.793086
35.690470,-98.675233,537.185280
45.585038,-81.348260,539.368865
51.906475,-58.305624,541.433164
52.744981,-31.428481,542.740850
47.773747,-6.907913,543.125823
38.682181,11.884136,542.924027
27.295788,26.003737,542.830809
11.518906,44.970140,544.043914
-1.571719,54.933532,546.695055
-14.600389,65.012645,550.822496
-27.117408,76.323927,555.818671
-38.480388,90.318351,560.660267
-47.588885,108.881818,564.192021
-52.672048,133.107213,565.460086
-52.046657,159.841621,563.993260
-45.952021,-177.028091,559.952122
-36.233920,-159.555559,554.104974
-24.534619,-146.248359,547.634270
-11.836721,-135.281229,541.822698
1.271455,-125.291679,537.707024
14.351097,-115.190621,535.806460
26.944540,-103.853196,536.015240
38.395905,-89.810893,537.694565
47.580403,-71.144392,539.927728
52.686386,-46.739923,541.846437
52.002480,-19.842095,542.918534
45.805228,3.330595,543.107617
35.994946,20.772581,542.859012
24.236948,34.037661,542.918936
8.263030,52.507093,544.555797
-4.850825,62.401771,547.603170
-17.797767,72.676208,552.024775
-30.099011,84.503201,557.088996
-41.026573,99.454141,561.709208
-49.317885,119.429595,564.749626
-53.085302,144.803288,565.354755
-50.974565,171.141840,563.203754
-43.785818,-167.160954,558.618428
-33.446744,-150.916753,552.494645
-21.426328,-138.347911,546.072355
-8.579881,-127.737052,540.604146
4.560412,-117.817798,537.017676
17.565604,-107.521385,535.678254
29.947821,-95.664999,536.330707
40.963567,-80.656128,538.238201
49.321927,-60.558060,540.465210
53.092386,-34.995138,542.204259
50.906308,-8.519814,543.038564
43.613591,13.193680,543.060511
33.189597,29.400661,542.813218
21.119976,41.928556,543.075132
4.991579,60.002286,545.168360
-8.119746,69.893216,548.599930
-20.955928,80.434753,553.269033
-32.997369,92.875104,558.331826
-43.411903,108.908881,562.657992
-50.762663,130.344189,565.152316
-53.117613,156.569064,565.073910
-49.579661,-177.880956,562.259191
-41.426223,-157.645514,557.186832
-30.557614,-142.505797,550.865592
-18.267902,-130.567396,544.571724
-5.305140,-120.235135,539.506071
7.841191,-110.320893,536.471932
20.742342,-99.756754,535.676989
32.868368,-87.282487,536.725613
43.369157,-71.178303,538.801137
50.775118,-49.599870,540.970189
53.112092,-23.184284,542.502930
49.485621,2.471043,543.105515
41.229928,22.701981,542.995368
30.284579,37.800843,542.799594
17.955308,49.700108,543.309342
1.711191,67.472372,545.882061
-11.371907,77.424417,549.676639
-24.065858,88.309580,554.539362
-35.797105,101.469566,559.528442
-45.609373,118.711072,563.490490
-51.890417,141.590940,565.391287
-52.767888,168.286033,564.618790
-47.894251,-167.266216,561.170837
-38.900811,-148.454240,555.675819
-27.582346,-134.292376,549.238630
-15.068594,-122.885155,543.149881
-2.019200,-112.758762,538.538004
11.107102,-102.784303,536.069214
23.872109,-91.875198,535.793086
35.690470,-78.675233,537.185280
45.585038,-61.348260,539.368865
51.906475,-38.305624,541.433164
52.744981,-11.428481,542.740850
47.773747,13.092087,543.125823
38.682181,31.884136,542.924027
27.295788,46.003737,542.830809
14.752186,57.373989,543.630026
-1.571719,74.933532,546.695055
-14.600389,85.012645,550.822496
-27.117408,96.323927,555.818671
-38.480388,110.318351,560.660267
-47.588885,128.881818,564.192021
-52.672048,153.107213,565.460086
-52.046657,179.841621,563.993260
-45.952021,-157.028091,559.952122
-36.233920,-139.555559,554.104974
-24.534619,-126.248359,547.634270
-11.836721,-115.281229,541.822698
1.271455,-105.291679,537.707024
14.351097,-95.190621,535.806460
26.944540,-83.853196,536.015240
38.395905,-69.810893,537.694565
47.580403,-51.144392,539.927728
52.686386,-26.739923,541.846437
52.002480,0.157905,542.918534
45.805228,23.330595,543.107617
35.994946,40.772581,542.859012
24.236948,54.037661,542.918936
11.518906,64.970140,544.043914
-4.850825,82.401771,547.603170
-17.797767,92.676208,552.024775
-30.099011,104.503201,557.088996
-41.026573,119.454141,561.709208
-49.317885,139.429595,564.749626
-53.085302,164.803288,565.354755
-50.974565,-168.858160,563.203754
-43.785818,-147.160954,558.618428
-33.446744,-130.916753,552.494645
-21.426328,-118.347911,546.072355
-8.579881,-107.737052,540.604146
4.560412,-97.817798,537.017676
17.565604,-87.521385,535.678254
29.947821,-75.664999,536.330707
40.963567,-60.656128,538.238201
49.321927,-40.558060,540.465210
53.092386,-14.995138,542.204259
50.906308,11.480186,543.038564
43.613591,33.193680,543.060511
33.189597,49.400661,542.813218
21.119976,61.928556,543.075132
8.263030,72.507093,544.555797
-8.119746,89.893216,548.599930
-20.955928,100.434753,553.269033
-32.997369,112.875104,558.331826
-43.411903,128.908881,562.657992
-50.762663,150.344189,565.152316
-53.117613,176.569064,565.073910
-49.579661,-157.880956,562.259191
-41.426223,-137.645514,557.186832
-30.557614,-122.505797,550.865592
-18.267902,-110.567396,544.571724
-5.305140,-100.235135,539.506071
7.841191,-90.320893,536.471932
20.742342,-79.756754,535.676989
32.868368,-67.282487,536.725613
43.369157,-51.178303,538.801137
50.775118,-29.599870,540.970189
53.112092,-3.184284,542.502930
49.485621,22.471043,543.105515
41.229928,42.701981,542.995368
30.284579,57.800843,542.799594
17.955308,69.700108,543.309342
4.991579,80.002286,545.168360
-11.371907,97.424417,549.676639
-24.065858,108.309580,554.539362
-35.797105,121.469566,559.528442
-45.609373,138.711072,563.490490
-51.890417,161.590940,565.391287
-52.767888,-171.713967,564.618790
-47.894251,-147.266216,561.170837
-38.900811,-128.454240,555.675819
-27.582346,-114.292376,549.238630
-15.068594,-102.885155,543.149881
-2.019200,-92.758762,538.538004
11.107102,-82.784303,536.069214
23.872109,-71.875198,535.793086
35.690470,-58.675233,537.185280
45.585038,-41.348260,539.368865
51.906475,-18.305624,541.433164
52.744981,8.571519,542.740850
47.773747,33.092087,543.125823
38.682181,51.884136,542.924027
27.295788,66.003737,542.830809
14.752186,77.373989,543.630026
1.711191,87.472372,545.882061
-14.600389,105.012645,550.822496
-27.117408,116.323927,555.818671
-38.480388,130.318351,560.660267
-47.588885,148.881818,564.192021
-52.672048,173.107213,565.460086
-52.046657,-160.158379,563.993260
-45.952021,-137.028091,559.952122
-36.233920,-119.555559,554.104974
-24.534619,-106.248359,547.634270
-11.836721,-95.281229,541.822698
1.271455,-85.291679,537.707024
14.351097,-75.190621,535.806460
26.944540,-63.853196,536.015240
38.395905,-49.810893,537.694565
47.580403,-31.144392,539.927728
52.686386,-6.739923,541.846437
52.002480,20.157905,542.918534
45.805228,43.330595,543.107617
35.994946,60.772581,542.859012
24.236948,74.037661,542.918936
11.518906,84.970140,544.043914
-1.571719,94.933532,546.695055
-17.797767,112.676208,552.024775
-30.099011,124.503201,557.088996
-41.026573,139.454141,561.709208
-49.317885,159.429595,564.749626
-53.085302,-175.196712,565.354755
-50.974565,-148.858160,563.203754
-43.785818,-127.160954,558.618428
-33.446744,-110.916753,552.494645
-21.426328,-98.347911,546.072355
-8.579881,-87.737052,540.604146
4.560412,-77.817798,537.017676
17.565604,-67.521385,535.678254
29.947821,-55.664999,536.330707
40.963567,-40.656128,538.238201
49.321927,-20.558060,540.465210
53.092386,5.004862,542.204259
50.906308,31.480186,543.038564
43.613591,53.193680,543.060511
33.189597,69.400661,542.813218
21.119976,81.928556,543.075132
8.263030,92.507093,544.555797
-4.850825,102.401771,547.603170
-20.955928,120.434753,553.269033
-32.997369,132.875104,558.331826
-43.411903,148.908881,562.657992
-50.762663,170.344189,565.152316
-53.117613,-163.430936,565.073910
-49.579661,-137.880956,562.259191
-41.426223,-117.645514,557.186832
-30.557614,-102.505797,550.865592
-18.267902,-90.567396,544.571724
-5.305140,-80.235135,539.506071
7.841191,-70.320893,536.471932
20.742342,-59.756754,535.676989
32.868368,-47.282487,536.725613
43.369157,-31.178303,538.801137
50.775118,-9.599870,540.970189
53.112092,16.815716,542.502930
49.485621,42.471043,543.105515
41.229928,62.701981,542.995368
30.284579,77.800843,542.799594
17.955308,89.700108,543.309342
4.991579,100.002286,545.168360
-8.119746,109.893216,548.599930
-24.065858,128.309580,554.539362
-35.797105,141.469566,559.528442
-45.609373,158.711072,563.490490
-51.890417,-178.409060,565.391287
-52.767888,-151.713967,564.618790
-47.894251,-127.266216,561.170837
-38.900811,-108.454240,555.675819
-27.582346,-94.292376,549.238630
-15.068594,-82.885155,543.149881
-2.019200,-72.758762,538.538004
11.107102,-62.784303,536.069214
23.872109,-51.875198,535.793086
35.690470,-38.675233,537.185280
45.585038,-21.348260,539.368865
51.906475,1.694376,541.433164
52.744981,28.571519,542.740850
47.773747,53.092087,543.125823
38.682181,71.884136,542.924027
27.295788,86.003737,542.830809
14.752186,97.373989,543.630026
1.711191,107.472372,545.882061
-11.371907,117.424417,549.676639
-27.117408,136.323927,555.818671
-38.480388,150.318351,560.660267
-47.588885,168.881818,564.192021
-52.672048,-166.892787,565.460086
-52.046657,-140.158379,563.993260
-45.952021,-117.028091,559.952122
-36.233920,-99.555559,554.104974
-24.534619,-86.248359,547.634270
-11.836721,-75.281229,541.822698
1.271455,-65.291679,537.707024
14.351097,-55.190621,535.806460
26.944540,-43.853196,536.015240
38.395905,-29.810893,537.694565
47.580403,-11.144392,539.927728
52.686386,13.260077,541.846437
52.002480,40.157905,542.918534
45.805228,63.330595,543.107617
35.994946,80.772581,542.859012
24.236948,94.037661,542.918936
11.518906,104.970140,544.043914
-1.571719,114.933532,546.695055
-14.600389,125.012645,550.822496
-30.099011,144.503201,557.088996
-41.026573,159.454141,561.709208
-49.317885,179.429595,564.749626
-53.085302,-155.196712,565.354755
-50.974565,-128.858160,563.203754
-43.785818,-107.160954,558.618428
-33.446744,-90.916753,552.494645
-21.426328,-78.347911,546.072355
-8.579881,-67.737052,540.604146
4.560412,-57.817798,537.017676
17.565604,-47.521385,535.678254
29.947821,-35.664999,536.330707
40.963567,-20.656128,538.238201
49.321927,-0.558060,540.465210
53.092386,25.004862,542.204259
50.906308,51.480186,543.038564
43.613591,73.193680,543.060511
33.189597,89.400661,542.813218
21.119976,101.928556,543.075132
8.263030,112.507093,544.555797
-4.850825,122.401771,547.603170
-17.797767,132.676208,552.024775
-32.997369,152.875104,558.331826
-43.411903,168.908881,562.657992
-50.762663,-169.655811,565.152316
-53.117613,-143.430936,565.073910
-49.579661,-117.880956,562.259191
-41.426223,-97.645514,557.186832
-30.557614,-82.505797,550.865592
-18.267902,-70.567396,544.571724
-5.305140,-60.235135,539.506071
7.841191,-50.320893,536.471932
20.742342,-39.756754,535.676989
32.868368,-27.282487,536.725613
43.369157,-11.178303,538.801137
50.775118,10.400130,540.970189
53.112092,36.815716,542.502930
49.485621,62.471043,543.105515
41.229928,82.701981,542.995368
30.284579,97.800843,542.799594
17.955308,109.700108,543.309342
4.991579,120.002286,545.168360
-8.119746,129.893216,548.599930
-20.955928,140.434753,553.269033
-35.797105,161.469566,559.528442
-45.609373,178.711072,563.490490
-51.890417,-158.409060,565.391287
-52.767888,-131.713967,564.618790
-47.894251,-107.266216,561.170837
-38.900811,-88.454240,555.675819
-27.582346,-74.292376,549.238630
-15.068594,-62.885155,543.149881
-2.019200,-52.758762,538.538004
11.107102,-42.784303,536.069214
23.872109,-31.875198,535.793086
35.690470,-18.675233,537.185280
45.585038,-1.348260,539.368865
51.906475,21.694376,541.433164
52.744981,48.571519,542.740850
47.773747,73.092087,543.125823
38.682181,91.884136,542.924027
27.295788,106.003737,542.830809
14.752186,117.373989,543.630026
1.711191,127.472372,545.882061
-11.371907,137.424417,549.676639
-24.065858,148.309580,554.539362
-38.480388,170.318351,560.660267
-47.588885,-171.118182,564.192021
-52.672048,-146.892787,565.460086
-52.046657,-120.158379,563.993260
-45.952021,-97.028091,559.952122
-36.233920,-79.555559,554.104974
-24.534619,-66.248359,547.634270
-11.836721,-55.281229,541.822698
1.271455,-45.291679,537.707024
14.351097,-35.190621,535.806460
26.944540,-23.853196,536.015240
38.395905,-9.810893,537.694565
47.580403,8.855608,539.927728
52.686386,33.260077,541.846437
52.002480,60.157905,542.918534
45.805228,83.330595,543.107617
35.994946,100.772581,542.859012
24.236948,114.037661,542.918936
11.518906,124.970140,544.043914
-1.571719,134.933532,546.695055
-14.600389,145.012645,550.822496
-27.117408,156.323927,555.818671
-41.026573,179.454141,561.709208
-49.317885,-160.570405,564.749626
-53.085302,-135.196712,565.354755
-50.974565,-108.858160,563.203754
-43.785818,-87.160954,558.618428
-33.446744,-70.916753,552.494645
-21.426328,-58.347911,546.072355
-8.579881,-47.737052,540.604146
4.560412,-37.817798,537.017676
17.565604,-27.521385,535.678254
29.947821,-15.664999,536.330707
40.963567,-0.656128,538.238201
49.321927,19.441940,540.465210
53.092386,45.004862,542.204259
50.906308,71.480186,543.038564
43.613591,93.193680,543.060511
33.189597,109.400661,542.813218
21.119976,121.928556,543.075132
8.263030,132.507093,544.555797
-4.850825,142.401771,547.603170
-17.797767,152.676208,552.024775
-30.099011,164.503201,557.088996
-43.411903,-171.091119,562.657992
-50.762663,-149.655811,565.152316
-53.117613,-123.430936,565.073910
-49.579661,-97.880956,562.259191
-41.426223,-77.645514,557.186832
-30.557614,-62.505797,550.865592
-18.267902,-50.567396,544.571724
-5.305140,-40.235135,539.506071
7.841191,-30.320893,536.471932
20.742342,-19.756754,535.676989
32.868368,-7.282487,536.725613
43.369157,8.821697,538.801137
50.775118,30.400130,540.970189
53.112092,56.815716,542.502930
49.485621,82.471043,543.105515
41.229928,102.701981,542.995368
30.284579,117.800843,542.799594
17.955308,129.700108,543.309342
4.991579,140.002286,545.168360
-8.119746,149.893216,548.599930
-20.955928,160.434753,553.269033
-32.997369,172.875104,558.331826
-45.609373,-161.288928,563.490490
-51.890417,-138.409060,565.391287
-52.767888,-111.713967,564.618790
-47.894251,-87.266216,561.170837
-38.900811,-68.454240,555.675819
-27.582346,-54.292376,549.238630
-15.068594,-42.885155,543.149881
-2.019200,-32.758762,538.538004
11.107102,-22.784303,536.069214
23.872109,-11.875198,535.793086
35.690470,1.324767,537.185280
45.585038,18.651740,539.368865
51.906475,41.694376,541.433164
52.744981,68.571519,542.740850
47.773747,93.092087,543.125823
38.682181,111.884136,542.924027
27.295788,126.003737,542.830809
14.752186,137.373989,543.630026
1.711191,147.472372,545.882061
-11.371907,157.424417,549.676639
-24.065858,168.309580,554.539362
-35.797105,-178.530434,559.528442
-47.588885,-151.118182,564.192021
-52.672048,-126.892787,565.460086
-52.046657,-100.158379,563.993260
-45.952021,-77.028091,559.952122
-36.233920,-59.555559,554.104974
-24.534619,-46.248359,547.634270
-11.836721,-35.281229,541.822698
1.271455,-25.291679,537.707024
14.351097,-15.190621,535.806460
26.944540,-3.853196,536.015240
38.395905,10.189107,537.694565
47.580403,28.855608,539.927728
52.686386,53.260077,541.846437
52.002480,80.157905,542.918534
45.805228,103.330595,543.107617
35.994946,120.772581,542.859012
24.236948,134.037661,542.918936
11.518906,144.970140,544.043914
-1.571719,154.933532,546.695055
-14.600389,165.012645,550.822496
-27.117408,176.323927,555.818671
-38.480388,-169.681649,560.660267
-49.317885,-140.570405,564.749626
-53.085302,-115.196712,565.354755
-50.974565,-88.858160,563.203754
-43.785818,-67.160954,558.618428
-33.446744,-50.916753,552.494645
-21.426328,-38.347911,546.072355
-8.579881,-27.737052,540.604146
4.560412,-17.817798,537.017676
17.565604,-7.521385,535.678254
29.947821,4.335001,536.330707
40.963567,19.343872,538.238201
49.321927,39.441940,540.465210
53.092386,65.004862,542.204259
50.906308,91.480186,543.038564
43.613591,113.193680,543.060511
33.189597,129.400661,542.813218
21.119976,141.928556,543.075132
8.263030,152.507093,544.555797
-4.850825,162.401771,547.603170
-17.797767,172.676208,552.024775
-30.099011,-175.496799,557.088996
-41.026573,-160.545859,561.709208
-50.762663,-129.655811,565.152316
-53.117613,-103.430936,565.073910
-49.579661,-77.880956,562.259191
-41.426223,-57.645514,557.186832
-30.557614,-42.505797,550.865592
-18.267902,-30.567396,544.571724
-5.305140,-20.235135,539.506071
7.841191,-10.320893,536.471932
20.742342,0.243246,535.676989
32.868368,12.717513,536.725613
43.369157,28.821697,538.801137
50.775118,50.400130,540.970189
53.112092,76.815716,542.502930
49.485621,102.471043,543.105515
41.229928,122.701981,542.995368
30.284579,137.800843,542.799594
17.955308,149.700108,543.309342
4.991579,160.002286,545.168360
-8.119746,169.893216,548.599930
-20.955928,-179.565247,553.269033
-32.997369,-167.124896,558.331826
-43.411903,-151.091119,562.657992
-51.890417,-118.409060,565.391287
-52.767888,-91.713967,564.618790
-47.894251,-67.266216,561.170837
-38.900811,-48.454240,555.675819
-27.582346,-34.292376,549.238630
-15.068594,-22.885155,543.149881
-2.019200,-12.758762,538.538004
11.107102,-2.784303,536.069214
23.872109,8.124802,535.793086
35.690470,21.324767,537.185280
45.585038,38.651740,539.368865
51.906475,61.694376,541.433164
52.744981,88.571519,542.740850
47.773747,113.092087,543.125823
38.682181,131.884136,542.924027
27.295788,146.003737,542.830809
14.752186,157.373989,543.630026
1.711191,167.472372,545.882061
-11.371907,177.424417,549.676639
-24.065858,-171.690420,554.539362
-35.797105,-158.530434,559.528442
-45.609373,-141.288928,563.490490
-52.672048,-106.892787,565.460086
-52.046657,-80.158379,563.993260
-45.952021,-57.028091,559.952122
-36.233920,-39.555559,554.104974
-24.534619,-26.248359,547.634270
-11.836721,-15.281229,541.822698
1.271455,-5.291679,537.707024
14.351097,4.809379,535.806460
26.944540,16.146804,536.015240
38.395905,30.189107,537.694565
47.580403,48.855608,539.927728
52.686386,73.260077,541.846437
52.002480,100.157905,542.918534
45.805228,123.330595,543.107617
35.994946,140.772581,542.859012
24.236948,154.037661,542.918936
11.518906,164.970140,544.043914
-1.571719,174.933532,546.695055
-14.600389,-174.987355,550.822496
-27.117408,-163.676073,555.818671
-38.480388,-149.681649,560.660267
-47.588885,-131.118182,564.192021
-53.085302,-95.196712,565.354755
-50.974565,-68.858160,563.203754
-43.785818,-47.160954,558.618428
-33.446744,-30.916753,552.494645
-21.426328,-18.347911,546.072355
-8.579881,-7.737052,540.604146
4.560412,2.182202,537.017676
17.565604,12.478615,535.678254
29.947821,24.335001,536.330707
40.963567,39.343872,538.238201
49.321927,59.441940,540.465210
53.092386,85.004862,542.204259
50.906308,111.480186,543.038564
43.613591,133.193680,543.060511
33.189597,149.400661,542.813218
21.119976,161.928556,543.075132
8.263030,172.507093,544.555797
-4.850825,-177.598229,547.603170
-17.797767,-167.323792,552.024775
-30.099011,-155.496799,557.088996
-41.026573,-140.545859,561.709208
-49.317885,-120.570405,564.749626
-53.117613,-83.430936,565.073910
-49.579661,-57.880956,562.259191
-41.426223,-37.645514,557.186832
-30.557614,-22.505797,550.865592
-18.267902,-10.567396,544.571724
-5.305140,-0.235135,539.506071
7.841191,9.679107,536.471932
20.742342,20.243246,535.676989
32.868368,32.717513,536.725613
43.369157,48.821697,538.801137
50.775118,70.400130,540.970189
53.112092,96.815716,542.502930
49.485621,122.471043,543.105515
41.229928,142.701981,542.995368
30.284579,157.800843,542.799594
17.955308,169.700108,543.309342
4.991579,-179.997714,545.168360
-8.119746,-170.106784,548.599930
-20.955928,-159.565247,553.269033
-32.997369,-147.124896,558.331826
-43.411903,-131.091119,562.657992
-50.762663,-109.655811,565.152316
-52.767888,-71.713967,564.618790
-47.894251,-47.266216,561.170837
-38.900811,-28.454240,555.675819
-27.582346,-14.292376,549.238630
-15.068594,-2.885155,543.149881
-2.019200,7.241238,538.538004
11.107102,17.215697,536.069214
23.872109,28.124802,535.793086
35.690470,41.324767,537.185280
45.585038,58.651740,539.368865
51.906475,81.694376,541.433164
52.744981,108.571519,542.740850
47.773747,133.092087,543.125823
38.682181,151.884136,542.924027
27.295788,166.003737,542.830809
14.752186,177.373989,543.630026
1.711191,-172.527628,545.882061
-11.371907,-162.575583,549.676639
-24.065858,-151.690420,554.539362
-35.797105,-138.530434,559.528442
-45.609373,-121.288928,563.490490
-51.890417,-98.409060,565.391287
-52.046657,-60.158379,563.993260
-45.952021,-37.028091,559.952122
-36.233920,-19.555559,554.104974
-24.534619,-6.248359,547.634270
-11.836721,4.718771,541.822698
1.271455,14.708321,537.707024
14.351097,24.809379,535.806460
26.944540,36.146804,536.015240
38.395905,50.189107,537.694565
47.580403,68.855608,539.927728
52.686386,93.260077,541.846437
52.002480,120.157905,542.918534
45.805228,143.330595,543.107617
35.994946,160.772581,542.859012
24.236948,174.037661,542.918936
11.518906,-175.029860,544.043914
-1.571719,-165.066468,546.695055
-14.600389,-154.987355,550.822496
-27.117408,-143.676073,555.818671
-38.480388,-129.681649,560.660267
-47.588885,-111.118182,564.192021
-52.672048,-86.892787,565.460086
-50.974565,-48.858160,563.203754
-43.785818,-27.160954,558.618428
-33.446744,-10.916753,552.494645
-21.426328,1.652089,546.072355
-8.579881,12.262948,540.604146
4.560412,22.182202,537.017676
17.565604,32.478615,535.678254
29.947821,44.335001,536.330707
40.963567,59.343872,538.238201
49.321927,79.441940,540.465210
53.092386,105.004862,542.204259
50.906308,131.480186,543.038564
43.613591,153.193680,543.060511
33.189597,169.400661,542.813218
21.119976,-178.071444,543.075132
8.263030,-167.492907,544.555797
-4.850825,-157.598229,547.603170
-17.797767,-147.323792,552.024775
-30.099011,-135.496799,557.088996
-41.026573,-120.545859,561.709208
-49.317885,-100.570405,564.749626
-53.085302,-75.196712,565.354755
-49.579661,-37.880956,562.259191
-41.426223,-17.645514,557.186832
-30.557614,-2.505797,550.865592
-18.267902,9.432604,544.571724
-5.305140,19.764865,539.506071
7.841191,29.679107,536.471932
20.742342,40.243246,535.676989
32.868368,52.717513,536.725613
43.369157,68.821697,538.801137
50.775118,90.400130,540.970189
53.112092,116.815716,542.502930
49.485621,142.471043,543.105515
41.229928,162.701981,542.995368
30.284579,177.800843,542.799594
17.955308,-170.299892,543.309342
4.991579,-159.997714,545.168360
-8.119746,-150.106784,548.599930
-20.955928,-139.565247,553.269033
-32.997369,-127.124896,558.331826
-43.411903,-111.091119,562.657992
-50.762663,-89.655811,565.152316
-53.117613,-63.430936,565.073910
-47.894251,-27.266216,561.170837
-38.900811,-8.454240,555.675819
-27.582346,5.707624,549.238630
-15.068594,17.114845,543.149881
-2.019200,27.241238,538.538004
11.107102,37.215697,536.069214
23.872109,48.124802,535.793086
35.690470,61.324767,537.185280
45.585038,78.651740,539.368865
51.906475,101.694376,541.433164
52.744981,128.571519,542.740850
47.773747,153.092087,543.125823
38.682181,171.884136,542.924027
27.295788,-173.996263,542.830809
14.752186,-162.626011,543.630026
1.711191,-152.527628,545.882061
-11.371907,-142.575583,549.676639
-24.065858,-131.690420,554.539362
-35.797105,-118.530434,559.528442
-45.609373,-101.288928,563.490490
-51.890417,-78.409060,565.391287
-52.767888,-51.713967,564.618790
-45.952021,-17.028091,559.952122
-36.233920,0.444441,554.104974
-24.534619,13.751641,547.634270
-11.836721,24.718771,541.822698
1.271455,34.708321,537.707024
14.351097,44.809379,535.806460
26.944540,56.146804,536.015240
38.395905,70.189107,537.694565
47.580403,88.855608,539.927728
52.686386,113.260077,541.846437
52.002480,140.157905,542.918534
45.805228,163.330595,543.107617
35.994946,-179.227419,542.859012
24.236948,-165.962339,542.918936
11.518906,-155.029860,544.043914
-1.571719,-145.066468,546.695055
-14.600389,-134.987355,550.822496
-27.117408,-123.676073,555.818671
-38.480388,-109.681649,560.660267
-47.588885,-91.118182,564.192021
-52.672048,-66.892787,565.460086
-52.046657,-40.158379,563.993260
-43.785818,-7.160954,558.618428
-33.446744,9.083247,552.494645
-21.426328,21.652089,546.072355
-8.579881,32.262948,540.604146
4.560412,42.182202,537.017676
17.565604,52.478615,535.678254
29.947821,64.335001,536.330707
40.963567,79.343872,538.238201
49.321927,99.441940,540.465210
53.092386,125.004862,542.204259
50.906308,151.480186,543.038564
43.613591,173.193680,543.060511
33.189597,-170.599339,542.813218
21.119976,-158.071444,543.075132
8.263030,-147.492907,544.555797
-4.850825,-137.598229,547.603170
-17.797767,-127.323792,552.024775
-30.099011,-115.496799,557.088996
-41.026573,-100.545859,561.709208
-49.317885,-80.570405,564.749626
-53.085302,-55.196712,565.354755
-50.974565,-28.858160,563.203754
-41.426223,2.354486,557.186832
-30.557614,17.494203,550.865592
-18.267902,29.432604,544.571724
-5.305140,39.764865,539.506071
7.841191,49.679107,536.471932
20.742342,60.243246,535.676989
32.868368,72.717513,536.725613
43.369157,88.821697,538.801137
50.775118,110.400130,540.970189
53.112092,136.815716,542.502930
49.485621,162.471043,543.105515
41.229928,-177.298019,542.995368
30.284579,-162.199157,542.799594
17.955308,-150.299892,543.309342
4.991579,-139.997714,545.168360
-8.119746,-130.106784,548.599930
-20.955928,-119.565247,553.269033
-32.997369,-107.124896,558.331826
-43.411903,-91.091119,562.657992
-50.762663,-69.655811,565.152316
-53.117613,-43.430936,565.073910
-49.579661,-17.880956,562.259191
-38.900811,11.545760,555.675819
-27.582346,25.707624,549.238630
-15.068594,37.114845,543.149881
-2.019200,47.241238,538.538004
11.107102,57.215697,536.069214
23.872109,68.124802,535.793086
35.690470,81.324767,537.185280
45.585038,98.651740,539.368865
51.906475,121.694376,541.433164
52.744981,148.571519,542.740850
47.773747,173.092087,543.125823
38.682181,-168.115864,542.924027
27.295788,-153.996263,542.830809
14.752186,-142.626011,543.630026
1.711191,-132.527628,545.882061
-11.371907,-122.575583,549.676639
-24.065858,-111.690420,554.539362
-35.797105,-98.530434,559.528442
-45.609373,-81.288928,563.490490
-51.890417,-58.409060,565.391287
-52.767888,-31.713967,564.618790
-47.894251,-7.266216,561.170837
-36.233920,20.444441,554.104974
-24.534619,33.751641,547.634270
-11.836721,44.718771,541.822698
1.271455,54.708321,537.707024
14.351097,64.809379,535.806460
26.944540,76.146804,536.015240
38.395905,90.189107,537.694565
47.580403,108.855608,539.927728
52.686386,133.260077,541.846437
52.002480,160.157905,542.918534
45.805228,-176.669405,543.107617
35.994946,-159.227419,542.859012
24.236948,-145.962339,542.918936
11.518906,-135.029860,544.043914
-1.571719,-125.066468,546.695055
-14.600389,-114.987355,550.822496
-27.117408,-103.676073,555.818671
-38.480388,-89.681649,560.660267
-47.588885,-71.118182,564.192021
-52.672048,-46.892787,565.460086
-52.046657,-20.158379,563.993260
-45.952021,2.971909,559.952122
-33.446744,29.083247,552.494645
-21.426328,41.652089,546.072355
-8.579881,52.262948,540.604146
4.560412,62.182202,537.017676
17.565604,72.478615,535.678254
29.947821,84.335001,536.330707
40.963567,99.343872,538.238201
49.321927,119.441940,540.465210
53.092386,145.004862,542.204259
50.906308,171.480186,543.038564
43.613591,-166.806320,543.060511
33.189597,-150.599339,542.813218
21.119976,-138.071444,543.075132
8.263030,-127.492907,544.555797
-4.850825,-117.598229,547.603170
-17.797767,-107.323792,552.024775
-30.099011,-95.496799,557.088996
-41.026573,-80.545859,561.709208
-49.317885,-60.570405,564.749626
-53.085302,-35.196712,565.354755
-50.974565,-8.858160,563.203754
-43.785818,12.839046,558.618428
-30.557614,37.494203,550.865592
-18.267902,49.432604,544.571724
-5.305140,59.764865,539.506071
7.841191,69.679107,536.471932
20.742342,80.243246,535.676989
32.868368,92.717513,536.725613
43.369157,108.821697,538.801137
50.775118,130.400130,540.970189
53.112092,156.815716,542.502930
49.485621,-177.528957,543.105515
41.229928,-157.298019,542.995368
30.284579,-142.199157,542.799594
17.955308,-130.299892,543.309342
4.991579,-119.997714,545.168360
-8.119746,-110.106784,548.599930
-20.955928,-99.565247,553.269033
-32.997369,-87.124896,558.331826
-43.411903,-71.091119,562.657992
-50.762663,-49.655811,565.152316
-53.117613,-23.430936,565.073910
-49.579661,2.119044,562.259191
-41.426223,22.354486,557.186832
-27.582346,45.707624,549.238630
-15.068594,57.114845,543.149881
-2.019200,67.241238,538.538004
11.107102,77.215697,536.069214
23.872109,88.124802,535.793086
35.690470,101.324767,537.185280
45.585038,118.651740,539.368865
51.906475,141.694376,541.433164
52.744981,168.571519,542.740850
47.773747,-166.907913,543.125823
38.682181,-148.115864,542.924027
27.295788,-133.996263,542.830809
14.752186,-122.626011,543.630026
1.711191,-112.527628,545.882061
-11.371907,-102.575583,549.676639
-24.065858,-91.690420,554.539362
-35.797105,-78.530434,559.528442
-45.609373,-61.288928,563.490490
-51.890417,-38.409060,565.391287
-52.767888,-11.713967,564.618790
-47.894251,12.733784,561.170837
-38.900811,31.545760,555.675819
-24.534619,53.751641,547.634270
-11.836721,64.718771,541.822698
1.271455,74.708321,537.707024
14.351097,84.809379,535.806460
26.944540,96.146804,536.015240
38.395905,110.189107,537.694565
47.580403,128.855608,539.927728
52.686386,153.260077,541.846437
52.002480,-179.842095,542.918534
45.805228,-156.669405,543.107617
35.994946,-139.227419,542.859012
24.236948,-125.962339,542.918936
11.518906,-115.029860,544.043914
-1.571719,-105.066468,546.695055
-14.600389,-94.987355,550.822496
-27.117408,-83.676073,555.818671
-38.480388,-69.681649,560.660267
-47.588885,-51.118182,564.192021
-52.672048,-26.892787,565.460086
-52.046657,-0.158379,563.993260
-45.952021,22.971909,559.952122
-36.233920,40.444441,554.104974
-21.426328,61.652089,546.072355
-8.579881,72.262948,540.604146
4.560412,82.182202,537.017676
17.565604,92.478615,535.678254
29.947821,104.335001,536.330707
40.963567,119.343872,538.238201
49.321927,139.441940,540.465210
53.092386,165.004862,542.204259
50.906308,-168.519814,543.038564
43.613591,-146.806320,543.060511
33.189597,-130.599339,542.813218
21.119976,-118.071444,543.075132
8.263030,-107.492907,544.555797
-4.850825,-97.598229,547.603170
-17.797767,-87.323792,552.024775
-30.099011,-75.496799,557.088996
-41.026573,-60.545859,561.709208
-49.317885,-40.570405,564.749626
-53.085302,-15.196712,565.354755
-50.974565,11.141840,563.203754
-43.785818,32.839046,558.618428
-33.446744,49.083247,552.494645
-18.267902,69.432604,544.571724
-5.305140,79.764865,539.506071
7.841191,89.679107,536.471932
20.742342,100.243246,535.676989
32.868368,112.717513,536.725613
43.369157,128.821697,538.801137
50.775118,150.400130,540.970189
53.112092,176.815716,542.502930
49.485621,-157.528957,543.105515
41.229928,-137.298019,542.995368
30.284579,-122.199157,542.799594
17.955308,-110.299892,543.309342
4.991579,-99.997714,545.168360
-8.119746,-90.106784,548.599930
-20.955928,-79.565247,553.269033
-32.997369,-67.124896,558.331826
-43.411903,-51.091119,562.657992
-50.762663,-29.655811,565.152316
-53.117613,-3.430936,565.073910
-49.579661,22.119044,562.259191
-41.426223,42.354486,557.186832
-30.557614,57.494203,550.865592
-15.068594,77.114845,543.149881
-2.019200,87.241238,538.538004
11.107102,97.215697,536.069214
23.872109,108.124802,535.793086
35.690470,121.324767,537.185280
45.585038,138.651740,539.368865
51.906475,161.694376,541.433164
52.744981,-171.428481,542.740850
47.773747,-146.907913,543.125823
38.682181,-128.115864,542.924027
27.295788,-113.996263,542.830809
14.752186,-102.626011,543.630026
1.711191,-92.527628,545.882061
-11.371907,-82.575583,549.676639
-24.065858,-71.690420,554.539362
-35.797105,-58.530434,559.528442
-45.609373,-41.288928,563.490490
-51.890417,-18.409060,565.391287
-52.767888,8.286033,564.618790
-47.894251,32.733784,561.170837
-38.900811,51.545760,555.675819
-27.582346,65.707624,549.238630
-11.836721,84.718771,541.822698
1.271455,94.708321,537.707024
14.351097,104.809379,535.806460
26.944540,116.146804,536.015240
38.395905,130.189107,537.694565
47.580403,148.855608,539.927728
52.686386,173.260077,541.846437
52.002480,-159.842095,542.918534
45.805228,-136.669405,543.107617
35.994946,-119.227419,542.859012
24.236948,-105.962339,542.918936
11.518906,-95.029860,544.043914
-1.571719,-85.066468,546.695055
-14.600389,-74.987355,550.822496
-27.117408,-63.676073,555.818671
-38.480388,-49.681649,560.660267
-47.588885,-31.118182,564.192021
-52.672048,-6.892787,565.460086
-52.046657,19.841621,563.993260
-45.952021,42.971909,559.952122
-36.233920,60.444441,554.104974
-24.534619,73.751641,547.634270
-8.579881,92.262948,540.604146
4.560412,102.182202,537.017676
17.565604,112.478615,535.678254
29.947821,124.335001,536.330707
40.963567,139.343872,538.238201
49.321927,159.441940,540.465210
53.092386,-174.995138,542.204259
50.906308,-148.519814,543.038564
43.613591,-126.806320,543.060511
33.189597,-110.599339,542.813218
21.119976,-98.071444,543.075132
8.263030,-87.492907,544.555797
-4.850825,-77.598229,547.603170
-17.797767,-67.323792,552.024775
-30.099011,-55.496799,557.088996
-41.026573,-40.545859,561.709208
-49.317885,-20.570405,564.749626
-53.085302,4.803288,565.354755
-50.974565,31.141840,563.203754
-43.785818,52.839046,558.618428
-33.446744,69.083247,552.494645
-21.426328,81.652089,546.072355
-5.305140,99.764865,539.506071
7.841191,109.679107,536.471932
20.742342,120.243246,535.676989
32.868368,132.717513,536.725613
43.369157,148.821697,538.801137
50.775118,170.400130,540.970189
53.112092,-163.184284,542.502930
49.485621,-137.528957,543.105515
41.229928,-117.298019,542.995368
30.284579,-102.199157,542.799594
17.955308,-90.299892,543.309342
4.991579,-79.997714,545.168360
-8.119746,-70.106784,548.599930
-20.955928,-59.565247,553.269033
-32.997369,-47.124896,558.331826
-43.411903,-31.091119,562.657992
-50.762663,-9.655811,565.152316
-53.117613,16.569064,565.073910
-49.579661,42.119044,562.259191
-41.426223,62.354486,557.186832
-30.557614,77.494203,550.865592
-18.267902,89.432604,544.571724
-2.019200,107.241238,538.538004
11.107102,117.215697,536.069214
23.872109,128.124802,535.793086
35.690470,141.324767,537.185280
45.585038,158.651740,539.368865
51.906475,-178.305624,541.433164
52.744981,-151.428481,542.740850
47.773747,-126.907913,543.125823
38.682181,-108.115864,542.924027
27.295788,-93.996263,542.830809
14.752186,-82.626011,543.630026
1.711191,-72.527628,545.882061
-11.371907,-62.575583,549.676639
-24.065858,-51.690420,554.539362
-35.797105,-38.530434,559.528442
-45.609373,-21.288928,563.490490
-51.890417,1.590940,565.391287
-52.767888,28.286033,564.618790
-47.894251,52.733784,561.170837
-38.900811,71.545760,555.675819
-27.582346,85.707624,549.238630
-15.068594,97.114845,543.149881
1.271455,114.708321,537.707024
14.351097,124.809379,535.806460
26.944540,136.146804,536.015240
38.395905,150.189107,537.694565
47.580403,168.855608,539.927728
52.686386,-166.739923,541.846437
52.002480,-139.842095,542.918534
45.805228,-116.669405,543.107617
35.994946,-99.227419,542.859012
24.236948,-85.962339,542.918936
11.518906,-75.029860,544.043914
-1.571719,-65.066468,546.695055
-14.600389,-54.987355,550.822496
-27.117408,-43.676073,555.818671
-38.480388,-29.681649,560.660267
-47.588885,-11.118182,564.192021
-52.672048,13.107213,565.460086
-52.046657,39.841621,563.993260
-45.952021,62.971909,559.952122
-36.233920,80.444441,554.104974
-24.534619,93.751641,547.634270
-11.836721,104.718771,541.822698
4.560412,122.182202,537.017676
17.565604,132.478615,535.678254
29.947821,144.335001,536.330707
40.963567,159.343872,538.238201
49.321927,179.441940,540.465210
53.092386,-154.995138,542.204259
50.906308,-128.519814,543.038564
43.613591,-106.806320,543.060511
33.189597,-90.599339,542.813218
21.119976,-78.071444,543.075132
8.263030,-67.492907,544.555797
-4.850825,-57.598229,547.603170
-17.797767,-47.323792,552.024775
-30.099011,-35.496799,557.088996
-41.026573,-20.545859,561.709208
-49.317885,-0.570405,564.749626
-53.085302,24.803288,565.354755
-50.974565,51.141840,563.203754
-43.785818,72.839046,558.618428
-33.446744,89.083247,552.494645
-21.426328,101.652089,546.072355
-8.579881,112.262948,540.604146
7.841191,129.679107,536.471932
20.742342,140.243246,535.676989
32.868368,152.717513,536.725613
43.369157,168.821697,538.801137
50.775118,-169.599870,540.970189
53.112092,-143.184284,542.502930
49.485621,-117.528957,543.105515
41.229928,-97.298019,542.995368
30.284579,-82.199157,542.799594
17.955308,-70.299892,543.309342
4.991579,-59.997714,545.168360
-8.119746,-50.106784,548.599930
-20.955928,-39.565247,553.269033
-32.997369,-27.124896,558.331826
-43.411903,-11.091119,562.657992
-50.762663,10.344189,565.152316
-53.117613,36.569064,565.073910
-49.579661,62.119044,562.259191
-41.426223,82.354486,557.186832
-30.557614,97.494203,550.865592
-18.267902,109.432604,544.571724
-5.305140,119.764865,539.506071
11.107102,137.215697,536.069214
23.872109,148.124802,535.793086
35.690470,161.324767,537.185280
45.585038,178.651740,539.368865
51.906475,-158.305624,541.433164
52.744981,-131.428481,542.740850
47.773747,-106.907913,543.125823
38.682181,-88.115864,542.924027
27.295788,-73.996263,542.830809
14.752186,-62.626011,543.630026
1.711191,-52.527628,545.882061
-11.371907,-42.575583,549.676639
-24.065858,-31.690420,554.539362
-35.797105,-18.530434,559.528442
-45.609373,-1.288928,563.490490
-51.890417,21.590940,565.391287
-52.767888,48.286033,564.618790
-47.894251,72.733784,561.170837
-38.900811,91.545760,555.675819
-27.582346,105.707624,549.238630
-15.068594,117.114845,543.149881
-2.019200,127.241238,538.538004
14.351097,144.809379,535.806460
26.944540,156.146804,536.015240
38.395905,170.189107,537.694565
47.580403,-171.144392,539.927728
52.686386,-146.739923,541.846437
52.002480,-119.842095,542.918534
45.805228,-96.669405,543.107617
35.994946,-79.227419,542.859012
24.236948,-65.962339,542.918936
11.518906,-55.029860,544.043914
-1.571719,-45.066468,546.695055
-14.600389,-34.987355,550.822496
-27.117408,-23.676073,555.818671
-38.480388,-9.681649,560.660267
-47.588885,8.881818,564.192021
-52.672048,33.107213,565.460086
-52.046657,59.841621,563.993260
-45.952021,82.971909,559.952122
-36.233920,100.444441,554.104974
-24.534619,113.751641,547.634270
-11.836721,124.718771,541.822698
1.271455,134.708321,537.707024
17.565604,152.478615,535.678254
29.947821,164.335001,536.330707
40.963567,179.343872,538.238201
49.321927,-160.558060,540.465210
53.092386,-134.995138,542.204259
50.906308,-108.519814,543.038564
43.613591,-86.806320,543.060511
33.189597,-70.599339,542.813218
21.119976,-58.071444,543.075132
8.263030,-47.492907,544.555797
-4.850825,-37.598229,547.603170
-17.797767,-27.323792,552.024775
-30.099011,-15.496799,557.088996
-41.026573,-0.545859,561.709208
-49.317885,19.429595,564.749626
-53.085302,44.803288,565.354755
-50.974565,71.141840,563.203754
-43.785818,92.839046,558.618428
-33.446744,109.083247,552.494645
-21.426328,121.652089,546.072355
-8.579881,132.262948,540.604146
4.560412,142.182202,537.017676
20.742342,160.243246,535.676989
32.868368,172.717513,536.725613
43.369157,-171.178303,538.801137
50.775118,-149.599870,540.970189
53.112092,-123.184284,542.502930
49.485621,-97.528957,543.105515
41.229928,-77.298019,542.995368
30.284579,-62.199157,542.799594
17.955308,-50.299892,543.309342
4.991579,-39.997714,545.168360
-8.119746,-30.106784,548.599930
-20.955928,-19.565247,553.269033
-32.997369,-7.124896,558.331826
-43.411903,8.908881,562.657992
-50.762663,30.344189,565.152316
-53.117613,56.569064,565.073910
-49.579661,82.119044,562.259191
-41.426223,102.354486,557.186832
-30.557614,117.494203,550.865592
-18.267902,129.432604,544.571724
-5.305140,139.764865,539.506071
7.841191,149.679107,536.471932
23.872109,168.124802,535.793086
35.690470,-178.675233,537.185280
45.585038,-161.348260,539.368865
51.906475,-138.305624,541.433164
52.744981,-111.428481,542.740850
47.773747,-86.907913,543.125823
38.682181,-68.115864,542.924027
27.295788,-53.996263,542.830809
14.752186,-42.626011,543.630026
1.711191,-32.527628,545.882061
-11.371907,-22.575583,549.676639
-24.065858,-11.690420,554.539362
-35.797105,1.469566,559.528442
-45.609373,18.711072,563.490490
-51.890417,41.590940,565.391287
-52.767888,68.286033,564.618790
-47.894251,92.733784,561.170837
-38.900811,111.545760,555.675819
-27.582346,125.707624,549.238630
-15.068594,137.114845,543.149881
-2.019200,147.241238,538.538004
11.107102,157.215697,536.069214
26.944540,176.146804,536.015240
38.395905,-169.810893,537.694565
47.580403,-151.144392,539.927728
52.686386,-126.739923,541.846437
52.002480,-99.842095,542.918534
45.805228,-76.669405,543.107617
35.994946,-59.227419,542.859012
24.236948,-45.962339,542.918936
11.518906,-35.029860,544.043914
-1.571719,-25.066468,546.695055
-14.600389,-14.987355,550.822496
-27.117408,-3.676073,555.818671
-38.480388,10.318351,560.660267
-47.588885,28.881818,564.192021
-52.672048,53.107213,565.460086
-52.046657,79.841621,563.993260
-45.952021,102.971909,559.952122
-36.233920,120.444441,554.104974
-24.534619,133.751641,547.634270
-11.836721,144.718771,541.822698
1.271455,154.708321,537.707024
14.351097,164.809379,535.806460
29.947821,-175.664999,536.330707
40.963567,-160.656128,538.238201
49.321927,-140.558060,540.465210
53.092386,-114.995138,542.204259
50.906308,-88.519814,543.038564
43.613591,-66.806320,543.060511
33.189597,-50.599339,542.813218
21.119976,-38.071444,543.075132
8.263030,-27.492907,544.555797
-4.850825,-17.598229,547.603170
-17.797767,-7.323792,552.024775
-30.099011,4.503201,557.088996
-41.026573,19.454141,561.709208
-49.317885,39.429595,564.749626
-53.085302,64.803288,565.354755
-50.974565,91.141840,563.203754
-43.785818,112.839046,558.618428
-33.446744,129.083247,552.494645
-21.426328,141.652089,546.072355
-8.579881,152.262948,540.604146
4.560412,162.182202,537.017676
17.565604,172.478615,535.678254
32.868368,-167.282487,536.725613
43.369157,-151.178303,538.801137
50.775118,-129.599870,540.970189
53.112092,-103.184284,542.502930
49.485621,-77.528957,543.105515
41.229928,-57.298019,542.995368
30.284579,-42.199157,542.799594
17.955308,-30.299892,543.309342
4.991579,-19.997714,545.168360
-8.119746,-10.106784,548.599930
-20.955928,0.434753,553.269033
-32.997369,12.875104,558.331826
-43.411903,28.908881,562.657992
-50.762663,50.344189,565.152316
-53.117613,76.569064,565.073910
-49.579661,102.119044,562.259191
-41.426223,122.354486,557.186832
-30.557614,137.494203,550.865592
-18.267902,149.432604,544.571724
-5.305140,159.764865,539.506071
7.841191,169.679107,536.471932
20.742342,-179.756754,535.676989
35.690470,-158.675233,537.185280
45.585038,-141.348260,539.368865
51.906475,-118.305624,541.433164
52.744981,-91.428481,542.740850
47.773747,-66.907913,543.125823
38.682181,-48.115864,542.924027
27.295788,-33.996263,542.830809
14.752186,-22.626011,543.630026
1.711191,-12.527628,545.882061
-11.371907,-2.575583,549.676639
-24.065858,8.309580,554.539362
-35.797105,21.469566,559.528442
-45.609373,38.711072,563.490490
-51.890417,61.590940,565.391287
-52.767888,88.286033,564.618790
-47.894251,112.733784,561.170837
-38.900811,131.545760,555.675819
-27.582346,145.707624,549.238630
-15.068594,157.114845,543.149881
-2.019200,167.241238,538.538004
11.107102,177.215697,536.069214
23.872109,-171.875198,535.793086
38.395905,-149.810893,537.694565
47.580403,-131.144392,539.927728
52.686386,-106.739923,541.846437
52.002480,-79.842095,542.918534
45.805228,-56.669405,543.107617
35.994946,-39.227419,542.859012
24.236948,-25.962339,542.918936
11.518906,-15.029860,544.043914
-1.571719,-5.066468,546.695055
-14.600389,5.012645,550.822496
-27.117408,16.323927,555.818671
-38.480388,30.318351,560.660267
-47.588885,48.881818,564.192021
-52.672048,73.107213,565.460086
-52.046657,99.841621,563.993260
-45.952021,122.971909,559.952122
-36.233920,140.444441,554.104974
-24.534619,153.751641,547.634270
-11.836721,164.718771,541.822698
1.271455,174.708321,537.707024
14.351097,-175.190621,535.806460
26.944540,-163.853196,536.015240
40.963567,-140.656128,538.238201
49.321927,-120.558060,540.465210
53.092386,-94.995138,542.204259
50.906308,-68.519814,543.038564
43.613591,-46.806320,543.060511
33.189597,-30.599339,542.813218
21.119976,-18.071444,543.075132
8.263030,-7.492907,544.555797
-4.850825,2.401771,547.603170
-17.797767,12.676208,552.024775
-30.099011,24.503201,557.088996
-41.026573,39.454141,561.709208
-49.317885,59.429595,564.749626
-53.085302,84.803288,565.354755
-50.974565,111.141840,563.203754
-43.785818,132.839046,558.618428
-33.446744,149.083247,552.494645
-21.426328,161.652089,546.072355
-8.579881,172.262948,540.604146
4.560412,-177.817798,537.017676
17.565604,-167.521385,535.678254
29.947821,-155.664999,536.330707
43.369157,-131.178303,538.801137
50.775118,-109.599870,540.970189
53.112092,-83.184284,542.502930
49.485621,-57.528957,543.105515
41.229928,-37.298019,542.995368
30.284579,-22.199157,542.799594
17.955308,-10.299892,543.309342
4.991579,0.002286,545.168360
-8.119746,9.893216,548.599930
-20.955928,20.434753,553.269033
-32.997369,32.875104,558.331826
-43.411903,48.908881,562.657992
-50.762663,70.344189,565.152316
-53.117613,96.569064,565.073910
-49.579661,122.119044,562.259191
-41.426223,142.354486,557.186832
-30.557614,157.494203,550.865592
-18.267902,169.432604,544.571724
-5.305140,179.764865,539.506071
7.841191,-170.320893,536.471932
20.742342,-159.756754,535.676989
32.868368,-147.282487,536.725613
