38.641871,-28.058186,542.922943
27.249268,-13.952649,542.831699
14.702695,-2.589796,543.635664
1.660732,7.505999,545.893811
-11.421730,17.459494,549.693756
-24.113234,28.350566,554.559002
-35.839280,41.522489,559.546377
-45.641531,58.783493,563.502301
-51.905118,81.685030,565.393647
-52.759572,108.384062,564.610454
-47.866254,132.812928,561.153057
-38.860830,151.603588,555.652079
-27.536015,165.751396,549.213751
-15.019142,177.151184,543.128730
-1.968638,-172.725041,538.524181
11.157151,-162.749143,536.064129
23.919798,-151.834102,535.795730
35.732989,-138.622094,537.192773
45.617460,-121.275371,539.377555
51.921191,-98.210783,541.439908
52.736365,-71.329915,542.744031
47.745342,-46.828723,543.125808
35.952668,-19.173996,542.858125
24.189448,-5.921114,542.920790
11.469011,5.005308,544.051027
-1.622168,14.967147,546.708305
-14.649791,25.048739,550.840582
-27.163800,36.367250,555.838311
-38.520620,50.375437,560.677063
-47.617443,68.960010,564.201713
-52.681234,93.204810,565.459794
-52.032769,119.936375,563.982348
-45.920337,143.045265,559.932454
-36.191937,160.498027,554.080471
-24.487271,173.793017,547.609895
-11.786829,-175.245946,541.803116
1.322040,-165.257976,537.695351
14.400751,-155.154443,535.803490
26.991260,-143.809747,536.019418
38.436474,-129.753543,537.702700
47.609181,-111.065649,539.936181
52.695502,-86.641565,541.852367
51.988240,-59.746936,542.920802
45.773145,-36.596082,543.107081
33.145654,-10.549661,542.812728
21.071667,1.967773,543.078113
8.212844,12.541490,544.564443
-4.901166,22.435620,547.617837
-17.846630,32.713609,552.043620
-30.144229,44.549269,557.108355
-41.064521,59.515893,561.724593
-49.342331,79.513559,564.757015
-53.088699,104.902828,565.351769
-50.955488,131.232067,563.190385
-43.750937,152.906822,558.597122
-33.403063,169.133091,552.469697
-21.378133,-178.308552,546.048782
-8.529662,-167.702548,540.586332
4.610921,-157.783864,537.008202
17.614742,-147.483894,535.677298
29.993376,-135.618782,536.336214
41.001837,-120.594054,538.246746
49.346534,-100.473463,540.473243
53.095629,-74.894870,542.209302
50.886845,-48.429315,543.039977
43.578329,-26.738633,543.059613
30.239234,-2.152737,542.799698
17.906341,9.737665,543.313593
4.941206,20.036172,545.178563
-8.169880,29.927549,548.615898
-21.004120,40.473775,553.288403
-33.041193,52.924361,558.350616
-43.447176,68.975772,562.671708
-50.782478,90.433590,565.157250
-53.115116,116.668754,565.068229
-49.555866,142.203928,562.243522
-41.388592,162.417057,557.164162
-30.512495,177.540787,550.840519
-18.219012,-170.529706,544.549234
-5.254700,-160.201149,539.490189
7.891522,-150.286477,536.464667
20.790830,-139.717634,535.677914
32.912535,-127.233051,536.732228
43.404728,-111.111023,538.809863
50.795027,-89.509766,540.977644
53.109362,-63.083943,542.507045
49.461423,-37.443924,543.106158
41.191940,-17.235577,542.994283
27.249268,6.047351,542.831699
14.702695,17.410204,543.635664
1.660732,27.505999,545.893811
-11.421730,37.459494,549.693756
-24.113234,48.350566,554.559002
-35.839280,61.522489,559.546377
-45.641531,78.783493,563.502301
-51.905118,101.685030,565.393647
-52.759572,128.384062,564.610454
-47.866254,152.812928,561.153057
-38.860830,171.603588,555.652079
-27.536015,-174.248604,549.213751
-15.019142,-162.848816,543.128730
-1.968638,-152.725041,538.524181
11.157151,-142.749143,536.064129
23.919798,-131.834102,535.795730
35.732989,-118.622094,537.192773
45.617460,-101.275371,539.377555
51.921191,-78.210783,541.439908
52.736365,-51.329915,542.744031
47.745342,-26.828723,543.125808
38.641871,-8.058186,542.922943
24.189448,14.078886,542.920790
11.469011,25.005308,544.051027
-1.622168,34.967147,546.708305
-14.649791,45.048739,550.840582
-27.163800,56.367250,555.838311
-38.520620,70.375437,560.677063
-47.617443,88.960010,564.201713
-52.681234,113.204810,565.459794
-52.032769,139.936375,563.982348
-45.920337,163.045265,559.932454
-36.191937,-179.501973,554.080471
-24.487271,-166.206983,547.609895
-11.786829,-155.245946,541.803116
1.322040,-145.257976,537.695351
14.400751,-135.154443,535.803490
26.991260,-123.809747,536.019418
38.436474,-109.753543,537.702700
47.609181,-91.065649,539.936181
52.695502,-66.641565,541.852367
51.988240,-39.746936,542.920802
45.773145,-16.596082,543.107081
35.952668,0.826004,542.858125
21.071667,21.967773,543.078113
8.212844,32.541490,544.564443
-4.901166,42.435620,547.617837
-17.846630,52.713609,552.043620
-30.144229,64.549269,557.108355
-41.064521,79.515893,561.724593
-49.342331,99.513559,564.757015
-53.088699,124.902828,565.351769
-50.955488,151.232067,563.190385
-43.750937,172.906822,558.597122
-33.403063,-170.866909,552.469697
-21.378133,-158.308552,546.048782
-8.529662,-147.702548,540.586332
4.610921,-137.783864,537.008202
17.614742,-127.483894,535.677298
29.993376,-115.618782,536.336214
41.001837,-100.594054,538.246746
49.346534,-80.473463,540.473243
53.095629,-54.894870,542.209302
50.886845,-28.429315,543.039977
43.578329,-6.738633,543.059613
33.145654,9.450339,542.812728
17.906341,29.737665,543.313593
4.941206,40.036172,545.178563
-8.169880,49.927549,548.615898
-21.004120,60.473775,553.288403
-33.041193,72.924361,558.350616
-43.447176,88.975772,562.671708
-50.782478,110.433590,565.157250
-53.115116,136.668754,565.068229
-49.555866,162.203928,562.243522
-41.388592,-177.582943,557.164162
-30.512495,-162.459213,550.840519
-18.219012,-150.529706,544.549234
-5.254700,-140.201149,539.490189
7.891522,-130.286477,536.464667
20.790830,-119.717634,535.677914
32.912535,-107.233051,536.732228
43.404728,-91.111023,538.809863
50.795027,-69.509766,540.977644
53.109362,-43.083943,542.507045
49.461423,-17.443924,543.106158
41.191940,2.764423,542.994283
30.239234,17.847263,542.799698
14.702695,37.410204,543.635664
1.660732,47.505999,545.893811
-11.421730,57.459494,549.693756
-24.113234,68.350566,554.559002
-35.839280,81.522489,559.546377
-45.641531,98.783493,563.502301
-51.905118,121.685030,565.393647
-52.759572,148.384062,564.610454
-47.866254,172.812928,561.153057
-38.860830,-168.396412,555.652079
-27.536015,-154.248604,549.213751
-15.019142,-142.848816,543.128730
-1.968638,-132.725041,538.524181
11.157151,-122.749143,536.064129
23.919798,-111.834102,535.795730
35.732989,-98.622094,537.192773
45.617460,-81.275371,539.377555
51.921191,-58.210783,541.439908
52.736365,-31.329915,542.744031
47.745342,-6.828723,543.125808
38.641871,11.941814,542.922943
27.249268,26.047351,542.831699
11.469011,45.005308,544.051027
-1.622168,54.967147,546.708305
-14.649791,65.048739,550.840582
-27.163800,76.367250,555.838311
-38.520620,90.375437,560.677063
-47.617443,108.960010,564.201713
-52.681234,133.204810,565.459794
-52.032769,159.936375,563.982348
-45.920337,-176.954735,559.932454
-36.191937,-159.501973,554.080471
-24.487271,-146.206983,547.609895
-11.786829,-135.245946,541.803116
1.322040,-125.257976,537.695351
14.400751,-115.154443,535.803490
26.991260,-103.809747,536.019418
38.436474,-89.753543,537.702700
47.609181,-71.065649,539.936181
52.695502,-46.641565,541.852367
51.988240,-19.746936,542.920802
45.773145,3.403918,543.107081
35.952668,20.826004,542.858125
24.189448,34.078886,542.920790
8.212844,52.541490,544.564443
-4.901166,62.435620,547.617837
-17.846630,72.713609,552.043620
-30.144229,84.549269,557.108355
-41.064521,99.515893,561.724593
-49.342331,119.513559,564.757015
-53.088699,144.902828,565.351769
-50.955488,171.232067,563.190385
-43.750937,-167.093178,558.597122
-33.403063,-150.866909,552.469697
-21.378133,-138.308552,546.048782
-8.529662,-127.702548,540.586332
4.610921,-117.783864,537.008202
17.614742,-107.483894,535.677298
29.993376,-95.618782,536.336214
41.001837,-80.594054,538.246746
49.346534,-60.473463,540.473243
53.095629,-34.894870,542.209302
50.886845,-8.429315,543.039977
43.578329,13.261367,543.059613
33.145654,29.450339,542.812728
21.071667,41.967773,543.078113
4.941206,60.036172,545.178563
-8.169880,69.927549,548.615898
-21.004120,80.473775,553.288403
-33.041193,92.924361,558.350616
-43.447176,108.975772,562.671708
-50.782478,130.433590,565.157250
-53.115116,156.668754,565.068229
-49.555866,-177.796072,562.243522
-41.388592,-157.582943,557.164162
-30.512495,-142.459213,550.840519
-18.219012,-130.529706,544.549234
-5.254700,-120.201149,539.490189
7.891522,-110.286477,536.464667
20.790830,-99.717634,535.677914
32.912535,-87.233051,536.732228
43.404728,-71.111023,538.809863
50.795027,-49.509766,540.977644
53.109362,-23.083943,542.507045
49.461423,2.556076,543.106158
41.191940,22.764423,542.994283
30.239234,37.847263,542.799698
17.906341,49.737665,543.313593
1.660732,67.505999,545.893811
-11.421730,77.459494,549.693756
-24.113234,88.350566,554.559002
-35.839280,101.522489,559.546377
-45.641531,118.783493,563.502301
-51.905118,141.685030,565.393647
-52.759572,168.384062,564.610454
-47.866254,-167.187072,561.153057
-38.860830,-148.396412,555.652079
-27.536015,-134.248604,549.213751
-15.019142,-122.848816,543.128730
-1.968638,-112.725041,538.524181
11.157151,-102.749143,536.064129
23.919798,-91.834102,535.795730
35.732989,-78.622094,537.192773
45.617460,-61.275371,539.377555
51.921191,-38.210783,541.439908
52.736365,-11.329915,542.744031
47.745342,13.171277,543.125808
38.641871,31.941814,542.922943
27.249268,46.047351,542.831699
14.702695,57.410204,543.635664
-1.622168,74.967147,546.708305
-14.649791,85.048739,550.840582
-27.163800,96.367250,555.838311
-38.520620,110.375437,560.677063
-47.617443,128.960010,564.201713
-52.681234,153.204810,565.459794
-52.032769,179.936375,563.982348
-45.920337,-156.954735,559.932454
-36.191937,-139.501973,554.080471
-24.487271,-126.206983,547.609895
-11.786829,-115.245946,541.803116
1.322040,-105.257976,537.695351
14.400751,-95.154443,535.803490
26.991260,-83.809747,536.019418
38.436474,-69.753543,537.702700
47.609181,-51.065649,539.936181
52.695502,-26.641565,541.852367
51.988240,0.253064,542.920802
45.773145,23.403918,543.107081
35.952668,40.826004,542.858125
24.189448,54.078886,542.920790
11.469011,65.005308,544.051027
-4.901166,82.435620,547.617837
-17.846630,92.713609,552.043620
-30.144229,104.549269,557.108355
-41.064521,119.515893,561.724593
-49.342331,139.513559,564.757015
-53.088699,164.902828,565.351769
-50.955488,-168.767933,563.190385
-43.750937,-147.093178,558.597122
-33.403063,-130.866909,552.469697
-21.378133,-118.308552,546.048782
-8.529662,-107.702548,540.586332
4.610921,-97.783864,537.008202
17.614742,-87.483894,535.677298
29.993376,-75.618782,536.336214
41.001837,-60.594054,538.246746
49.346534,-40.473463,540.473243
53.095629,-14.894870,542.209302
50.886845,11.570685,543.039977
43.578329,33.261367,543.059613
33.145654,49.450339,542.812728
21.071667,61.967773,543.078113
8.212844,72.541490,544.564443
-8.169880,89.927549,548.615898
-21.004120,100.473775,553.288403
-33.041193,112.924361,558.350616
-43.447176,128.975772,562.671708
-50.782478,150.433590,565.157250
-53.115116,176.668754,565.068229
-49.555866,-157.796072,562.243522
-41.388592,-137.582943,557.164162
-30.512495,-122.459213,550.840519
-18.219012,-110.529706,544.549234
-5.254700,-100.201149,539.490189
7.891522,-90.286477,536.464667
20.790830,-79.717634,535.677914
32.912535,-67.233051,536.732228
43.404728,-51.111023,538.809863
50.795027,-29.509766,540.977644
53.109362,-3.083943,542.507045
49.461423,22.556076,543.106158
41.191940,42.764423,542.994283
30.239234,57.847263,542.799698
17.906341,69.737665,543.313593
4.941206,80.036172,545.178563
-11.421730,97.459494,549.693756
-24.113234,108.350566,554.559002
-35.839280,121.522489,559.546377
-45.641531,138.783493,563.502301
-51.905118,161.685030,565.393647
-52.759572,-171.615938,564.610454
-47.866254,-147.187072,561.153057
-38.860830,-128.396412,555.652079
-27.536015,-114.248604,549.213751
-15.019142,-102.848816,543.128730
-1.968638,-92.725041,538.524181
11.157151,-82.749143,536.064129
23.919798,-71.834102,535.795730
35.732989,-58.622094,537.192773
45.617460,-41.275371,539.377555
51.921191,-18.210783,541.439908
52.736365,8.670085,542.744031
47.745342,33.171277,543.125808
38.641871,51.941814,542.922943
27.249268,66.047351,542.831699
14.702695,77.410204,543.635664
1.660732,87.505999,545.893811
-14.649791,105.048739,550.840582
-27.163800,116.367250,555.838311
-38.520620,130.375437,560.677063
-47.617443,148.960010,564.201713
-52.681234,173.204810,565.459794
-52.032769,-160.063625,563.982348
-45.920337,-136.954735,559.932454
-36.191937,-119.501973,554.080471
-24.487271,-106.206983,547.609895
-11.786829,-95.245946,541.803116
1.322040,-85.257976,537.695351
14.400751,-75.154443,535.803490
26.991260,-63.809747,536.019418
38.436474,-49.753543,537.702700
47.609181,-31.065649,539.936181
52.695502,-6.641565,541.852367
51.988240,20.253064,542.920802
45.773145,43.403918,543.107081
35.952668,60.826004,542.858125
24.189448,74.078886,542.920790
11.469011,85.005308,544.051027
-1.622168,94.967147,546.708305
-17.846630,112.713609,552.043620
-30.144229,124.549269,557.108355
-41.064521,139.515893,561.724593
-49.342331,159.513559,564.757015
-53.088699,-175.097172,565.351769
-50.955488,-148.767933,563.190385
-43.750937,-127.093178,558.597122
-33.403063,-110.866909,552.469697
-21.378133,-98.308552,546.048782
-8.529662,-87.702548,540.586332
4.610921,-77.783864,537.008202
17.614742,-67.483894,535.677298
29.993376,-55.618782,536.336214
41.001837,-40.594054,538.246746
49.346534,-20.473463,540.473243
53.095629,5.105130,542.209302
50.886845,31.570685,543.039977
43.578329,53.261367,543.059613
33.145654,69.450339,542.812728
21.071667,81.967773,543.078113
8.212844,92.541490,544.564443
-4.901166,102.435620,547.617837
-21.004120,120.473775,553.288403
-33.041193,132.924361,558.350616
-43.447176,148.975772,562.671708
-50.782478,170.433590,565.157250
-53.115116,-163.331246,565.068229
-49.555866,-137.796072,562.243522
-41.388592,-117.582943,557.164162
-30.512495,-102.459213,550.840519
-18.219012,-90.529706,544.549234
-5.254700,-80.201149,539.490189
7.891522,-70.286477,536.464667
20.790830,-59.717634,535.677914
32.912535,-47.233051,536.732228
43.404728,-31.111023,538.809863
50.795027,-9.509766,540.977644
53.109362,16.916057,542.507045
49.461423,42.556076,543.106158
41.191940,62.764423,542.994283
30.239234,77.847263,542.799698
17.906341,89.737665,543.313593
4.941206,100.036172,545.178563
-8.169880,109.927549,548.615898
-24.113234,128.350566,554.559002
-35.839280,141.522489,559.546377
-45.641531,158.783493,563.502301
-51.905118,-178.314970,565.393647
-52.759572,-151.615938,564.610454
-47.866254,-127.187072,561.153057
-38.860830,-108.396412,555.652079
-27.536015,-94.248604,549.213751
-15.019142,-82.848816,543.128730
-1.968638,-72.725041,538.524181
11.157151,-62.749143,536.064129
23.919798,-51.834102,535.795730
35.732989,-38.622094,537.192773
45.617460,-21.275371,539.377555
51.921191,1.789217,541.439908
52.736365,28.670085,542.744031
47.745342,53.171277,543.125808
38.641871,71.941814,542.922943
27.249268,86.047351,542.831699
14.702695,97.410204,543.635664
1.660732,107.505999,545.893811
-11.421730,117.459494,549.693756
-27.163800,136.367250,555.838311
-38.520620,150.375437,560.677063
-47.617443,168.960010,564.201713
-52.681234,-166.795190,565.459794
-52.032769,-140.063625,563.982348
-45.920337,-116.954735,559.932454
-36.191937,-99.501973,554.080471
-24.487271,-86.206983,547.609895
-11.786829,-75.245946,541.803116
1.322040,-65.257976,537.695351
14.400751,-55.154443,535.803490
26.991260,-43.809747,536.019418
38.436474,-29.753543,537.702700
47.609181,-11.065649,539.936181
52.695502,13.358435,541.852367
51.988240,40.253064,542.920802
45.773145,63.403918,543.107081
35.952668,80.826004,542.858125
24.189448,94.078886,542.920790
11.469011,105.005308,544.051027
-1.622168,114.967147,546.708305
-14.649791,125.048739,550.840582
-30.144229,144.549269,557.108355
-41.064521,159.515893,561.724593
-49.342331,179.513559,564.757015
-53.088699,-155.097172,565.351769
-50.955488,-128.767933,563.190385
-43.750937,-107.093178,558.597122
-33.403063,-90.866909,552.469697
-21.378133,-78.308552,546.048782
-8.529662,-67.702548,540.586332
4.610921,-57.783864,537.008202
17.614742,-47.483894,535.677298
29.993376,-35.618782,536.336214
41.001837,-20.594054,538.246746
49.346534,-0.473463,540.473243
53.095629,25.105130,542.209302
50.886845,51.570685,543.039977
43.578329,73.261367,543.059613
33.145654,89.450339,542.812728
21.071667,101.967773,543.078113
8.212844,112.541490,544.564443
-4.901166,122.435620,547.617837
-17.846630,132.713609,552.043620
-33.041193,152.924361,558.350616
-43.447176,168.975772,562.671708
-50.782478,-169.566410,565.157250
-53.115116,-143.331246,565.068229
-49.555866,-117.796072,562.243522
-41.388592,-97.582943,557.164162
-30.512495,-82.459213,550.840519
-18.219012,-70.529706,544.549234
-5.254700,-60.201149,539.490189
7.891522,-50.286477,536.464667
20.790830,-39.717634,535.677914
32.912535,-27.233051,536.732228
43.404728,-11.111023,538.809863
50.795027,10.490234,540.977644
53.109362,36.916057,542.507045
49.461423,62.556076,543.106158
41.191940,82.764423,542.994283
30.239234,97.847263,542.799698
17.906341,109.737665,543.313593
4.941206,120.036172,545.178563
-8.169880,129.927549,548.615898
-21.004120,140.473775,553.288403
-35.839280,161.522489,559.546377
-45.641531,178.783493,563.502301
-51.905118,-158.314970,565.393647
-52.759572,-131.615938,564.610454
-47.866254,-107.187072,561.153057
-38.860830,-88.396412,555.652079
-27.536015,-74.248604,549.213751
-15.019142,-62.848816,543.128730
-1.968638,-52.725041,538.524181
11.157151,-42.749143,536.064129
23.919798,-31.834102,535.795730
35.732989,-18.622094,537.192773
45.617460,-1.275371,539.377555
51.921191,21.789217,541.439908
52.736365,48.670085,542.744031
47.745342,73.171277,543.125808
38.641871,91.941814,542.922943
27.249268,106.047351,542.831699
14.702695,117.410204,543.635664
1.660732,127.505999,545.893811
-11.421730,137.459494,549.693756
-24.113234,148.350566,554.559002
-38.520620,170.375437,560.677063
-47.617443,-171.039990,564.201713
-52.681234,-146.795190,565.459794
-52.032769,-120.063625,563.982348
-45.920337,-96.954735,559.932454
-36.191937,-79.501973,554.080471
-24.487271,-66.206983,547.609895
-11.786829,-55.245946,541.803116
1.322040,-45.257976,537.695351
14.400751,-35.154443,535.803490
26.991260,-23.809747,536.019418
38.436474,-9.753543,537.702700
47.609181,8.934351,539.936181
52.695502,33.358435,541.852367
51.988240,60.253064,542.920802
45.773145,83.403918,543.107081
35.952668,100.826004,542.858125
24.189448,114.078886,542.920790
11.469011,125.005308,544.051027
-1.622168,134.967147,546.708305
-14.649791,145.048739,550.840582
-27.163800,156.367250,555.838311
-41.064521,179.515893,561.724593
-49.342331,-160.486441,564.757015
-53.088699,-135.097172,565.351769
-50.955488,-108.767933,563.190385
-43.750937,-87.093178,558.597122
-33.403063,-70.866909,552.469697
-21.378133,-58.308552,546.048782
-8.529662,-47.702548,540.586332
4.610921,-37.783864,537.008202
17.614742,-27.483894,535.677298
29.993376,-15.618782,536.336214
41.001837,-0.594054,538.246746
49.346534,19.526537,540.473243
53.095629,45.105130,542.209302
50.886845,71.570685,543.039977
43.578329,93.261367,543.059613
33.145654,109.450339,542.812728
21.071667,121.967773,543.078113
8.212844,132.541490,544.564443
-4.901166,142.435620,547.617837
-17.846630,152.713609,552.043620
-30.144229,164.549269,557.108355
-43.447176,-171.024228,562.671708
-50.782478,-149.566410,565.157250
-53.115116,-123.331246,565.068229
-49.555866,-97.796072,562.243522
-41.388592,-77.582943,557.164162
-30.512495,-62.459213,550.840519
-18.219012,-50.529706,544.549234
-5.254700,-40.201149,539.490189
7.891522,-30.286477,536.464667
20.790830,-19.717634,535.677914
32.912535,-7.233051,536.732228
43.404728,8.888977,538.809863
50.795027,30.490234,540.977644
53.109362,56.916057,542.507045
49.461423,82.556076,543.106158
41.191940,102.764423,542.994283
30.239234,117.847263,542.799698
17.906341,129.737665,543.313593
4.941206,140.036172,545.178563
-8.169880,149.927549,548.615898
-21.004120,160.473775,553.288403
-33.041193,172.924361,558.350616
-45.641531,-161.216507,563.502301
-51.905118,-138.314970,565.393647
-52.759572,-111.615938,564.610454
-47.866254,-87.187072,561.153057
-38.860830,-68.396412,555.652079
-27.536015,-54.248604,549.213751
-15.019142,-42.848816,543.128730
-1.968638,-32.725041,538.524181
11.157151,-22.749143,536.064129
23.919798,-11.834102,535.795730
35.732989,1.377906,537.192773
45.617460,18.724629,539.377555
51.921191,41.789217,541.439908
52.736365,68.670085,542.744031
47.745342,93.171277,543.125808
38.641871,111.941814,542.922943
27.249268,126.047351,542.831699
14.702695,137.410204,543.635664
1.660732,147.505999,545.893811
-11.421730,157.459494,549.693756
-24.113234,168.350566,554.559002
-35.839280,-178.477511,559.546377
-47.617443,-151.039990,564.201713
-52.681234,-126.795190,565.459794
-52.032769,-100.063625,563.982348
-45.920337,-76.954735,559.932454
-36.191937,-59.501973,554.080471
-24.487271,-46.206983,547.609895
-11.786829,-35.245946,541.803116
1.322040,-25.257976,537.695351
14.400751,-15.154443,535.803490
26.991260,-3.809747,536.019418
38.436474,10.246457,537.702700
47.609181,28.934351,539.936181
52.695502,53.358435,541.852367
51.988240,80.253064,542.920802
45.773145,103.403918,543.107081
35.952668,120.826004,542.858125
24.189448,134.078886,542.920790
11.469011,145.005308,544.051027
-1.622168,154.967147,546.708305
-14.649791,165.048739,550.840582
-27.163800,176.367250,555.838311
-38.520620,-169.624563,560.677063
-49.342331,-140.486441,564.757015
-53.088699,-115.097172,565.351769
-50.955488,-88.767933,563.190385
-43.750937,-67.093178,558.597122
-33.403063,-50.866909,552.469697
-21.378133,-38.308552,546.048782
-8.529662,-27.702548,540.586332
4.610921,-17.783864,537.008202
17.614742,-7.483894,535.677298
29.993376,4.381218,536.336214
41.001837,19.405946,538.246746
49.346534,39.526537,540.473243
53.095629,65.105130,542.209302
50.886845,91.570685,543.039977
43.578329,113.261367,543.059613
33.145654,129.450339,542.812728
21.071667,141.967773,543.078113
8.212844,152.541490,544.564443
-4.901166,162.435620,547.617837
-17.846630,172.713609,552.043620
-30.144229,-175.450731,557.108355
-41.064521,-160.484107,561.724593
-50.782478,-129.566410,565.157250
-53.115116,-103.331246,565.068229
-49.555866,-77.796072,562.243522
-41.388592,-57.582943,557.164162
-30.512495,-42.459213,550.840519
-18.219012,-30.529706,544.549234
-5.254700,-20.201149,539.490189
7.891522,-10.286477,536.464667
20.790830,0.282366,535.677914
32.912535,12.766949,536.732228
43.404728,28.888977,538.809863
50.795027,50.490234,540.977644
53.109362,76.916057,542.507045
49.461423,102.556076,543.106158
41.191940,122.764423,542.994283
30.239234,137.847263,542.799698
17.906341,149.737665,543.313593
4.941206,160.036172,545.178563
-8.169880,169.927549,548.615898
-21.004120,-179.526225,553.288403
-33.041193,-167.075639,558.350616
-43.447176,-151.024228,562.671708
-51.905118,-118.314970,565.393647
-52.759572,-91.615938,564.610454
-47.866254,-67.187072,561.153057
-38.860830,-48.396412,555.652079
-27.536015,-34.248604,549.213751
-15.019142,-22.848816,543.128730
-1.968638,-12.725041,538.524181
11.157151,-2.749143,536.064129
23.919798,8.165898,535.795730
35.732989,21.377906,537.192773
45.617460,38.724629,539.377555
51.921191,61.789217,541.439908
52.736365,88.670085,542.744031
47.745342,113.171277,543.125808
38.641871,131.941814,542.922943
27.249268,146.047351,542.831699
14.702695,157.410204,543.635664
1.660732,167.505999,545.893811
-11.421730,177.459494,549.693756
-24.113234,-171.649434,554.559002
-35.839280,-158.477511,559.546377
-45.641531,-141.216507,563.502301
-52.681234,-106.795190,565.459794
-52.032769,-80.063625,563.982348
-45.920337,-56.954735,559.932454
-36.191937,-39.501973,554.080471
-24.487271,-26.206983,547.609895
-11.786829,-15.245946,541.803116
1.322040,-5.257976,537.695351
14.400751,4.845557,535.803490
26.991260,16.190253,536.019418
38.436474,30.246457,537.702700
47.609181,48.934351,539.936181
52.695502,73.358435,541.852367
51.988240,100.253064,542.920802
45.773145,123.403918,543.107081
35.952668,140.826004,542.858125
24.189448,154.078886,542.920790
11.469011,165.005308,544.051027
-1.622168,174.967147,546.708305
-14.649791,-174.951261,550.840582
-27.163800,-163.632750,555.838311
-38.520620,-149.624563,560.677063
-47.617443,-131.039990,564.201713
-53.088699,-95.097172,565.351769
-50.955488,-68.767933,563.190385
-43.750937,-47.093178,558.597122
-33.403063,-30.866909,552.469697
-21.378133,-18.308552,546.048782
-8.529662,-7.702548,540.586332
4.610921,2.216136,537.008202
17.614742,12.516106,535.677298
29.993376,24.381218,536.336214
41.001837,39.405946,538.246746
49.346534,59.526537,540.473243
53.095629,85.105130,542.209302
50.886845,111.570685,543.039977
43.578329,133.261367,543.059613
33.145654,149.450339,542.812728
21.071667,161.967773,543.078113
8.212844,172.541490,544.564443
-4.901166,-177.564380,547.617837
-17.846630,-167.286391,552.043620
-30.144229,-155.450731,557.108355
-41.064521,-140.484107,561.724593
-49.342331,-120.486441,564.757015
-53.115116,-83.331246,565.068229
-49.555866,-57.796072,562.243522
-41.388592,-37.582943,557.164162
-30.512495,-22.459213,550.840519
-18.219012,-10.529706,544.549234
-5.254700,-0.201149,539.490189
7.891522,9.713523,536.464667
20.790830,20.282366,535.677914
32.912535,32.766949,536.732228
43.404728,48.888977,538.809863
50.795027,70.490234,540.977644
53.109362,96.916057,542.507045
49.461423,122.556076,543.106158
41.191940,142.764423,542.994283
30.239234,157.847263,542.799698
17.906341,169.737665,543.313593
4.941206,-179.963828,545.178563
-8.169880,-170.072451,548.615898
-21.004120,-159.526225,553.288403
-33.041193,-147.075639,558.350616
-43.447176,-131.024228,562.671708
-50.782478,-109.566410,565.157250
-52.759572,-71.615938,564.610454
-47.866254,-47.187072,561.153057
-38.860830,-28.396412,555.652079
-27.536015,-14.248604,549.213751
-15.019142,-2.848816,543.128730
-1.968638,7.274959,538.524181
11.157151,17.250857,536.064129
23.919798,28.165898,535.795730
35.732989,41.377906,537.192773
45.617460,58.724629,539.377555
51.921191,81.789217,541.439908
52.736365,108.670085,542.744031
47.745342,133.171277,543.125808
38.641871,151.941814,542.922943
27.249268,166.047351,542.831699
14.702695,177.410204,543.635664
1.660732,-172.494001,545.893811
-11.421730,-162.540506,549.693756
-24.113234,-151.649434,554.559002
-35.839280,-138.477511,559.546377
-45.641531,-121.216507,563.502301
-51.905118,-98.314970,565.393647
-52.032769,-60.063625,563.982348
-45.920337,-36.954735,559.932454
-36.191937,-19.501973,554.080471
-24.487271,-6.206983,547.609895
-11.786829,4.754054,541.803116
1.322040,14.742024,537.695351
14.400751,24.845557,535.803490
26.991260,36.190253,536.019418
38.436474,50.246457,537.702700
47.609181,68.934351,539.936181
52.695502,93.358435,541.852367
51.988240,120.253064,542.920802
45.773145,143.403918,543.107081
35.952668,160.826004,542.858125
24.189448,174.078886,542.920790
11.469011,-174.994692,544.051027
-1.622168,-165.032853,546.708305
-14.649791,-154.951261,550.840582
-27.163800,-143.632750,555.838311
-38.520620,-129.624563,560.677063
-47.617443,-111.039990,564.201713
-52.681234,-86.795190,565.459794
-50.955488,-48.767933,563.190385
-43.750937,-27.093178,558.597122
-33.403063,-10.866909,552.469697
-21.378133,1.691448,546.048782
-8.529662,12.297452,540.586332
4.610921,22.216136,537.008202
17.614742,32.516106,535.677298
29.993376,44.381218,536.336214
41.001837,59.405946,538.246746
49.346534,79.526537,540.473243
53.095629,105.105130,542.209302
50.886845,131.570685,543.039977
43.578329,153.261367,543.059613
33.145654,169.450339,542.812728
21.071667,-178.032227,543.078113
8.212844,-167.458510,544.564443
-4.901166,-157.564380,547.617837
-17.846630,-147.286391,552.043620
-30.144229,-135.450731,557.108355
-41.064521,-120.484107,561.724593
-49.342331,-100.486441,564.757015
-53.088699,-75.097172,565.351769
-49.555866,-37.796072,562.243522
-41.388592,-17.582943,557.164162
-30.512495,-2.459213,550.840519
-18.219012,9.470294,544.549234
-5.254700,19.798851,539.490189
7.891522,29.713523,536.464667
20.790830,40.282366,535.677914
32.912535,52.766949,536.732228
43.404728,68.888977,538.809863
50.795027,90.490234,540.977644
53.109362,116.916057,542.507045
49.461423,142.556076,543.106158
41.191940,162.764423,542.994283
30.239234,177.847263,542.799698
17.906341,-170.262335,543.313593
4.941206,-159.963828,545.178563
-8.169880,-150.072451,548.615898
-21.004120,-139.526225,553.288403
-33.041193,-127.075639,558.350616
-43.447176,-111.024228,562.671708
-50.782478,-89.566410,565.157250
-53.115116,-63.331246,565.068229
-47.866254,-27.187072,561.153057
-38.860830,-8.396412,555.652079
-27.536015,5.751396,549.213751
-15.019142,17.151184,543.128730
-1.968638,27.274959,538.524181
11.157151,37.250857,536.064129
23.919798,48.165898,535.795730
35.732989,61.377906,537.192773
45.617460,78.724629,539.377555
51.921191,101.789217,541.439908
52.736365,128.670085,542.744031
47.745342,153.171277,543.125808
38.641871,171.941814,542.922943
27.249268,-173.952649,542.831699
14.702695,-162.589796,543.635664
1.660732,-152.494001,545.893811
-11.421730,-142.540506,549.693756
-24.113234,-131.649434,554.559002
-35.839280,-118.477511,559.546377
-45.641531,-101.216507,563.502301
-51.905118,-78.314970,565.393647
-52.759572,-51.615938,564.610454
-45.920337,-16.954735,559.932454
-36.191937,0.498027,554.080471
-24.487271,13.793017,547.609895
-11.786829,24.754054,541.803116
1.322040,34.742024,537.695351
14.400751,44.845557,535.803490
26.991260,56.190253,536.019418
38.436474,70.246457,537.702700
47.609181,88.934351,539.936181
52.695502,113.358435,541.852367
51.988240,140.253064,542.920802
45.773145,163.403918,543.107081
35.952668,-179.173996,542.858125
24.189448,-165.921114,542.920790
11.469011,-154.994692,544.051027
-1.622168,-145.032853,546.708305
-14.649791,-134.951261,550.840582
-27.163800,-123.632750,555.838311
-38.520620,-109.624563,560.677063
-47.617443,-91.039990,564.201713
-52.681234,-66.795190,565.459794
-52.032769,-40.063625,563.982348
-43.750937,-7.093178,558.597122
-33.403063,9.133091,552.469697
-21.378133,21.691448,546.048782
-8.529662,32.297452,540.586332
4.610921,42.216136,537.008202
17.614742,52.516106,535.677298
29.993376,64.381218,536.336214
41.001837,79.405946,538.246746
49.346534,99.526537,540.473243
53.095629,125.105130,542.209302
50.886845,151.570685,543.039977
43.578329,173.261367,543.059613
33.145654,-170.549661,542.812728
21.071667,-158.032227,543.078113
8.212844,-147.458510,544.564443
-4.901166,-137.564380,547.617837
-17.846630,-127.286391,552.043620
-30.144229,-115.450731,557.108355
-41.064521,-100.484107,561.724593
-49.342331,-80.486441,564.757015
-53.088699,-55.097172,565.351769
-50.955488,-28.767933,563.190385
-41.388592,2.417057,557.164162
-30.512495,17.540787,550.840519
-18.219012,29.470294,544.549234
-5.254700,39.798851,539.490189
7.891522,49.713523,536.464667
20.790830,60.282366,535.677914
32.912535,72.766949,536.732228
43.404728,88.888977,538.809863
50.795027,110.490234,540.977644
53.109362,136.916057,542.507045
49.461423,162.556076,543.106158
41.191940,-177.235577,542.994283
30.239234,-162.152737,542.799698
17.906341,-150.262335,543.313593
4.941206,-139.963828,545.178563
-8.169880,-130.072451,548.615898
-21.004120,-119.526225,553.288403
-33.041193,-107.075639,558.350616
-43.447176,-91.024228,562.671708
-50.782478,-69.566410,565.157250
-53.115116,-43.331246,565.068229
-49.555866,-17.796072,562.243522
-38.860830,11.603588,555.652079
-27.536015,25.751396,549.213751
-15.019142,37.151184,543.128730
-1.968638,47.274959,538.524181
11.157151,57.250857,536.064129
23.919798,68.165898,535.795730
35.732989,81.377906,537.192773
45.617460,98.724629,539.377555
51.921191,121.789217,541.439908
52.736365,148.670085,542.744031
47.745342,173.171277,543.125808
38.641871,-168.058186,542.922943
27.249268,-153.952649,542.831699
14.702695,-142.589796,543.635664
1.660732,-132.494001,545.893811
-11.421730,-122.540506,549.693756
-24.113234,-111.649434,554.559002
-35.839280,-98.477511,559.546377
-45.641531,-81.216507,563.502301
-51.905118,-58.314970,565.393647
-52.759572,-31.615938,564.610454
-47.866254,-7.187072,561.153057
-36.191937,20.498027,554.080471
-24.487271,33.793017,547.609895
-11.786829,44.754054,541.803116
1.322040,54.742024,537.695351
14.400751,64.845557,535.803490
26.991260,76.190253,536.019418
38.436474,90.246457,537.702700
47.609181,108.934351,539.936181
52.695502,133.358435,541.852367
51.988240,160.253064,542.920802
45.773145,-176.596082,543.107081
35.952668,-159.173996,542.858125
24.189448,-145.921114,542.920790
11.469011,-134.994692,544.051027
-1.622168,-125.032853,546.708305
-14.649791,-114.951261,550.840582
-27.163800,-103.632750,555.838311
-38.520620,-89.624563,560.677063
-47.617443,-71.039990,564.201713
-52.681234,-46.795190,565.459794
-52.032769,-20.063625,563.982348
-45.920337,3.045265,559.932454
-33.403063,29.133091,552.469697
-21.378133,41.691448,546.048782
-8.529662,52.297452,540.586332
4.610921,62.216136,537.008202
17.614742,72.516106,535.677298
29.993376,84.381218,536.336214
41.001837,99.405946,538.246746
49.346534,119.526537,540.473243
53.095629,145.105130,542.209302
50.886845,171.570685,543.039977
43.578329,-166.738633,543.059613
33.145654,-150.549661,542.812728
21.071667,-138.032227,543.078113
8.212844,-127.458510,544.564443
-4.901166,-117.564380,547.617837
-17.846630,-107.286391,552.043620
-30.144229,-95.450731,557.108355
-41.064521,-80.484107,561.724593
-49.342331,-60.486441,564.757015
-53.088699,-35.097172,565.351769
-50.955488,-8.767933,563.190385
-43.750937,12.906822,558.597122
-30.512495,37.540787,550.840519
-18.219012,49.470294,544.549234
-5.254700,59.798851,539.490189
7.891522,69.713523,536.464667
20.790830,80.282366,535.677914
32.912535,92.766949,536.732228
43.404728,108.888977,538.809863
50.795027,130.490234,540.977644
53.109362,156.916057,542.507045
49.461423,-177.443924,543.106158
41.191940,-157.235577,542.994283
30.239234,-142.152737,542.799698
17.906341,-130.262335,543.313593
4.941206,-119.963828,545.178563
-8.169880,-110.072451,548.615898
-21.004120,-99.526225,553.288403
-33.041193,-87.075639,558.350616
-43.447176,-71.024228,562.671708
-50.782478,-49.566410,565.157250
-53.115116,-23.331246,565.068229
-49.555866,2.203928,562.243522
-41.388592,22.417057,557.164162
-27.536015,45.751396,549.213751
-15.019142,57.151184,543.128730
-1.968638,67.274959,538.524181
11.157151,77.250857,536.064129
23.919798,88.165898,535.795730
35.732989,101.377906,537.192773
45.617460,118.724629,539.377555
51.921191,141.789217,541.439908
52.736365,168.670085,542.744031
47.745342,-166.828723,543.125808
38.641871,-148.058186,542.922943
27.249268,-133.952649,542.831699
14.702695,-122.589796,543.635664
1.660732,-112.494001,545.893811
-11.421730,-102.540506,549.693756
-24.113234,-91.649434,554.559002
-35.839280,-78.477511,559.546377
-45.641531,-61.216507,563.502301
-51.905118,-38.314970,565.393647
-52.759572,-11.615938,564.610454
-47.866254,12.812928,561.153057
-38.860830,31.603588,555.652079
-24.487271,53.793017,547.609895
-11.786829,64.754054,541.803116
1.322040,74.742024,537.695351
14.400751,84.845557,535.803490
26.991260,96.190253,536.019418
38.436474,110.246457,537.702700
47.609181,128.934351,539.936181
52.695502,153.358435,541.852367
51.988240,-179.746936,542.920802
45.773145,-156.596082,543.107081
35.952668,-139.173996,542.858125
24.189448,-125.921114,542.920790
11.469011,-114.994692,544.051027
-1.622168,-105.032853,546.708305
-14.649791,-94.951261,550.840582
-27.163800,-83.632750,555.838311
-38.520620,-69.624563,560.677063
-47.617443,-51.039990,564.201713
-52.681234,-26.795190,565.459794
-52.032769,-0.063625,563.982348
-45.920337,23.045265,559.932454
-36.191937,40.498027,554.080471
-21.378133,61.691448,546.048782
-8.529662,72.297452,540.586332
4.610921,82.216136,537.008202
17.614742,92.516106,535.677298
29.993376,104.381218,536.336214
41.001837,119.405946,538.246746
49.346534,139.526537,540.473243
53.095629,165.105130,542.209302
50.886845,-168.429315,543.039977
43.578329,-146.738633,543.059613
33.145654,-130.549661,542.812728
21.071667,-118.032227,543.078113
8.212844,-107.458510,544.564443
-4.901166,-97.564380,547.617837
-17.846630,-87.286391,552.043620
-30.144229,-75.450731,557.108355
-41.064521,-60.484107,561.724593
-49.342331,-40.486441,564.757015
-53.088699,-15.097172,565.351769
-50.955488,11.232067,563.190385
-43.750937,32.906822,558.597122
-33.403063,49.133091,552.469697
-18.219012,69.470294,544.549234
-5.254700,79.798851,539.490189
7.891522,89.713523,536.464667
20.790830,100.282366,535.677914
32.912535,112.766949,536.732228
43.404728,128.888977,538.809863
50.795027,150.490234,540.977644
53.109362,176.916057,542.507045
49.461423,-157.443924,543.106158
41.191940,-137.235577,542.994283
30.239234,-122.152737,542.799698
17.906341,-110.262335,543.313593
4.941206,-99.963828,545.178563
-8.169880,-90.072451,548.615898
-21.004120,-79.526225,553.288403
-33.041193,-67.075639,558.350616
-43.447176,-51.024228,562.671708
-50.782478,-29.566410,565.157250
-53.115116,-3.331246,565.068229
-49.555866,22.203928,562.243522
-41.388592,42.417057,557.164162
-30.512495,57.540787,550.840519
-15.019142,77.151184,543.128730
-1.968638,87.274959,538.524181
11.157151,97.250857,536.064129
23.919798,108.165898,535.795730
35.732989,121.377906,537.192773
45.617460,138.724629,539.377555
51.921191,161.789217,541.439908
52.736365,-171.329915,542.744031
47.745342,-146.828723,543.125808
38.641871,-128.058186,542.922943
27.249268,-113.952649,542.831699
14.702695,-102.589796,543.635664
1.660732,-92.494001,545.893811
-11.421730,-82.540506,549.693756
-24.113234,-71.649434,554.559002
-35.839280,-58.477511,559.546377
-45.641531,-41.216507,563.502301
-51.905118,-18.314970,565.393647
-52.759572,8.384062,564.610454
-47.866254,32.812928,561.153057
-38.860830,51.603588,555.652079
-27.536015,65.751396,549.213751
-11.786829,84.754054,541.803116
1.322040,94.742024,537.695351
14.400751,104.845557,535.803490
26.991260,116.190253,536.019418
38.436474,130.246457,537.702700
47.609181,148.934351,539.936181
52.695502,173.358435,541.852367
51.988240,-159.746936,542.920802
45.773145,-136.596082,543.107081
35.952668,-119.173996,542.858125
24.189448,-105.921114,542.920790
11.469011,-94.994692,544.051027
-1.622168,-85.032853,546.708305
-14.649791,-74.951261,550.840582
-27.163800,-63.632750,555.838311
-38.520620,-49.624563,560.677063
-47.617443,-31.039990,564.201713
-52.681234,-6.795190,565.459794
-52.032769,19.936375,563.982348
-45.920337,43.045265,559.932454
-36.191937,60.498027,554.080471
-24.487271,73.793017,547.609895
-8.529662,92.297452,540.586332
4.610921,102.216136,537.008202
17.614742,112.516106,535.677298
29.993376,124.381218,536.336214
41.001837,139.405946,538.246746
49.346534,159.526537,540.473243
53.095629,-174.894870,542.209302
50.886845,-148.429315,543.039977
43.578329,-126.738633,543.059613
33.145654,-110.549661,542.812728
21.071667,-98.032227,543.078113
8.212844,-87.458510,544.564443
-4.901166,-77.564380,547.617837
-17.846630,-67.286391,552.043620
-30.144229,-55.450731,557.108355
-41.064521,-40.484107,561.724593
-49.342331,-20.486441,564.757015
-53.088699,4.902828,565.351769
-50.955488,31.232067,563.190385
-43.750937,52.906822,558.597122
-33.403063,69.133091,552.469697
-21.378133,81.691448,546.048782
-5.254700,99.798851,539.490189
7.891522,109.713523,536.464667
20.790830,120.282366,535.677914
32.912535,132.766949,536.732228
43.404728,148.888977,538.809863
50.795027,170.490234,540.977644
53.109362,-163.083943,542.507045
49.461423,-137.443924,543.106158
41.191940,-117.235577,542.994283
30.239234,-102.152737,542.799698
17.906341,-90.262335,543.313593
4.941206,-79.963828,545.178563
-8.169880,-70.072451,548.615898
-21.004120,-59.526225,553.288403
-33.041193,-47.075639,558.350616
-43.447176,-31.024228,562.671708
-50.782478,-9.566410,565.157250
-53.115116,16.668754,565.068229
-49.555866,42.203928,562.243522
-41.388592,62.417057,557.164162
-30.512495,77.540787,550.840519
-18.219012,89.470294,544.549234
-1.968638,107.274959,538.524181
11.157151,117.250857,536.064129
23.919798,128.165898,535.795730
35.732989,141.377906,537.192773
45.617460,158.724629,539.377555
51.921191,-178.210783,541.439908
52.736365,-151.329915,542.744031
47.745342,-126.828723,543.125808
38.641871,-108.058186,542.922943
27.249268,-93.952649,542.831699
14.702695,-82.589796,543.635664
1.660732,-72.494001,545.893811
-11.421730,-62.540506,549.693756
-24.113234,-51.649434,554.559002
-35.839280,-38.477511,559.546377
-45.641531,-21.216507,563.502301
-51.905118,1.685030,565.393647
-52.759572,28.384062,564.610454
-47.866254,52.812928,561.153057
-38.860830,71.603588,555.652079
-27.536015,85.751396,549.213751
-15.019142,97.151184,543.128730
1.322040,114.742024,537.695351
14.400751,124.845557,535.803490
26.991260,136.190253,536.019418
38.436474,150.246457,537.702700
47.609181,168.934351,539.936181
52.695502,-166.641565,541.852367
51.988240,-139.746936,542.920802
45.773145,-116.596082,543.107081
35.952668,-99.173996,542.858125
24.189448,-85.921114,542.920790
11.469011,-74.994692,544.051027
-1.622168,-65.032853,546.708305
-14.649791,-54.951261,550.840582
-27.163800,-43.632750,555.838311
-38.520620,-29.624563,560.677063
-47.617443,-11.039990,564.201713
-52.681234,13.204810,565.459794
-52.032769,39.936375,563.982348
-45.920337,63.045265,559.932454
-36.191937,80.498027,554.080471
-24.487271,93.793017,547.609895
-11.786829,104.754054,541.803116
4.610921,122.216136,537.008202
17.614742,132.516106,535.677298
29.993376,144.381218,536.336214
41.001837,159.405946,538.246746
49.346534,179.526537,540.473243
53.095629,-154.894870,542.209302
50.886845,-128.429315,543.039977
43.578329,-106.738633,543.059613
33.145654,-90.549661,542.812728
21.071667,-78.032227,543.078113
8.212844,-67.458510,544.564443
-4.901166,-57.564380,547.617837
-17.846630,-47.286391,552.043620
-30.144229,-35.450731,557.108355
-41.064521,-20.484107,561.724593
-49.342331,-0.486441,564.757015
-53.088699,24.902828,565.351769
-50.955488,51.232067,563.190385
-43.750937,72.906822,558.597122
-33.403063,89.133091,552.469697
-21.378133,101.691448,546.048782
-8.529662,112.297452,540.586332
7.891522,129.713523,536.464667
20.790830,140.282366,535.677914
32.912535,152.766949,536.732228
43.404728,168.888977,538.809863
50.795027,-169.509766,540.977644
53.109362,-143.083943,542.507045
49.461423,-117.443924,543.106158
41.191940,-97.235577,542.994283
30.239234,-82.152737,542.799698
17.906341,-70.262335,543.313593
4.941206,-59.963828,545.178563
-8.169880,-50.072451,548.615898
-21.004120,-39.526225,553.288403
-33.041193,-27.075639,558.350616
-43.447176,-11.024228,562.671708
-50.782478,10.433590,565.157250
-53.115116,36.668754,565.068229
-49.555866,62.203928,562.243522
-41.388592,82.417057,557.164162
-30.512495,97.540787,550.840519
-18.219012,109.470294,544.549234
-5.254700,119.798851,539.490189
11.157151,137.250857,536.064129
23.919798,148.165898,535.795730
35.732989,161.377906,537.192773
45.617460,178.724629,539.377555
51.921191,-158.210783,541.439908
52.736365,-131.329915,542.744031
47.745342,-106.828723,543.125808
38.641871,-88.058186,542.922943
27.249268,-73.952649,542.831699
14.702695,-62.589796,543.635664
1.660732,-52.494001,545.893811
-11.421730,-42.540506,549.693756
-24.113234,-31.649434,554.559002
-35.839280,-18.477511,559.546377
-45.641531,-1.216507,563.502301
-51.905118,21.685030,565.393647
-52.759572,48.384062,564.610454
-47.866254,72.812928,561.153057
-38.860830,91.603588,555.652079
-27.536015,105.751396,549.213751
-15.019142,117.151184,543.128730
-1.968638,127.274959,538.524181
14.400751,144.845557,535.803490
26.991260,156.190253,536.019418
38.436474,170.246457,537.702700
47.609181,-171.065649,539.936181
52.695502,-146.641565,541.852367
51.988240,-119.746936,542.920802
45.773145,-96.596082,543.107081
35.952668,-79.173996,542.858125
24.189448,-65.921114,542.920790
11.469011,-54.994692,544.051027
-1.622168,-45.032853,546.708305
-14.649791,-34.951261,550.840582
-27.163800,-23.632750,555.838311
-38.520620,-9.624563,560.677063
-47.617443,8.960010,564.201713
-52.681234,33.204810,565.459794
-52.032769,59.936375,563.982348
-45.920337,83.045265,559.932454
-36.191937,100.498027,554.080471
-24.487271,113.793017,547.609895
-11.786829,124.754054,541.803116
1.322040,134.742024,537.695351
17.614742,152.516106,535.677298
29.993376,164.381218,536.336214
41.001837,179.405946,538.246746
49.346534,-160.473463,540.473243
53.095629,-134.894870,542.209302
50.886845,-108.429315,543.039977
43.578329,-86.738633,543.059613
33.145654,-70.549661,542.812728
21.071667,-58.032227,543.078113
8.212844,-47.458510,544.564443
-4.901166,-37.564380,547.617837
-17.846630,-27.286391,552.043620
-30.144229,-15.450731,557.108355
-41.064521,-0.484107,561.724593
-49.342331,19.513559,564.757015
-53.088699,44.902828,565.351769
-50.955488,71.232067,563.190385
-43.750937,92.906822,558.597122
-33.403063,109.133091,552.469697
-21.378133,121.691448,546.048782
-8.529662,132.297452,540.586332
4.610921,142.216136,537.008202
20.790830,160.282366,535.677914
32.912535,172.766949,536.732228
43.404728,-171.111023,538.809863
50.795027,-149.509766,540.977644
53.109362,-123.083943,542.507045
49.461423,-97.443924,543.106158
41.191940,-77.235577,542.994283
30.239234,-62.152737,542.799698
17.906341,-50.262335,543.313593
4.941206,-39.963828,545.178563
-8.169880,-30.072451,548.615898
-21.004120,-19.526225,553.288403
-33.041193,-7.075639,558.350616
-43.447176,8.975772,562.671708
-50.782478,30.433590,565.157250
-53.115116,56.668754,565.068229
-49.555866,82.203928,562.243522
-41.388592,102.417057,557.164162
-30.512495,117.540787,550.840519
-18.219012,129.470294,544.549234
-5.254700,139.798851,539.490189
7.891522,149.713523,536.464667
23.919798,168.165898,535.795730
35.732989,-178.622094,537.192773
45.617460,-161.275371,539.377555
51.921191,-138.210783,541.439908
52.736365,-111.329915,542.744031
47.745342,-86.828723,543.125808
38.641871,-68.058186,542.922943
27.249268,-53.952649,542.831699
14.702695,-42.589796,543.635664
1.660732,-32.494001,545.893811
-11.421730,-22.540506,549.693756
-24.113234,-11.649434,554.559002
-35.839280,1.522489,559.546377
-45.641531,18.783493,563.502301
-51.905118,41.685030,565.393647
-52.759572,68.384062,564.610454
-47.866254,92.812928,561.153057
-38.860830,111.603588,555.652079
-27.536015,125.751396,549.213751
-15.019142,137.151184,543.128730
-1.968638,147.274959,538.524181
11.157151,157.250857,536.064129
26.991260,176.190253,536.019418
38.436474,-169.753543,537.702700
47.609181,-151.065649,539.936181
52.695502,-126.641565,541.852367
51.988240,-99.746936,542.920802
45.773145,-76.596082,543.107081
35.952668,-59.173996,542.858125
24.189448,-45.921114,542.920790
11.469011,-34.994692,544.051027
-1.622168,-25.032853,546.708305
-14.649791,-14.951261,550.840582
-27.163800,-3.632750,555.838311
-38.520620,10.375437,560.677063
-47.617443,28.960010,564.201713
-52.681234,53.204810,565.459794
-52.032769,79.936375,563.982348
-45.920337,103.045265,559.932454
-36.191937,120.498027,554.080471
-24.487271,133.793017,547.609895
-11.786829,144.754054,541.803116
1.322040,154.742024,537.695351
14.400751,164.845557,535.803490
29.993376,-175.618782,536.336214
41.001837,-160.594054,538.246746
49.346534,-140.473463,540.473243
53.095629,-114.894870,542.209302
50.886845,-88.429315,543.039977
43.578329,-66.738633,543.059613
33.145654,-50.549661,542.812728
21.071667,-38.032227,543.078113
8.212844,-27.458510,544.564443
-4.901166,-17.564380,547.617837
-17.846630,-7.286391,552.043620
-30.144229,4.549269,557.108355
-41.064521,19.515893,561.724593
-49.342331,39.513559,564.757015
-53.088699,64.902828,565.351769
-50.955488,91.232067,563.190385
-43.750937,112.906822,558.597122
-33.403063,129.133091,552.469697
-21.378133,141.691448,546.048782
-8.529662,152.297452,540.586332
4.610921,162.216136,537.008202
17.614742,172.516106,535.677298
32.912535,-167.233051,536.732228
43.404728,-151.111023,538.809863
50.795027,-129.509766,540.977644
53.109362,-103.083943,542.507045
49.461423,-77.443924,543.106158
41.191940,-57.235577,542.994283
30.239234,-42.152737,542.799698
17.906341,-30.262335,543.313593
4.941206,-19.963828,545.178563
-8.169880,-10.072451,548.615898
-21.004120,0.473775,553.288403
-33.041193,12.924361,558.350616
-43.447176,28.975772,562.671708
-50.782478,50.433590,565.157250
-53.115116,76.668754,565.068229
-49.555866,102.203928,562.243522
-41.388592,122.417057,557.164162
-30.512495,137.540787,550.840519
-18.219012,149.470294,544.549234
-5.254700,159.798851,539.490189
7.891522,169.713523,536.464667
20.790830,-179.717634,535.677914
35.732989,-158.622094,537.192773
45.617460,-141.275371,539.377555
51.921191,-118.210783,541.439908
52.736365,-91.329915,542.744031
47.745342,-66.828723,543.125808
38.641871,-48.058186,542.922943
27.249268,-33.952649,542.831699
14.702695,-22.589796,543.635664
1.660732,-12.494001,545.893811
-11.421730,-2.540506,549.693756
-24.113234,8.350566,554.559002
-35.839280,21.522489,559.546377
-45.641531,38.783493,563.502301
-51.905118,61.685030,565.393647
-52.759572,88.384062,564.610454
-47.866254,112.812928,561.153057
-38.860830,131.603588,555.652079
-27.536015,145.751396,549.213751
-15.019142,157.151184,543.128730
-1.968638,167.274959,538.524181
11.157151,177.250857,536.064129
23.919798,-171.834102,535.795730
38.436474,-149.753543,537.702700
47.609181,-131.065649,539.936181
52.695502,-106.641565,541.852367
51.988240,-79.746936,542.920802
45.773145,-56.596082,543.107081
35.952668,-39.173996,542.858125
24.189448,-25.921114,542.920790
11.469011,-14.994692,544.051027
-1.622168,-5.032853,546.708305
-14.649791,5.048739,550.840582
-27.163800,16.367250,555.838311
-38.520620,30.375437,560.677063
-47.617443,48.960010,564.201713
-52.681234,73.204810,565.459794
-52.032769,99.936375,563.982348
-45.920337,123.045265,559.932454
-36.191937,140.498027,554.080471
-24.487271,153.793017,547.609895
-11.786829,164.754054,541.803116
1.322040,174.742024,537.695351
14.400751,-175.154443,535.803490
26.991260,-163.809747,536.019418
41.001837,-140.594054,538.246746
49.346534,-120.473463,540.473243
53.095629,-94.894870,542.209302
50.886845,-68.429315,543.039977
43.578329,-46.738633,543.059613
33.145654,-30.549661,542.812728
21.071667,-18.032227,543.078113
8.212844,-7.458510,544.564443
-4.901166,2.435620,547.617837
-17.846630,12.713609,552.043620
-30.144229,24.549269,557.108355
-41.064521,39.515893,561.724593
-49.342331,59.513559,564.757015
-53.088699,84.902828,565.351769
-50.955488,111.232067,563.190385
-43.750937,132.906822,558.597122
-33.403063,149.133091,552.469697
-21.378133,161.691448,546.048782
-8.529662,172.297452,540.586332
4.610921,-177.783864,537.008202
17.614742,-167.483894,535.677298
29.993376,-155.618782,536.336214
43.404728,-131.111023,538.809863
50.795027,-109.509766,540.977644
53.109362,-83.083943,542.507045
49.461423,-57.443924,543.106158
41.191940,-37.235577,542.994283
30.239234,-22.152737,542.799698
17.906341,-10.262335,543.313593
4.941206,0.036172,545.178563
-8.169880,9.927549,548.615898
-21.004120,20.473775,553.288403
-33.041193,32.924361,558.350616
-43.447176,48.975772,562.671708
-50.782478,70.433590,565.157250
-53.115116,96.668754,565.068229
-49.555866,122.203928,562.243522
-41.388592,142.417057,557.164162
-30.512495,157.540787,550.840519
-18.219012,169.470294,544.549234
-5.254700,179.798851,539.490189
7.891522,-170.286477,536.464667
20.790830,-159.717634,535.677914
32.912535,-147.233051,536.732228
