37.705870,-26.750491,542.898528
26.174840,-12.960306,542.855978
13.562494,-1.761757,543.771470
0.500052,8.278979,546.170514
-12.566062,18.270127,550.091881
-25.198981,29.302533,555.011168
-36.801582,42.756559,559.954492
-46.366692,60.473396,563.765285
-52.220422,83.866175,565.436789
-52.544163,110.627213,564.407647
-47.205859,134.608558,560.735727
-37.932248,152.914817,555.102314
-26.465780,166.747361,548.643164
-13.879700,177.982034,542.648560
-0.805456,-171.949933,538.215273
12.306781,-161.936598,535.956287
25.012823,-150.879547,535.863378
36.703165,-137.382860,537.368203
46.348541,-119.574352,539.576738
52.236483,-96.012255,541.591710
52.513808,-69.074947,542.813247
47.075597,-45.032391,543.123021
34.972737,-17.961962,542.839091
23.093252,-4.982043,542.967976
10.320030,5.810464,544.221063
-2.782192,15.740887,547.019212
-15.783967,25.883952,551.260137
-28.226158,37.374645,556.289297
-39.436851,51.707412,561.057817
-48.257674,70.783104,564.415136
-52.868285,95.460512,565.441682
-51.690634,122.098240,563.720745
-45.177277,144.708311,559.472712
-35.218675,161.713826,553.514506
-23.394410,174.735527,547.052197
-10.637764,-174.438180,541.359932
2.485320,-164.482216,537.436146
15.540812,-154.317259,535.743914
28.061206,-142.799357,536.121500
39.360395,-128.415269,537.891926
48.254240,-109.229513,540.129094
52.880590,-84.368421,541.985083
51.637842,-57.576320,542.969248
45.020971,-34.934059,543.092959
32.128616,-9.421651,542.803664
19.957539,2.862181,543.151869
7.057615,13.330030,544.769894
-6.058290,23.215794,547.960908
-18.967865,33.580186,552.479673
-31.178701,45.621634,557.551659
-41.926633,60.957260,562.071773
-49.885751,81.468580,564.916766
-53.141883,107.195864,565.271630
-50.495894,133.285655,562.872876
-42.936319,154.442915,558.100835
-32.391895,170.264923,551.894843
-20.266478,-177.410910,545.510761
-7.373521,-166.911581,540.184562
5.772022,-157.001747,536.799677
18.742393,-146.615223,535.663527
31.035651,-134.542875,536.467931
41.871272,-119.145012,538.444405
49.893414,-98.503542,540.655792
53.144917,-72.585362,542.321398
50.418267,-46.370030,543.069058
42.755033,-25.204791,543.037874
29.190967,-1.097696,542.805131
16.777664,10.595278,543.417084
3.782109,20.814053,545.419840
-9.321808,30.719947,548.988294
-22.109337,41.379052,553.735477
-34.042589,54.072047,558.779626
-44.245975,70.537154,562.979472
-51.217264,92.511189,565.259969
-53.032752,118.957427,564.926215
-48.989929,144.132291,561.873841
-40.512514,163.835270,556.637726
-29.469268,178.599587,550.264148
-17.091948,-169.669073,544.037237
-4.093884,-159.421002,539.133463
9.048110,-149.492174,536.306892
21.902931,-138.810064,535.706764
33.921835,-126.081110,536.888462
44.210270,-109.540346,539.010752
51.231640,-87.415721,541.146282
53.021332,-60.780755,542.597725
48.886157,-35.512603,543.117955
40.307762,-15.820421,542.969021
26.174840,7.039694,542.855978
13.562494,18.238243,543.771470
0.500052,28.278979,546.170514
-12.566062,38.270127,550.091881
-25.198981,49.302533,555.011168
-36.801582,62.756559,559.954492
-46.366692,80.473396,563.765285
-52.220422,103.866175,565.436789
-52.544163,130.627213,564.407647
-47.205859,154.608558,560.735727
-37.932248,172.914817,555.102314
-26.465780,-173.252639,548.643164
-13.879700,-162.017966,542.648560
-0.805456,-151.949933,538.215273
12.306781,-141.936598,535.956287
25.012823,-130.879547,535.863378
36.703165,-117.382860,537.368203
46.348541,-99.574352,539.576738
52.236483,-76.012255,541.591710
52.513808,-49.074947,542.813247
47.075597,-25.032391,543.123021
37.705870,-6.750491,542.898528
23.093252,15.017957,542.967976
10.320030,25.810464,544.221063
-2.782192,35.740887,547.019212
-15.783967,45.883952,551.260137
-28.226158,57.374645,556.289297
-39.436851,71.707412,561.057817
-48.257674,90.783104,564.415136
-52.868285,115.460512,565.441682
-51.690634,142.098240,563.720745
-45.177277,164.708311,559.472712
-35.218675,-178.286174,553.514506
-23.394410,-165.264473,547.052197
-10.637764,-154.438180,541.359932
2.485320,-144.482216,537.436146
15.540812,-134.317259,535.743914
28.061206,-122.799357,536.121500
39.360395,-108.415269,537.891926
48.254240,-89.229513,540.129094
52.880590,-64.368421,541.985083
51.637842,-37.576320,542.969248
45.020971,-14.934059,543.092959
34.972737,2.038038,542.839091
19.957539,22.862181,543.151869
7.057615,33.330030,544.769894
-6.058290,43.215794,547.960908
-18.967865,53.580186,552.479673
-31.178701,65.621634,557.551659
-41.926633,80.957260,562.071773
-49.885751,101.468580,564.916766
-53.141883,127.195864,565.271630
-50.495894,153.285655,562.872876
-42.936319,174.442915,558.100835
-32.391895,-169.735077,551.894843
-20.266478,-157.410910,545.510761
-7.373521,-146.911581,540.184562
5.772022,-137.001747,536.799677
18.742393,-126.615223,535.663527
31.035651,-114.542875,536.467931
41.871272,-99.145012,538.444405
49.893414,-78.503542,540.655792
53.144917,-52.585362,542.321398
50.418267,-26.370030,543.069058
42.755033,-5.204791,543.037874
32.128616,10.578349,542.803664
16.777664,30.595278,543.417084
3.782109,40.814053,545.419840
-9.321808,50.719947,548.988294
-22.109337,61.379052,553.735477
-34.042589,74.072047,558.779626
-44.245975,90.537154,562.979472
-51.217264,112.511189,565.259969
-53.032752,138.957427,564.926215
-48.989929,164.132291,561.873841
-40.512514,-176.164730,556.637726
-29.469268,-161.400413,550.264148
-17.091948,-149.669073,544.037237
-4.093884,-139.421002,539.133463
9.048110,-129.492174,536.306892
21.902931,-118.810064,535.706764
33.921835,-106.081110,536.888462
44.210270,-89.540346,539.010752
51.231640,-67.415721,541.146282
53.021332,-40.780755,542.597725
48.886157,-15.512603,543.117955
40.307762,4.179579,542.969021
29.190967,18.902304,542.805131
13.562494,38.238243,543.771470
0.500052,48.278979,546.170514
-12.566062,58.270127,550.091881
-25.198981,69.302533,555.011168
-36.801582,82.756559,559.954492
-46.366692,100.473396,563.765285
-52.220422,123.866175,565.436789
-52.544163,150.627213,564.407647
-47.205859,174.608558,560.735727
-37.932248,-167.085183,555.102314
-26.465780,-153.252639,548.643164
-13.879700,-142.017966,542.648560
-0.805456,-131.949933,538.215273
12.306781,-121.936598,535.956287
25.012823,-110.879547,535.863378
36.703165,-97.382860,537.368203
46.348541,-79.574352,539.576738
52.236483,-56.012255,541.591710
52.513808,-29.074947,542.813247
47.075597,-5.032391,543.123021
37.705870,13.249509,542.898528
26.174840,27.039694,542.855978
10.320030,45.810464,544.221063
-2.782192,55.740887,547.019212
-15.783967,65.883952,551.260137
-28.226158,77.374645,556.289297
-39.436851,91.707412,561.057817
-48.257674,110.783104,564.415136
-52.868285,135.460512,565.441682
-51.690634,162.098240,563.720745
-45.177277,-175.291689,559.472712
-35.218675,-158.286174,553.514506
-23.394410,-145.264473,547.052197
-10.637764,-134.438180,541.359932
2.485320,-124.482216,537.436146
15.540812,-114.317259,535.743914
28.061206,-102.799357,536.121500
39.360395,-88.415269,537.891926
48.254240,-69.229513,540.129094
52.880590,-44.368421,541.985083
51.637842,-17.576320,542.969248
45.020971,5.065941,543.092959
34.972737,22.038038,542.839091
23.093252,35.017957,542.967976
7.057615,53.330030,544.769894
-6.058290,63.215794,547.960908
-18.967865,73.580186,552.479673
-31.178701,85.621634,557.551659
-41.926633,100.957260,562.071773
-49.885751,121.468580,564.916766
-53.141883,147.195864,565.271630
-50.495894,173.285655,562.872876
-42.936319,-165.557085,558.100835
-32.391895,-149.735077,551.894843
-20.266478,-137.410910,545.510761
-7.373521,-126.911581,540.184562
5.772022,-117.001747,536.799677
18.742393,-106.615223,535.663527
31.035651,-94.542875,536.467931
41.871272,-79.145012,538.444405
49.893414,-58.503542,540.655792
53.144917,-32.585362,542.321398
50.418267,-6.370030,543.069058
42.755033,14.795209,543.037874
32.128616,30.578349,542.803664
19.957539,42.862181,543.151869
3.782109,60.814053,545.419840
-9.321808,70.719947,548.988294
-22.109337,81.379052,553.735477
-34.042589,94.072047,558.779626
-44.245975,110.537154,562.979472
-51.217264,132.511189,565.259969
-53.032752,158.957427,564.926215
-48.989929,-175.867709,561.873841
-40.512514,-156.164730,556.637726
-29.469268,-141.400413,550.264148
-17.091948,-129.669073,544.037237
-4.093884,-119.421002,539.133463
9.048110,-109.492174,536.306892
21.902931,-98.810064,535.706764
33.921835,-86.081110,536.888462
44.210270,-69.540346,539.010752
51.231640,-47.415721,541.146282
53.021332,-20.780755,542.597725
48.886157,4.487397,543.117955
40.307762,24.179579,542.969021
29.190967,38.902304,542.805131
16.777664,50.595278,543.417084
0.500052,68.278979,546.170514
-12.566062,78.270127,550.091881
-25.198981,89.302533,555.011168
-36.801582,102.756559,559.954492
-46.366692,120.473396,563.765285
-52.220422,143.866175,565.436789
-52.544163,170.627213,564.407647
-47.205859,-165.391442,560.735727
-37.932248,-147.085183,555.102314
-26.465780,-133.252639,548.643164
-13.879700,-122.017966,542.648560
-0.805456,-111.949933,538.215273
12.306781,-101.936598,535.956287
25.012823,-90.879547,535.863378
36.703165,-77.382860,537.368203
46.348541,-59.574352,539.576738
52.236483,-36.012255,541.591710
52.513808,-9.074947,542.813247
47.075597,14.967609,543.123021
37.705870,33.249509,542.898528
26.174840,47.039694,542.855978
13.562494,58.238243,543.771470
-2.782192,75.740887,547.019212
-15.783967,85.883952,551.260137
-28.226158,97.374645,556.289297
-39.436851,111.707412,561.057817
-48.257674,130.783104,564.415136
-52.868285,155.460512,565.441682
-51.690634,-177.901760,563.720745
-45.177277,-155.291689,559.472712
-35.218675,-138.286174,553.514506
-23.394410,-125.264473,547.052197
-10.637764,-114.438180,541.359932
2.485320,-104.482216,537.436146
15.540812,-94.317259,535.743914
28.061206,-82.799357,536.121500
39.360395,-68.415269,537.891926
48.254240,-49.229513,540.129094
52.880590,-24.368421,541.985083
51.637842,2.423680,542.969248
45.020971,25.065941,543.092959
34.972737,42.038038,542.839091
23.093252,55.017957,542.967976
10.320030,65.810464,544.221063
-6.058290,83.215794,547.960908
-18.967865,93.580186,552.479673
-31.178701,105.621634,557.551659
-41.926633,120.957260,562.071773
-49.885751,141.468580,564.916766
-53.141883,167.195864,565.271630
-50.495894,-166.714345,562.872876
-42.936319,-145.557085,558.100835
-32.391895,-129.735077,551.894843
-20.266478,-117.410910,545.510761
-7.373521,-106.911581,540.184562
5.772022,-97.001747,536.799677
18.742393,-86.615223,535.663527
31.035651,-74.542875,536.467931
41.871272,-59.145012,538.444405
49.893414,-38.503542,540.655792
53.144917,-12.585362,542.321398
50.418267,13.629970,543.069058
42.755033,34.795209,543.037874
32.128616,50.578349,542.803664
19.957539,62.862181,543.151869
7.057615,73.330030,544.769894
-9.321808,90.719947,548.988294
-22.109337,101.379052,553.735477
-34.042589,114.072047,558.779626
-44.245975,130.537154,562.979472
-51.217264,152.511189,565.259969
-53.032752,178.957427,564.926215
-48.989929,-155.867709,561.873841
-40.512514,-136.164730,556.637726
-29.469268,-121.400413,550.264148
-17.091948,-109.669073,544.037237
-4.093884,-99.421002,539.133463
9.048110,-89.492174,536.306892
21.902931,-78.810064,535.706764
33.921835,-66.081110,536.888462
44.210270,-49.540346,539.010752
51.231640,-27.415721,541.146282
53.021332,-0.780755,542.597725
48.886157,24.487397,543.117955
40.307762,44.179579,542.969021
29.190967,58.902304,542.805131
16.777664,70.595278,543.417084
3.782109,80.814053,545.419840
-12.566062,98.270127,550.091881
-25.198981,109.302533,555.011168
-36.801582,122.756559,559.954492
-46.366692,140.473396,563.765285
-52.220422,163.866175,565.436789
-52.544163,-169.372787,564.407647
-47.205859,-145.391442,560.735727
-37.932248,-127.085183,555.102314
-26.465780,-113.252639,548.643164
-13.879700,-102.017966,542.648560
-0.805456,-91.949933,538.215273
12.306781,-81.936598,535.956287
25.012823,-70.879547,535.863378
36.703165,-57.382860,537.368203
46.348541,-39.574352,539.576738
52.236483,-16.012255,541.591710
52.513808,10.925053,542.813247
47.075597,34.967609,543.123021
37.705870,53.249509,542.898528
26.174840,67.039694,542.855978
13.562494,78.238243,543.771470
0.500052,88.278979,546.170514
-15.783967,105.883952,551.260137
-28.226158,117.374645,556.289297
-39.436851,131.707412,561.057817
-48.257674,150.783104,564.415136
-52.868285,175.460512,565.441682
-51.690634,-157.901760,563.720745
-45.177277,-135.291689,559.472712
-35.218675,-118.286174,553.514506
-23.394410,-105.264473,547.052197
-10.637764,-94.438180,541.359932
2.485320,-84.482216,537.436146
15.540812,-74.317259,535.743914
28.061206,-62.799357,536.121500
39.360395,-48.415269,537.891926
48.254240,-29.229513,540.129094
52.880590,-4.368421,541.985083
51.637842,22.423680,542.969248
45.020971,45.065941,543.092959
34.972737,62.038038,542.839091
23.093252,75.017957,542.967976
10.320030,85.810464,544.221063
-2.782192,95.740887,547.019212
-18.967865,113.580186,552.479673
-31.178701,125.621634,557.551659
-41.926633,140.957260,562.071773
-49.885751,161.468580,564.916766
-53.141883,-172.804136,565.271630
-50.495894,-146.714345,562.872876
-42.936319,-125.557085,558.100835
-32.391895,-109.735077,551.894843
-20.266478,-97.410910,545.510761
-7.373521,-86.911581,540.184562
5.772022,-77.001747,536.799677
18.742393,-66.615223,535.663527
31.035651,-54.542875,536.467931
41.871272,-39.145012,538.444405
49.893414,-18.503542,540.655792
53.144917,7.414638,542.321398
50.418267,33.629970,543.069058
42.755033,54.795209,543.037874
32.128616,70.578349,542.803664
19.957539,82.862181,543.151869
7.057615,93.330030,544.769894
-6.058290,103.215794,547.960908
-22.109337,121.379052,553.735477
-34.042589,134.072047,558.779626
-44.245975,150.537154,562.979472
-51.217264,172.511189,565.259969
-53.032752,-161.042573,564.926215
-48.989929,-135.867709,561.873841
-40.512514,-116.164730,556.637726
-29.469268,-101.400413,550.264148
-17.091948,-89.669073,544.037237
-4.093884,-79.421002,539.133463
9.048110,-69.492174,536.306892
21.902931,-58.810064,535.706764
33.921835,-46.081110,536.888462
44.210270,-29.540346,539.010752
51.231640,-7.415721,541.146282
53.021332,19.219245,542.597725
48.886157,44.487397,543.117955
40.307762,64.179579,542.969021
29.190967,78.902304,542.805131
16.777664,90.595278,543.417084
3.782109,100.814053,545.419840
-9.321808,110.719947,548.988294
-25.198981,129.302533,555.011168
-36.801582,142.756559,559.954492
-46.366692,160.473396,563.765285
-52.220422,-176.133825,565.436789
-52.544163,-149.372787,564.407647
-47.205859,-125.391442,560.735727
-37.932248,-107.085183,555.102314
-26.465780,-93.252639,548.643164
-13.879700,-82.017966,542.648560
-0.805456,-71.949933,538.215273
12.306781,-61.936598,535.956287
25.012823,-50.879547,535.863378
36.703165,-37.382860,537.368203
46.348541,-19.574352,539.576738
52.236483,3.987745,541.591710
52.513808,30.925053,542.813247
47.075597,54.967609,543.123021
37.705870,73.249509,542.898528
26.174840,87.039694,542.855978
13.562494,98.238243,543.771470
0.500052,108.278979,546.170514
-12.566062,118.270127,550.091881
-28.226158,137.374645,556.289297
-39.436851,151.707412,561.057817
-48.257674,170.783104,564.415136
-52.868285,-164.539488,565.441682
-51.690634,-137.901760,563.720745
-45.177277,-115.291689,559.472712
-35.218675,-98.286174,553.514506
-23.394410,-85.264473,547.052197
-10.637764,-74.438180,541.359932
2.485320,-64.482216,537.436146
15.540812,-54.317259,535.743914
28.061206,-42.799357,536.121500
39.360395,-28.415269,537.891926
48.254240,-9.229513,540.129094
52.880590,15.631579,541.985083
51.637842,42.423680,542.969248
45.020971,65.065941,543.092959
34.972737,82.038038,542.839091
23.093252,95.017957,542.967976
10.320030,105.810464,544.221063
-2.782192,115.740887,547.019212
-15.783967,125.883952,551.260137
-31.178701,145.621634,557.551659
-41.926633,160.957260,562.071773
-49.885751,-178.531420,564.916766
-53.141883,-152.804136,565.271630
-50.495894,-126.714345,562.872876
-42.936319,-105.557085,558.100835
-32.391895,-89.735077,551.894843
-20.266478,-77.410910,545.510761
-7.373521,-66.911581,540.184562
5.772022,-57.001747,536.799677
18.742393,-46.615223,535.663527
31.035651,-34.542875,536.467931
41.871272,-19.145012,538.444405
49.893414,1.496458,540.655792
53.144917,27.414638,542.321398
50.418267,53.629970,543.069058
42.755033,74.795209,543.037874
32.128616,90.578349,542.803664
19.957539,102.862181,543.151869
7.057615,113.330030,544.769894
-6.058290,123.215794,547.960908
-18.967865,133.580186,552.479673
-34.042589,154.072047,558.779626
-44.245975,170.537154,562.979472
-51.217264,-167.488811,565.259969
-53.032752,-141.042573,564.926215
-48.989929,-115.867709,561.873841
-40.512514,-96.164730,556.637726
-29.469268,-81.400413,550.264148
-17.091948,-69.669073,544.037237
-4.093884,-59.421002,539.133463
9.048110,-49.492174,536.306892
21.902931,-38.810064,535.706764
33.921835,-26.081110,536.888462
44.210270,-9.540346,539.010752
51.231640,12.584279,541.146282
53.021332,39.219245,542.597725
48.886157,64.487397,543.117955
40.307762,84.179579,542.969021
29.190967,98.902304,542.805131
16.777664,110.595278,543.417084
3.782109,120.814053,545.419840
-9.321808,130.719947,548.988294
-22.109337,141.379052,553.735477
-36.801582,162.756559,559.954492
-46.366692,-179.526604,563.765285
-52.220422,-156.133825,565.436789
-52.544163,-129.372787,564.407647
-47.205859,-105.391442,560.735727
-37.932248,-87.085183,555.102314
-26.465780,-73.252639,548.643164
-13.879700,-62.017966,542.648560
-0.805456,-51.949933,538.215273
12.306781,-41.936598,535.956287
25.012823,-30.879547,535.863378
36.703165,-17.382860,537.368203
46.348541,0.425648,539.576738
52.236483,23.987745,541.591710
52.513808,50.925053,542.813247
47.075597,74.967609,543.123021
37.705870,93.249509,542.898528
26.174840,107.039694,542.855978
13.562494,118.238243,543.771470
0.500052,128.278979,546.170514
-12.566062,138.270127,550.091881
-25.198981,149.302533,555.011168
-39.436851,171.707412,561.057817
-48.257674,-169.216896,564.415136
-52.868285,-144.539488,565.441682
-51.690634,-117.901760,563.720745
-45.177277,-95.291689,559.472712
-35.218675,-78.286174,553.514506
-23.394410,-65.264473,547.052197
-10.637764,-54.438180,541.359932
2.485320,-44.482216,537.436146
15.540812,-34.317259,535.743914
28.061206,-22.799357,536.121500
39.360395,-8.415269,537.891926
48.254240,10.770487,540.129094
52.880590,35.631579,541.985083
51.637842,62.423680,542.969248
45.020971,85.065941,543.092959
34.972737,102.038038,542.839091
23.093252,115.017957,542.967976
10.320030,125.810464,544.221063
-2.782192,135.740887,547.019212
-15.783967,145.883952,551.260137
-28.226158,157.374645,556.289297
-41.926633,-179.042740,562.071773
-49.885751,-158.531420,564.916766
-53.141883,-132.804136,565.271630
-50.495894,-106.714345,562.872876
-42.936319,-85.557085,558.100835
-32.391895,-69.735077,551.894843
-20.266478,-57.410910,545.510761
-7.373521,-46.911581,540.184562
5.772022,-37.001747,536.799677
18.742393,-26.615223,535.663527
31.035651,-14.542875,536.467931
41.871272,0.854988,538.444405
49.893414,21.496458,540.655792
53.144917,47.414638,542.321398
50.418267,73.629970,543.069058
42.755033,94.795209,543.037874
32.128616,110.578349,542.803664
19.957539,122.862181,543.151869
7.057615,133.330030,544.769894
-6.058290,143.215794,547.960908
-18.967865,153.580186,552.479673
-31.178701,165.621634,557.551659
-44.245975,-169.462846,562.979472
-51.217264,-147.488811,565.259969
-53.032752,-121.042573,564.926215
-48.989929,-95.867709,561.873841
-40.512514,-76.164730,556.637726
-29.469268,-61.400413,550.264148
-17.091948,-49.669073,544.037237
-4.093884,-39.421002,539.133463
9.048110,-29.492174,536.306892
21.902931,-18.810064,535.706764
33.921835,-6.081110,536.888462
44.210270,10.459654,539.010752
51.231640,32.584279,541.146282
53.021332,59.219245,542.597725
48.886157,84.487397,543.117955
40.307762,104.179579,542.969021
29.190967,118.902304,542.805131
16.777664,130.595278,543.417084
3.782109,140.814053,545.419840
-9.321808,150.719947,548.988294
-22.109337,161.379052,553.735477
-34.042589,174.072047,558.779626
-46.366692,-159.526604,563.765285
-52.220422,-136.133825,565.436789
-52.544163,-109.372787,564.407647
-47.205859,-85.391442,560.735727
-37.932248,-67.085183,555.102314
-26.465780,-53.252639,548.643164
-13.879700,-42.017966,542.648560
-0.805456,-31.949933,538.215273
12.306781,-21.936598,535.956287
25.012823,-10.879547,535.863378
36.703165,2.617140,537.368203
46.348541,20.425648,539.576738
52.236483,43.987745,541.591710
52.513808,70.925053,542.813247
47.075597,94.967609,543.123021
37.705870,113.249509,542.898528
26.174840,127.039694,542.855978
13.562494,138.238243,543.771470
0.500052,148.278979,546.170514
-12.566062,158.270127,550.091881
-25.198981,169.302533,555.011168
-36.801582,-177.243441,559.954492
-48.257674,-149.216896,564.415136
-52.868285,-124.539488,565.441682
-51.690634,-97.901760,563.720745
-45.177277,-75.291689,559.472712
-35.218675,-58.286174,553.514506
-23.394410,-45.264473,547.052197
-10.637764,-34.438180,541.359932
2.485320,-24.482216,537.436146
15.540812,-14.317259,535.743914
28.061206,-2.799357,536.121500
39.360395,11.584731,537.891926
48.254240,30.770487,540.129094
52.880590,55.631579,541.985083
51.637842,82.423680,542.969248
45.020971,105.065941,543.092959
34.972737,122.038038,542.839091
23.093252,135.017957,542.967976
10.320030,145.810464,544.221063
-2.782192,155.740887,547.019212
-15.783967,165.883952,551.260137
-28.226158,177.374645,556.289297
-39.436851,-168.292588,561.057817
-49.885751,-138.531420,564.916766
-53.141883,-112.804136,565.271630
-50.495894,-86.714345,562.872876
-42.936319,-65.557085,558.100835
-32.391895,-49.735077,551.894843
-20.266478,-37.410910,545.510761
-7.373521,-26.911581,540.184562
5.772022,-17.001747,536.799677
18.742393,-6.615223,535.663527
31.035651,5.457125,536.467931
41.871272,20.854988,538.444405
49.893414,41.496458,540.655792
53.144917,67.414638,542.321398
50.418267,93.629970,543.069058
42.755033,114.795209,543.037874
32.128616,130.578349,542.803664
19.957539,142.862181,543.151869
7.057615,153.330030,544.769894
-6.058290,163.215794,547.960908
-18.967865,173.580186,552.479673
-31.178701,-174.378366,557.551659
-41.926633,-159.042740,562.071773
-51.217264,-127.488811,565.259969
-53.032752,-101.042573,564.926215
-48.989929,-75.867709,561.873841
-40.512514,-56.164730,556.637726
-29.469268,-41.400413,550.264148
-17.091948,-29.669073,544.037237
-4.093884,-19.421002,539.133463
9.048110,-9.492174,536.306892
21.902931,1.189936,535.706764
33.921835,13.918890,536.888462
44.210270,30.459654,539.010752
51.231640,52.584279,541.146282
53.021332,79.219245,542.597725
48.886157,104.487397,543.117955
40.307762,124.179579,542.969021
29.190967,138.902304,542.805131
16.777664,150.595278,543.417084
3.782109,160.814053,545.419840
-9.321808,170.719947,548.988294
-22.109337,-178.620948,553.735477
-34.042589,-165.927953,558.779626
-44.245975,-149.462846,562.979472
-52.220422,-116.133825,565.436789
-52.544163,-89.372787,564.407647
-47.205859,-65.391442,560.735727
-37.932248,-47.085183,555.102314
-26.465780,-33.252639,548.643164
-13.879700,-22.017966,542.648560
-0.805456,-11.949933,538.215273
12.306781,-1.936598,535.956287
25.012823,9.120453,535.863378
36.703165,22.617140,537.368203
46.348541,40.425648,539.576738
52.236483,63.987745,541.591710
52.513808,90.925053,542.813247
47.075597,114.967609,543.123021
37.705870,133.249509,542.898528
26.174840,147.039694,542.855978
13.562494,158.238243,543.771470
0.500052,168.278979,546.170514
-12.566062,178.270127,550.091881
-25.198981,-170.697467,555.011168
-36.801582,-157.243441,559.954492
-46.366692,-139.526604,563.765285
-52.868285,-104.539488,565.441682
-51.690634,-77.901760,563.720745
-45.177277,-55.291689,559.472712
-35.218675,-38.286174,553.514506
-23.394410,-25.264473,547.052197
-10.637764,-14.438180,541.359932
2.485320,-4.482216,537.436146
15.540812,5.682741,535.743914
28.061206,17.200643,536.121500
39.360395,31.584731,537.891926
48.254240,50.770487,540.129094
52.880590,75.631579,541.985083
51.637842,102.423680,542.969248
45.020971,125.065941,543.092959
34.972737,142.038038,542.839091
23.093252,155.017957,542.967976
10.320030,165.810464,544.221063
-2.782192,175.740887,547.019212
-15.783967,-174.116048,551.260137
-28.226158,-162.625355,556.289297
-39.436851,-148.292588,561.057817
-48.257674,-129.216896,564.415136
-53.141883,-92.804136,565.271630
-50.495894,-66.714345,562.872876
-42.936319,-45.557085,558.100835
-32.391895,-29.735077,551.894843
-20.266478,-17.410910,545.510761
-7.373521,-6.911581,540.184562
5.772022,2.998253,536.799677
18.742393,13.384777,535.663527
31.035651,25.457125,536.467931
41.871272,40.854988,538.444405
49.893414,61.496458,540.655792
53.144917,87.414638,542.321398
50.418267,113.629970,543.069058
42.755033,134.795209,543.037874
32.128616,150.578349,542.803664
19.957539,162.862181,543.151869
7.057615,173.330030,544.769894
-6.058290,-176.784206,547.960908
-18.967865,-166.419814,552.479673
-31.178701,-154.378366,557.551659
-41.926633,-139.042740,562.071773
-49.885751,-118.531420,564.916766
-53.032752,-81.042573,564.926215
-48.989929,-55.867709,561.873841
-40.512514,-36.164730,556.637726
-29.469268,-21.400413,550.264148
-17.091948,-9.669073,544.037237
-4.093884,0.578998,539.133463
9.048110,10.507826,536.306892
21.902931,21.189936,535.706764
33.921835,33.918890,536.888462
44.210270,50.459654,539.010752
51.231640,72.584279,541.146282
53.021332,99.219245,542.597725
48.886157,124.487397,543.117955
40.307762,144.179579,542.969021
29.190967,158.902304,542.805131
16.777664,170.595278,543.417084
3.782109,-179.185947,545.419840
-9.321808,-169.280053,548.988294
-22.109337,-158.620948,553.735477
-34.042589,-145.927953,558.779626
-44.245975,-129.462846,562.979472
-51.217264,-107.488811,565.259969
-52.544163,-69.372787,564.407647
-47.205859,-45.391442,560.735727
-37.932248,-27.085183,555.102314
-26.465780,-13.252639,548.643164
-13.879700,-2.017966,542.648560
-0.805456,8.050067,538.215273
12.306781,18.063402,535.956287
25.012823,29.120453,535.863378
36.703165,42.617140,537.368203
46.348541,60.425648,539.576738
52.236483,83.987745,541.591710
52.513808,110.925053,542.813247
47.075597,134.967609,543.123021
37.705870,153.249509,542.898528
26.174840,167.039694,542.855978
13.562494,178.238243,543.771470
0.500052,-171.721021,546.170514
-12.566062,-161.729873,550.091881
-25.198981,-150.697467,555.011168
-36.801582,-137.243441,559.954492
-46.366692,-119.526604,563.765285
-52.220422,-96.133825,565.436789
-51.690634,-57.901760,563.720745
-45.177277,-35.291689,559.472712
-35.218675,-18.286174,553.514506
-23.394410,-5.264473,547.052197
-10.637764,5.561820,541.359932
2.485320,15.517784,537.436146
15.540812,25.682741,535.743914
28.061206,37.200643,536.121500
39.360395,51.584731,537.891926
48.254240,70.770487,540.129094
52.880590,95.631579,541.985083
51.637842,122.423680,542.969248
45.020971,145.065941,543.092959
34.972737,162.038038,542.839091
23.093252,175.017957,542.967976
10.320030,-174.189536,544.221063
-2.782192,-164.259113,547.019212
-15.783967,-154.116048,551.260137
-28.226158,-142.625355,556.289297
-39.436851,-128.292588,561.057817
-48.257674,-109.216896,564.415136
-52.868285,-84.539488,565.441682
-50.495894,-46.714345,562.872876
-42.936319,-25.557085,558.100835
-32.391895,-9.735077,551.894843
-20.266478,2.589090,545.510761
-7.373521,13.088419,540.184562
5.772022,22.998253,536.799677
18.742393,33.384777,535.663527
31.035651,45.457125,536.467931
41.871272,60.854988,538.444405
49.893414,81.496458,540.655792
53.144917,107.414638,542.321398
50.418267,133.629970,543.069058
42.755033,154.795209,543.037874
32.128616,170.578349,542.803664
19.957539,-177.137819,543.151869
7.057615,-166.669970,544.769894
-6.058290,-156.784206,547.960908
-18.967865,-146.419814,552.479673
-31.178701,-134.378366,557.551659
-41.926633,-119.042740,562.071773
-49.885751,-98.531420,564.916766
-53.141883,-72.804136,565.271630
-48.989929,-35.867709,561.873841
-40.512514,-16.164730,556.637726
-29.469268,-1.400413,550.264148
-17.091948,10.330927,544.037237
-4.093884,20.578998,539.133463
9.048110,30.507826,536.306892
21.902931,41.189936,535.706764
33.921835,53.918890,536.888462
44.210270,70.459654,539.010752
51.231640,92.584279,541.146282
53.021332,119.219245,542.597725
48.886157,144.487397,543.117955
40.307762,164.179579,542.969021
29.190967,178.902304,542.805131
16.777664,-169.404722,543.417084
3.782109,-159.185947,545.419840
-9.321808,-149.280053,548.988294
-22.109337,-138.620948,553.735477
-34.042589,-125.927953,558.779626
-44.245975,-109.462846,562.979472
-51.217264,-87.488811,565.259969
-53.032752,-61.042573,564.926215
-47.205859,-25.391442,560.735727
-37.932248,-7.085183,555.102314
-26.465780,6.747361,548.643164
-13.879700,17.982034,542.648560
-0.805456,28.050067,538.215273
12.306781,38.063402,535.956287
25.012823,49.120453,535.863378
36.703165,62.617140,537.368203
46.348541,80.425648,539.576738
52.236483,103.987745,541.591710
52.513808,130.925053,542.813247
47.075597,154.967609,543.123021
37.705870,173.249509,542.898528
26.174840,-172.960306,542.855978
13.562494,-161.761757,543.771470
0.500052,-151.721021,546.170514
-12.566062,-141.729873,550.091881
-25.198981,-130.697467,555.011168
-36.801582,-117.243441,559.954492
-46.366692,-99.526604,563.765285
-52.220422,-76.133825,565.436789
-52.544163,-49.372787,564.407647
-45.177277,-15.291689,559.472712
-35.218675,1.713826,553.514506
-23.394410,14.735527,547.052197
-10.637764,25.561820,541.359932
2.485320,35.517784,537.436146
15.540812,45.682741,535.743914
28.061206,57.200643,536.121500
39.360395,71.584731,537.891926
48.254240,90.770487,540.129094
52.880590,115.631579,541.985083
51.637842,142.423680,542.969248
45.020971,165.065941,543.092959
34.972737,-177.961962,542.839091
23.093252,-164.982043,542.967976
10.320030,-154.189536,544.221063
-2.782192,-144.259113,547.019212
-15.783967,-134.116048,551.260137
-28.226158,-122.625355,556.289297
-39.436851,-108.292588,561.057817
-48.257674,-89.216896,564.415136
-52.868285,-64.539488,565.441682
-51.690634,-37.901760,563.720745
-42.936319,-5.557085,558.100835
-32.391895,10.264923,551.894843
-20.266478,22.589090,545.510761
-7.373521,33.088419,540.184562
5.772022,42.998253,536.799677
18.742393,53.384777,535.663527
31.035651,65.457125,536.467931
41.871272,80.854988,538.444405
49.893414,101.496458,540.655792
53.144917,127.414638,542.321398
50.418267,153.629970,543.069058
42.755033,174.795209,543.037874
32.128616,-169.421651,542.803664
19.957539,-157.137819,543.151869
7.057615,-146.669970,544.769894
-6.058290,-136.784206,547.960908
-18.967865,-126.419814,552.479673
-31.178701,-114.378366,557.551659
-41.926633,-99.042740,562.071773
-49.885751,-78.531420,564.916766
-53.141883,-52.804136,565.271630
-50.495894,-26.714345,562.872876
-40.512514,3.835270,556.637726
-29.469268,18.599587,550.264148
-17.091948,30.330927,544.037237
-4.093884,40.578998,539.133463
9.048110,50.507826,536.306892
21.902931,61.189936,535.706764
33.921835,73.918890,536.888462
44.210270,90.459654,539.010752
51.231640,112.584279,541.146282
53.021332,139.219245,542.597725
48.886157,164.487397,543.117955
40.307762,-175.820421,542.969021
29.190967,-161.097696,542.805131
16.777664,-149.404722,543.417084
3.782109,-139.185947,545.419840
-9.321808,-129.280053,548.988294
-22.109337,-118.620948,553.735477
-34.042589,-105.927953,558.779626
-44.245975,-89.462846,562.979472
-51.217264,-67.488811,565.259969
-53.032752,-41.042573,564.926215
-48.989929,-15.867709,561.873841
-37.932248,12.914817,555.102314
-26.465780,26.747361,548.643164
-13.879700,37.982034,542.648560
-0.805456,48.050067,538.215273
12.306781,58.063402,535.956287
25.012823,69.120453,535.863378
36.703165,82.617140,537.368203
46.348541,100.425648,539.576738
52.236483,123.987745,541.591710
52.513808,150.925053,542.813247
47.075597,174.967609,543.123021
37.705870,-166.750491,542.898528
26.174840,-152.960306,542.855978
13.562494,-141.761757,543.771470
0.500052,-131.721021,546.170514
-12.566062,-121.729873,550.091881
-25.198981,-110.697467,555.011168
-36.801582,-97.243441,559.954492
-46.366692,-79.526604,563.765285
-52.220422,-56.133825,565.436789
-52.544163,-29.372787,564.407647
-47.205859,-5.391442,560.735727
-35.218675,21.713826,553.514506
-23.394410,34.735527,547.052197
-10.637764,45.561820,541.359932
2.485320,55.517784,537.436146
15.540812,65.682741,535.743914
28.061206,77.200643,536.121500
39.360395,91.584731,537.891926
48.254240,110.770487,540.129094
52.880590,135.631579,541.985083
51.637842,162.423680,542.969248
45.020971,-174.934059,543.092959
34.972737,-157.961962,542.839091
23.093252,-144.982043,542.967976
10.320030,-134.189536,544.221063
-2.782192,-124.259113,547.019212
-15.783967,-114.116048,551.260137
-28.226158,-102.625355,556.289297
-39.436851,-88.292588,561.057817
-48.257674,-69.216896,564.415136
-52.868285,-44.539488,565.441682
-51.690634,-17.901760,563.720745
-45.177277,4.708311,559.472712
-32.391895,30.264923,551.894843
-20.266478,42.589090,545.510761
-7.373521,53.088419,540.184562
5.772022,62.998253,536.799677
18.742393,73.384777,535.663527
31.035651,85.457125,536.467931
41.871272,100.854988,538.444405
49.893414,121.496458,540.655792
53.144917,147.414638,542.321398
50.418267,173.629970,543.069058
42.755033,-165.204791,543.037874
32.128616,-149.421651,542.803664
19.957539,-137.137819,543.151869
7.057615,-126.669970,544.769894
-6.058290,-116.784206,547.960908
-18.967865,-106.419814,552.479673
-31.178701,-94.378366,557.551659
-41.926633,-79.042740,562.071773
-49.885751,-58.531420,564.916766
-53.141883,-32.804136,565.271630
-50.495894,-6.714345,562.872876
-42.936319,14.442915,558.100835
-29.469268,38.599587,550.264148
-17.091948,50.330927,544.037237
-4.093884,60.578998,539.133463
9.048110,70.507826,536.306892
21.902931,81.189936,535.706764
33.921835,93.918890,536.888462
44.210270,110.459654,539.010752
51.231640,132.584279,541.146282
53.021332,159.219245,542.597725
48.886157,-175.512603,543.117955
40.307762,-155.820421,542.969021
29.190967,-141.097696,542.805131
16.777664,-129.404722,543.417084
3.782109,-119.185947,545.419840
-9.321808,-109.280053,548.988294
-22.109337,-98.620948,553.735477
-34.042589,-85.927953,558.779626
-44.245975,-69.462846,562.979472
-51.217264,-47.488811,565.259969
-53.032752,-21.042573,564.926215
-48.989929,4.132291,561.873841
-40.512514,23.835270,556.637726
-26.465780,46.747361,548.643164
-13.879700,57.982034,542.648560
-0.805456,68.050067,538.215273
12.306781,78.063402,535.956287
25.012823,89.120453,535.863378
36.703165,102.617140,537.368203
46.348541,120.425648,539.576738
52.236483,143.987745,541.591710
52.513808,170.925053,542.813247
47.075597,-165.032391,543.123021
37.705870,-146.750491,542.898528
26.174840,-132.960306,542.855978
13.562494,-121.761757,543.771470
0.500052,-111.721021,546.170514
-12.566062,-101.729873,550.091881
-25.198981,-90.697467,555.011168
-36.801582,-77.243441,559.954492
-46.366692,-59.526604,563.765285
-52.220422,-36.133825,565.436789
-52.544163,-9.372787,564.407647
-47.205859,14.608558,560.735727
-37.932248,32.914817,555.102314
-23.394410,54.735527,547.052197
-10.637764,65.561820,541.359932
2.485320,75.517784,537.436146
15.540812,85.682741,535.743914
28.061206,97.200643,536.121500
39.360395,111.584731,537.891926
48.254240,130.770487,540.129094
52.880590,155.631579,541.985083
51.637842,-177.576320,542.969248
45.020971,-154.934059,543.092959
34.972737,-137.961962,542.839091
23.093252,-124.982043,542.967976
10.320030,-114.189536,544.221063
-2.782192,-104.259113,547.019212
-15.783967,-94.116048,551.260137
-28.226158,-82.625355,556.289297
-39.436851,-68.292588,561.057817
-48.257674,-49.216896,564.415136
-52.868285,-24.539488,565.441682
-51.690634,2.098240,563.720745
-45.177277,24.708311,559.472712
-35.218675,41.713826,553.514506
-20.266478,62.589090,545.510761
-7.373521,73.088419,540.184562
5.772022,82.998253,536.799677
18.742393,93.384777,535.663527
31.035651,105.457125,536.467931
41.871272,120.854988,538.444405
49.893414,141.496458,540.655792
53.144917,167.414638,542.321398
50.418267,-166.370030,543.069058
42.755033,-145.204791,543.037874
32.128616,-129.421651,542.803664
19.957539,-117.137819,543.151869
7.057615,-106.669970,544.769894
-6.058290,-96.784206,547.960908
-18.967865,-86.419814,552.479673
-31.178701,-74.378366,557.551659
-41.926633,-59.042740,562.071773
-49.885751,-38.531420,564.916766
-53.141883,-12.804136,565.271630
-50.495894,13.285655,562.872876
-42.936319,34.442915,558.100835
-32.391895,50.264923,551.894843
-17.091948,70.330927,544.037237
-4.093884,80.578998,539.133463
9.048110,90.507826,536.306892
21.902931,101.189936,535.706764
33.921835,113.918890,536.888462
44.210270,130.459654,539.010752
51.231640,152.584279,541.146282
53.021332,179.219245,542.597725
48.886157,-155.512603,543.117955
40.307762,-135.820421,542.969021
29.190967,-121.097696,542.805131
16.777664,-109.404722,543.417084
3.782109,-99.185947,545.419840
-9.321808,-89.280053,548.988294
-22.109337,-78.620948,553.735477
-34.042589,-65.927953,558.779626
-44.245975,-49.462846,562.979472
-51.217264,-27.488811,565.259969
-53.032752,-1.042573,564.926215
-48.989929,24.132291,561.873841
-40.512514,43.835270,556.637726
-29.469268,58.599587,550.264148
-13.879700,77.982034,542.648560
-0.805456,88.050067,538.215273
12.306781,98.063402,535.956287
25.012823,109.120453,535.863378
36.703165,122.617140,537.368203
46.348541,140.425648,539.576738
52.236483,163.987745,541.591710
52.513808,-169.074947,542.813247
47.075597,-145.032391,543.123021
37.705870,-126.750491,542.898528
26.174840,-112.960306,542.855978
13.562494,-101.761757,543.771470
0.500052,-91.721021,546.170514
-12.566062,-81.729873,550.091881
-25.198981,-70.697467,555.011168
-36.801582,-57.243441,559.954492
-46.366692,-39.526604,563.765285
-52.220422,-16.133825,565.436789
-52.544163,10.627213,564.407647
-47.205859,34.608558,560.735727
-37.932248,52.914817,555.102314
-26.465780,66.747361,548.643164
-10.637764,85.561820,541.359932
2.485320,95.517784,537.436146
15.540812,105.682741,535.743914
28.061206,117.200643,536.121500
39.360395,131.584731,537.891926
48.254240,150.770487,540.129094
52.880590,175.631579,541.985083
51.637842,-157.576320,542.969248
45.020971,-134.934059,543.092959
34.972737,-117.961962,542.839091
23.093252,-104.982043,542.967976
10.320030,-94.189536,544.221063
-2.782192,-84.259113,547.019212
-15.783967,-74.116048,551.260137
-28.226158,-62.625355,556.289297
-39.436851,-48.292588,561.057817
-48.257674,-29.216896,564.415136
-52.868285,-4.539488,565.441682
-51.690634,22.098240,563.720745
-45.177277,44.708311,559.472712
-35.218675,61.713826,553.514506
-23.394410,74.735527,547.052197
-7.373521,93.088419,540.184562
5.772022,102.998253,536.799677
18.742393,113.384777,535.663527
31.035651,125.457125,536.467931
41.871272,140.854988,538.444405
49.893414,161.496458,540.655792
53.144917,-172.585362,542.321398
50.418267,-146.370030,543.069058
42.755033,-125.204791,543.037874
32.128616,-109.421651,542.803664
19.957539,-97.137819,543.151869
7.057615,-86.669970,544.769894
-6.058290,-76.784206,547.960908
-18.967865,-66.419814,552.479673
-31.178701,-54.378366,557.551659
-41.926633,-39.042740,562.071773
-49.885751,-18.531420,564.916766
-53.141883,7.195864,565.271630
-50.495894,33.285655,562.872876
-42.936319,54.442915,558.100835
-32.391895,70.264923,551.894843
-20.266478,82.589090,545.510761
-4.093884,100.578998,539.133463
9.048110,110.507826,536.306892
21.902931,121.189936,535.706764
33.921835,133.918890,536.888462
44.210270,150.459654,539.010752
51.231640,172.584279,541.146282
53.021332,-160.780755,542.597725
48.886157,-135.512603,543.117955
40.307762,-115.820421,542.969021
29.190967,-101.097696,542.805131
16.777664,-89.404722,543.417084
3.782109,-79.185947,545.419840
-9.321808,-69.280053,548.988294
-22.109337,-58.620948,553.735477
-34.042589,-45.927953,558.779626
-44.245975,-29.462846,562.979472
-51.217264,-7.488811,565.259969
-53.032752,18.957427,564.926215
-48.989929,44.132291,561.873841
-40.512514,63.835270,556.637726
-29.469268,78.599587,550.264148
-17.091948,90.330927,544.037237
-0.805456,108.050067,538.215273
12.306781,118.063402,535.956287
25.012823,129.120453,535.863378
36.703165,142.617140,537.368203
46.348541,160.425648,539.576738
52.236483,-176.012255,541.591710
52.513808,-149.074947,542.813247
47.075597,-125.032391,543.123021
37.705870,-106.750491,542.898528
26.174840,-92.960306,542.855978
13.562494,-81.761757,543.771470
0.500052,-71.721021,546.170514
-12.566062,-61.729873,550.091881
-25.198981,-50.697467,555.011168
-36.801582,-37.243441,559.954492
-46.366692,-19.526604,563.765285
-52.220422,3.866175,565.436789
-52.544163,30.627213,564.407647
-47.205859,54.608558,560.735727
-37.932248,72.914817,555.102314
-26.465780,86.747361,548.643164
-13.879700,97.982034,542.648560
2.485320,115.517784,537.436146
15.540812,125.682741,535.743914
28.061206,137.200643,536.121500
39.360395,151.584731,537.891926
48.254240,170.770487,540.129094
52.880590,-164.368421,541.985083
51.637842,-137.576320,542.969248
45.020971,-114.934059,543.092959
34.972737,-97.961962,542.839091
23.093252,-84.982043,542.967976
10.320030,-74.189536,544.221063
-2.782192,-64.259113,547.019212
-15.783967,-54.116048,551.260137
-28.226158,-42.625355,556.289297
-39.436851,-28.292588,561.057817
-48.257674,-9.216896,564.415136
-52.868285,15.460512,565.441682
-51.690634,42.098240,563.720745
-45.177277,64.708311,559.472712
-35.218675,81.713826,553.514506
-23.394410,94.735527,547.052197
-10.637764,105.561820,541.359932
5.772022,122.998253,536.799677
18.742393,133.384777,535.663527
31.035651,145.457125,536.467931
41.871272,160.854988,538.444405
49.893414,-178.503542,540.655792
53.144917,-152.585362,542.321398
50.418267,-126.370030,543.069058
42.755033,-105.204791,543.037874
32.128616,-89.421651,542.803664
19.957539,-77.137819,543.151869
7.057615,-66.669970,544.769894
-6.058290,-56.784206,547.960908
-18.967865,-46.419814,552.479673
-31.178701,-34.378366,557.551659
-41.926633,-19.042740,562.071773
-49.885751,1.468580,564.916766
-53.141883,27.195864,565.271630
-50.495894,53.285655,562.872876
-42.936319,74.442915,558.100835
-32.391895,90.264923,551.894843
-20.266478,102.589090,545.510761
-7.373521,113.088419,540.184562
9.048110,130.507826,536.306892
21.902931,141.189936,535.706764
33.921835,153.918890,536.888462
44.210270,170.459654,539.010752
51.231640,-167.415721,541.146282
53.021332,-140.780755,542.597725
48.886157,-115.512603,543.117955
40.307762,-95.820421,542.969021
29.190967,-81.097696,542.805131
16.777664,-69.404722,543.417084
3.782109,-59.185947,545.419840
-9.321808,-49.280053,548.988294
-22.109337,-38.620948,553.735477
-34.042589,-25.927953,558.779626
-44.245975,-9.462846,562.979472
-51.217264,12.511189,565.259969
-53.032752,38.957427,564.926215
-48.989929,64.132291,561.873841
-40.512514,83.835270,556.637726
-29.469268,98.599587,550.264148
-17.091948,110.330927,544.037237
-4.093884,120.578998,539.133463
12.306781,138.063402,535.956287
25.012823,149.120453,535.863378
36.703165,162.617140,537.368203
46.348541,-179.574352,539.576738
52.236483,-156.012255,541.591710
52.513808,-129.074947,542.813247
47.075597,-105.032391,543.123021
37.705870,-86.750491,542.898528
26.174840,-72.960306,542.855978
13.562494,-61.761757,543.771470
0.500052,-51.721021,546.170514
-12.566062,-41.729873,550.091881
-25.198981,-30.697467,555.011168
-36.801582,-17.243441,559.954492
-46.366692,0.473396,563.765285
-52.220422,23.866175,565.436789
-52.544163,50.627213,564.407647
-47.205859,74.608558,560.735727
-37.932248,92.914817,555.102314
-26.465780,106.747361,548.643164
-13.879700,117.982034,542.648560
-0.805456,128.050067,538.215273
15.540812,145.682741,535.743914
28.061206,157.200643,536.121500
39.360395,171.584731,537.891926
48.254240,-169.229513,540.129094
52.880590,-144.368421,541.985083
51.637842,-117.576320,542.969248
45.020971,-94.934059,543.092959
34.972737,-77.961962,542.839091
23.093252,-64.982043,542.967976
10.320030,-54.189536,544.221063
-2.782192,-44.259113,547.019212
-15.783967,-34.116048,551.260137
-28.226158,-22.625355,556.289297
-39.436851,-8.292588,561.057817
-48.257674,10.783104,564.415136
-52.868285,35.460512,565.441682
-51.690634,62.098240,563.720745
-45.177277,84.708311,559.472712
-35.218675,101.713826,553.514506
-23.394410,114.735527,547.052197
-10.637764,125.561820,541.359932
2.485320,135.517784,537.436146
18.742393,153.384777,535.663527
31.035651,165.457125,536.467931
41.871272,-179.145012,538.444405
49.893414,-158.503542,540.655792
53.144917,-132.585362,542.321398
50.418267,-106.370030,543.069058
42.755033,-85.204791,543.037874
32.128616,-69.421651,542.803664
19.957539,-57.137819,543.151869
7.057615,-46.669970,544.769894
-6.058290,-36.784206,547.960908
-18.967865,-26.419814,552.479673
-31.178701,-14.378366,557.551659
-41.926633,0.957260,562.071773
-49.885751,21.468580,564.916766
-53.141883,47.195864,565.271630
-50.495894,73.285655,562.872876
-42.936319,94.442915,558.100835
-32.391895,110.264923,551.894843
-20.266478,122.589090,545.510761
-7.373521,133.088419,540.184562
5.772022,142.998253,536.799677
21.902931,161.189936,535.706764
33.921835,173.918890,536.888462
44.210270,-169.540346,539.010752
51.231640,-147.415721,541.146282
53.021332,-120.780755,542.597725
48.886157,-95.512603,543.117955
40.307762,-75.820421,542.969021
29.190967,-61.097696,542.805131
16.777664,-49.404722,543.417084
3.782109,-39.185947,545.419840
-9.321808,-29.280053,548.988294
-22.109337,-18.620948,553.735477
-34.042589,-5.927953,558.779626
-44.245975,10.537154,562.979472
-51.217264,32.511189,565.259969
-53.032752,58.957427,564.926215
-48.989929,84.132291,561.873841
-40.512514,103.835270,556.637726
-29.469268,118.599587,550.264148
-17.091948,130.330927,544.037237
-4.093884,140.578998,539.133463
9.048110,150.507826,536.306892
25.012823,169.120453,535.863378
36.703165,-177.382860,537.368203
46.348541,-159.574352,539.576738
52.236483,-136.012255,541.591710
52.513808,-109.074947,542.813247
47.075597,-85.032391,543.123021
37.705870,-66.750491,542.898528
26.174840,-52.960306,542.855978
13.562494,-41.761757,543.771470
0.500052,-31.721021,546.170514
-12.566062,-21.729873,550.091881
-25.198981,-10.697467,555.011168
-36.801582,2.756559,559.954492
-46.366692,20.473396,563.765285
-52.220422,43.866175,565.436789
-52.544163,70.627213,564.407647
-47.205859,94.608558,560.735727
-37.932248,112.914817,555.102314
-26.465780,126.747361,548.643164
-13.879700,137.982034,542.648560
-0.805456,148.050067,538.215273
12.306781,158.063402,535.956287
28.061206,177.200643,536.121500
39.360395,-168.415269,537.891926
48.254240,-149.229513,540.129094
52.880590,-124.368421,541.985083
51.637842,-97.576320,542.969248
45.020971,-74.934059,543.092959
34.972737,-57.961962,542.839091
23.093252,-44.982043,542.967976
10.320030,-34.189536,544.221063
-2.782192,-24.259113,547.019212
-15.783967,-14.116048,551.260137
-28.226158,-2.625355,556.289297
-39.436851,11.707412,561.057817
-48.257674,30.783104,564.415136
-52.868285,55.460512,565.441682
-51.690634,82.098240,563.720745
-45.177277,104.708311,559.472712
-35.218675,121.713826,553.514506
-23.394410,134.735527,547.052197
-10.637764,145.561820,541.359932
2.485320,155.517784,537.436146
15.540812,165.682741,535.743914
31.035651,-174.542875,536.467931
41.871272,-159.145012,538.444405
49.893414,-138.503542,540.655792
53.144917,-112.585362,542.321398
50.418267,-86.370030,543.069058
42.755033,-65.204791,543.037874
32.128616,-49.421651,542.803664
19.957539,-37.137819,543.151869
7.057615,-26.669970,544.769894
-6.058290,-16.784206,547.960908
-18.967865,-6.419814,552.479673
-31.178701,5.621634,557.551659
-41.926633,20.957260,562.071773
-49.885751,41.468580,564.916766
-53.141883,67.195864,565.271630
-50.495894,93.285655,562.872876
-42.936319,114.442915,558.100835
-32.391895,130.264923,551.894843
-20.266478,142.589090,545.510761
-7.373521,153.088419,540.184562
5.772022,162.998253,536.799677
18.742393,173.384777,535.663527
33.921835,-166.081110,536.888462
44.210270,-149.540346,539.010752
51.231640,-127.415721,541.146282
53.021332,-100.780755,542.597725
48.886157,-75.512603,543.117955
40.307762,-55.820421,542.969021
29.190967,-41.097696,542.805131
16.777664,-29.404722,543.417084
3.782109,-19.185947,545.419840
-9.321808,-9.280053,548.988294
-22.109337,1.379052,553.735477
-34.042589,14.072047,558.779626
-44.245975,30.537154,562.979472
-51.217264,52.511189,565.259969
-53.032752,78.957427,564.926215
-48.989929,104.132291,561.873841
-40.512514,123.835270,556.637726
-29.469268,138.599587,550.264148
-17.091948,150.330927,544.037237
-4.093884,160.578998,539.133463
9.048110,170.507826,536.306892
21.902931,-178.810064,535.706764
36.703165,-157.382860,537.368203
46.348541,-139.574352,539.576738
52.236483,-116.012255,541.591710
52.513808,-89.074947,542.813247
47.075597,-65.032391,543.123021
37.705870,-46.750491,542.898528
26.174840,-32.960306,542.855978
13.562494,-21.761757,543.771470
0.500052,-11.721021,546.170514
-12.566062,-1.729873,550.091881
-25.198981,9.302533,555.011168
-36.801582,22.756559,559.954492
-46.366692,40.473396,563.765285
-52.220422,63.866175,565.436789
-52.544163,90.627213,564.407647
-47.205859,114.608558,560.735727
-37.932248,132.914817,555.102314
-26.465780,146.747361,548.643164
-13.879700,157.982034,542.648560
-0.805456,168.050067,538.215273
12.306781,178.063402,535.956287
25.012823,-170.879547,535.863378
39.360395,-148.415269,537.891926
48.254240,-129.229513,540.129094
52.880590,-104.368421,541.985083
51.637842,-77.576320,542.969248
45.020971,-54.934059,543.092959
34.972737,-37.961962,542.839091
23.093252,-24.982043,542.967976
10.320030,-14.189536,544.221063
-2.782192,-4.259113,547.019212
-15.783967,5.883952,551.260137
-28.226158,17.374645,556.289297
-39.436851,31.707412,561.057817
-48.257674,50.783104,564.415136
-52.868285,75.460512,565.441682
-51.690634,102.098240,563.720745
-45.177277,124.708311,559.472712
-35.218675,141.713826,553.514506
-23.394410,154.735527,547.052197
-10.637764,165.561820,541.359932
2.485320,175.517784,537.436146
15.540812,-174.317259,535.743914
28.061206,-162.799357,536.121500
41.871272,-139.145012,538.444405
49.893414,-118.503542,540.655792
53.144917,-92.585362,542.321398
50.418267,-66.370030,543.069058
42.755033,-45.204791,543.037874
32.128616,-29.421651,542.803664
19.957539,-17.137819,543.151869
7.057615,-6.669970,544.769894
-6.058290,3.215794,547.960908
-18.967865,13.580186,552.479673
-31.178701,25.621634,557.551659
-41.926633,40.957260,562.071773
-49.885751,61.468580,564.916766
-53.141883,87.195864,565.271630
-50.495894,113.285655,562.872876
-42.936319,134.442915,558.100835
-32.391895,150.264923,551.894843
-20.266478,162.589090,545.510761
-7.373521,173.088419,540.184562
5.772022,-177.001747,536.799677
18.742393,-166.615223,535.663527
31.035651,-154.542875,536.467931
44.210270,-129.540346,539.010752
51.231640,-107.415721,541.146282
53.021332,-80.780755,542.597725
48.886157,-55.512603,543.117955
40.307762,-35.820421,542.969021
29.190967,-21.097696,542.805131
16.777664,-9.404722,543.417084
3.782109,0.814053,545.419840
-9.321808,10.719947,548.988294
-22.109337,21.379052,553.735477
-34.042589,34.072047,558.779626
-44.245975,50.537154,562.979472
-51.217264,72.511189,565.259969
-53.032752,98.957427,564.926215
-48.989929,124.132291,561.873841
-40.512514,143.835270,556.637726
-29.469268,158.599587,550.264148
-17.091948,170.330927,544.037237
-4.093884,-179.421002,539.133463
9.048110,-169.492174,536.306892
21.902931,-158.810064,535.706764
33.921835,-146.081110,536.888462
