42.090663,-33.476863,543.020025
31.319414,-18.001976,542.800293
19.076226,-5.892839,543.217635
6.146669,4.498285,544.941083
-6.968471,14.383153,548.239045
-19.847164,24.822026,552.826575
-31.985627,37.034384,557.897906
-42.590658,52.671794,562.335828
-50.287683,73.590292,565.028452
-53.150023,99.554707,565.192745
-50.106477,125.423265,562.609053
-42.278654,146.172842,557.701407
-31.587112,161.687600,551.440569
-19.386895,173.836566,545.092465
-6.461648,-175.741450,539.878606
6.685519,-165.832862,536.647733
19.626881,-155.371680,535.663336
31.848771,-143.127160,536.578110
42.540950,-127.424031,538.601363
50.297690,-106.369647,540.796578
53.149530,-80.213930,542.404722
50.021656,-54.228636,543.087896
39.597803,-24.183268,542.949478
28.358497,-9.732860,542.814280
15.885675,1.813128,543.506954
2.868693,11.975361,545.619193
-10.227311,21.898405,549.288667
-22.975199,32.653297,554.089582
-34.822045,45.546813,559.112930
-44.857664,62.348561,563.211067
-51.530818,84.725577,565.325998
-52.934409,111.302348,564.798760
-48.519690,136.168652,561.569969
-39.808775,155.474969,556.216208
-28.640558,169.967356,549.810504
-16.201011,-178.448894,543.640941
-3.178909,-168.257941,538.863766
9.957456,-158.312210,536.194817
22.774331,-147.533935,535.739274
34.707534,-134.602771,537.016676
44.827096,-117.721160,539.169036
51.546196,-95.188059,541.275365
52.918128,-68.425000,542.664137
48.408537,-43.474507,543.123824
36.957161,-15.195049,542.880778
25.322915,-1.642429,542.881007
12.662134,9.434510,543.887313
-0.414051,19.437839,546.397512
-13.464961,29.464492,550.411474
-26.048578,40.615656,555.367712
-37.548602,54.302196,560.269676
-46.917652,72.387588,563.960333
-52.437475,96.155727,565.455371
-52.342312,122.926758,564.232705
-46.664202,146.539842,560.395555
-37.189202,164.473115,554.664167
-25.616943,178.068050,548.195868
-12.979722,-170.819533,542.278685
0.110817,-160.789420,537.983804
13.210014,-150.740709,535.883224
25.868250,-139.564284,535.925436
37.456367,-125.832877,537.510232
46.903924,-107.650909,539.732545
52.453050,-83.708889,541.706948
52.306013,-56.766821,542.862894
46.526611,-33.101020,543.118188
34.191219,-6.478926,542.826728
22.225183,6.296092,543.011991
9.413402,16.990301,544.364207
-3.695221,26.901753,547.272685
-16.674195,37.099319,551.595398
-29.056271,48.733722,556.643273
-40.145683,63.333038,561.349842
-48.738825,82.802471,564.570032
-52.982629,107.800120,565.411719
-51.391071,134.326212,563.500117
-44.573357,156.536190,559.100531
-34.442214,173.199851,553.065402
-22.528751,-173.983677,546.616777
-9.730856,-163.256329,541.020367
3.401106,-153.319775,537.244167
16.435825,-143.100305,535.708349
28.897370,-131.437785,536.209553
40.075221,-116.784343,538.043516
48.738884,-97.199375,540.278939
52.992901,-72.015203,542.084878
51.331555,-45.342214,543.002852
44.409965,-23.107324,543.080104
31.319414,1.998024,542.800293
19.076226,14.107161,543.217635
6.146669,24.498285,544.941083
-6.968471,34.383153,548.239045
-19.847164,44.822026,552.826575
-31.985627,57.034384,557.897906
-42.590658,72.671794,562.335828
-50.287683,93.590292,565.028452
-53.150023,119.554707,565.192745
-50.106477,145.423265,562.609053
-42.278654,166.172842,557.701407
-31.587112,-178.312400,551.440569
-19.386895,-166.163434,545.092465
-6.461648,-155.741450,539.878606
6.685519,-145.832862,536.647733
19.626881,-135.371680,535.663336
31.848771,-123.127160,536.578110
42.540950,-107.424031,538.601363
50.297690,-86.369647,540.796578
53.149530,-60.213930,542.404722
50.021656,-34.228636,543.087896
42.090663,-13.476863,543.020025
28.358497,10.267140,542.814280
15.885675,21.813128,543.506954
2.868693,31.975361,545.619193
-10.227311,41.898405,549.288667
-22.975199,52.653297,554.089582
-34.822045,65.546813,559.112930
-44.857664,82.348561,563.211067
-51.530818,104.725577,565.325998
-52.934409,131.302348,564.798760
-48.519690,156.168652,561.569969
-39.808775,175.474969,556.216208
-28.640558,-170.032644,549.810504
-16.201011,-158.448894,543.640941
-3.178909,-148.257941,538.863766
9.957456,-138.312210,536.194817
22.774331,-127.533935,535.739274
34.707534,-114.602771,537.016676
44.827096,-97.721160,539.169036
51.546196,-75.188059,541.275365
52.918128,-48.425000,542.664137
48.408537,-23.474507,543.123824
39.597803,-4.183268,542.949478
25.322915,18.357571,542.881007
12.662134,29.434510,543.887313
-0.414051,39.437839,546.397512
-13.464961,49.464492,550.411474
-26.048578,60.615656,555.367712
-37.548602,74.302196,560.269676
-46.917652,92.387588,563.960333
-52.437475,116.155727,565.455371
-52.342312,142.926758,564.232705
-46.664202,166.539842,560.395555
-37.189202,-175.526885,554.664167
-25.616943,-161.931950,548.195868
-12.979722,-150.819533,542.278685
0.110817,-140.789420,537.983804
13.210014,-130.740709,535.883224
25.868250,-119.564284,535.925436
37.456367,-105.832877,537.510232
46.903924,-87.650909,539.732545
52.453050,-63.708889,541.706948
52.306013,-36.766821,542.862894
46.526611,-13.101020,543.118188
36.957161,4.804951,542.880778
22.225183,26.296092,543.011991
9.413402,36.990301,544.364207
-3.695221,46.901753,547.272685
-16.674195,57.099319,551.595398
-29.056271,68.733722,556.643273
-40.145683,83.333038,561.349842
-48.738825,102.802471,564.570032
-52.982629,127.800120,565.411719
-51.391071,154.326212,563.500117
-44.573357,176.536190,559.100531
-34.442214,-166.800149,553.065402
-22.528751,-153.983677,546.616777
-9.730856,-143.256329,541.020367
3.401106,-133.319775,537.244167
16.435825,-123.100305,535.708349
28.897370,-111.437785,536.209553
40.075221,-96.784343,538.043516
48.738884,-77.199375,540.278939
52.992901,-52.015203,542.084878
51.331555,-25.342214,543.002852
44.409965,-3.107324,543.080104
34.191219,13.521074,542.826728
19.076226,34.107161,543.217635
6.146669,44.498285,544.941083
-6.968471,54.383153,548.239045
-19.847164,64.822026,552.826575
-31.985627,77.034384,557.897906
-42.590658,92.671794,562.335828
-50.287683,113.590292,565.028452
-53.150023,139.554707,565.192745
-50.106477,165.423265,562.609053
-42.278654,-173.827158,557.701407
-31.587112,-158.312400,551.440569
-19.386895,-146.163434,545.092465
-6.461648,-135.741450,539.878606
6.685519,-125.832862,536.647733
19.626881,-115.371680,535.663336
31.848771,-103.127160,536.578110
42.540950,-87.424031,538.601363
50.297690,-66.369647,540.796578
53.149530,-40.213930,542.404722
50.021656,-14.228636,543.087896
42.090663,6.523137,543.020025
31.319414,21.998024,542.800293
15.885675,41.813128,543.506954
2.868693,51.975361,545.619193
-10.227311,61.898405,549.288667
-22.975199,72.653297,554.089582
-34.822045,85.546813,559.112930
-44.857664,102.348561,563.211067
-51.530818,124.725577,565.325998
-52.934409,151.302348,564.798760
-48.519690,176.168652,561.569969
-39.808775,-164.525031,556.216208
-28.640558,-150.032644,549.810504
-16.201011,-138.448894,543.640941
-3.178909,-128.257941,538.863766
9.957456,-118.312210,536.194817
22.774331,-107.533935,535.739274
34.707534,-94.602771,537.016676
44.827096,-77.721160,539.169036
51.546196,-55.188059,541.275365
52.918128,-28.425000,542.664137
48.408537,-3.474507,543.123824
39.597803,15.816732,542.949478
28.358497,30.267140,542.814280
12.662134,49.434510,543.887313
-0.414051,59.437839,546.397512
-13.464961,69.464492,550.411474
-26.048578,80.615656,555.367712
-37.548602,94.302196,560.269676
-46.917652,112.387588,563.960333
-52.437475,136.155727,565.455371
-52.342312,162.926758,564.232705
-46.664202,-173.460158,560.395555
-37.189202,-155.526885,554.664167
-25.616943,-141.931950,548.195868
-12.979722,-130.819533,542.278685
0.110817,-120.789420,537.983804
13.210014,-110.740709,535.883224
25.868250,-99.564284,535.925436
37.456367,-85.832877,537.510232
46.903924,-67.650909,539.732545
52.453050,-43.708889,541.706948
52.306013,-16.766821,542.862894
46.526611,6.898980,543.118188
36.957161,24.804951,542.880778
25.322915,38.357571,542.881007
9.413402,56.990301,544.364207
-3.695221,66.901753,547.272685
-16.674195,77.099319,551.595398
-29.056271,88.733722,556.643273
-40.145683,103.333038,561.349842
-48.738825,122.802471,564.570032
-52.982629,147.800120,565.411719
-51.391071,174.326212,563.500117
-44.573357,-163.463810,559.100531
-34.442214,-146.800149,553.065402
-22.528751,-133.983677,546.616777
-9.730856,-123.256329,541.020367
3.401106,-113.319775,537.244167
16.435825,-103.100305,535.708349
28.897370,-91.437785,536.209553
40.075221,-76.784343,538.043516
48.738884,-57.199375,540.278939
52.992901,-32.015203,542.084878
51.331555,-5.342214,543.002852
44.409965,16.892676,543.080104
34.191219,33.521074,542.826728
22.225183,46.296092,543.011991
6.146669,64.498285,544.941083
-6.968471,74.383153,548.239045
-19.847164,84.822026,552.826575
-31.985627,97.034384,557.897906
-42.590658,112.671794,562.335828
-50.287683,133.590292,565.028452
-53.150023,159.554707,565.192745
-50.106477,-174.576735,562.609053
-42.278654,-153.827158,557.701407
-31.587112,-138.312400,551.440569
-19.386895,-126.163434,545.092465
-6.461648,-115.741450,539.878606
6.685519,-105.832862,536.647733
19.626881,-95.371680,535.663336
31.848771,-83.127160,536.578110
42.540950,-67.424031,538.601363
50.297690,-46.369647,540.796578
53.149530,-20.213930,542.404722
50.021656,5.771364,543.087896
42.090663,26.523137,543.020025
31.319414,41.998024,542.800293
19.076226,54.107161,543.217635
2.868693,71.975361,545.619193
-10.227311,81.898405,549.288667
-22.975199,92.653297,554.089582
-34.822045,105.546813,559.112930
-44.857664,122.348561,563.211067
-51.530818,144.725577,565.325998
-52.934409,171.302348,564.798760
-48.519690,-163.831348,561.569969
-39.808775,-144.525031,556.216208
-28.640558,-130.032644,549.810504
-16.201011,-118.448894,543.640941
-3.178909,-108.257941,538.863766
9.957456,-98.312210,536.194817
22.774331,-87.533935,535.739274
34.707534,-74.602771,537.016676
44.827096,-57.721160,539.169036
51.546196,-35.188059,541.275365
52.918128,-8.425000,542.664137
48.408537,16.525493,543.123824
39.597803,35.816732,542.949478
28.358497,50.267140,542.814280
15.885675,61.813128,543.506954
-0.414051,79.437839,546.397512
-13.464961,89.464492,550.411474
-26.048578,100.615656,555.367712
-37.548602,114.302196,560.269676
-46.917652,132.387588,563.960333
-52.437475,156.155727,565.455371
-52.342312,-177.073242,564.232705
-46.664202,-153.460158,560.395555
-37.189202,-135.526885,554.664167
-25.616943,-121.931950,548.195868
-12.979722,-110.819533,542.278685
0.110817,-100.789420,537.983804
13.210014,-90.740709,535.883224
25.868250,-79.564284,535.925436
37.456367,-65.832877,537.510232
46.903924,-47.650909,539.732545
52.453050,-23.708889,541.706948
52.306013,3.233179,542.862894
46.526611,26.898980,543.118188
36.957161,44.804951,542.880778
25.322915,58.357571,542.881007
12.662134,69.434510,543.887313
-3.695221,86.901753,547.272685
-16.674195,97.099319,551.595398
-29.056271,108.733722,556.643273
-40.145683,123.333038,561.349842
-48.738825,142.802471,564.570032
-52.982629,167.800120,565.411719
-51.391071,-165.673788,563.500117
-44.573357,-143.463810,559.100531
-34.442214,-126.800149,553.065402
-22.528751,-113.983677,546.616777
-9.730856,-103.256329,541.020367
3.401106,-93.319775,537.244167
16.435825,-83.100305,535.708349
28.897370,-71.437785,536.209553
40.075221,-56.784343,538.043516
48.738884,-37.199375,540.278939
52.992901,-12.015203,542.084878
51.331555,14.657786,543.002852
44.409965,36.892676,543.080104
34.191219,53.521074,542.826728
22.225183,66.296092,543.011991
9.413402,76.990301,544.364207
-6.968471,94.383153,548.239045
-19.847164,104.822026,552.826575
-31.985627,117.034384,557.897906
-42.590658,132.671794,562.335828
-50.287683,153.590292,565.028452
-53.150023,179.554707,565.192745
-50.106477,-154.576735,562.609053
-42.278654,-133.827158,557.701407
-31.587112,-118.312400,551.440569
-19.386895,-106.163434,545.092465
-6.461648,-95.741450,539.878606
6.685519,-85.832862,536.647733
19.626881,-75.371680,535.663336
31.848771,-63.127160,536.578110
42.540950,-47.424031,538.601363
50.297690,-26.369647,540.796578
53.149530,-0.213930,542.404722
50.021656,25.771364,543.087896
42.090663,46.523137,543.020025
31.319414,61.998024,542.800293
19.076226,74.107161,543.217635
6.146669,84.498285,544.941083
-10.227311,101.898405,549.288667
-22.975199,112.653297,554.089582
-34.822045,125.546813,559.112930
-44.857664,142.348561,563.211067
-51.530818,164.725577,565.325998
-52.934409,-168.697652,564.798760
-48.519690,-143.831348,561.569969
-39.808775,-124.525031,556.216208
-28.640558,-110.032644,549.810504
-16.201011,-98.448894,543.640941
-3.178909,-88.257941,538.863766
9.957456,-78.312210,536.194817
22.774331,-67.533935,535.739274
34.707534,-54.602771,537.016676
44.827096,-37.721160,539.169036
51.546196,-15.188059,541.275365
52.918128,11.575000,542.664137
48.408537,36.525493,543.123824
39.597803,55.816732,542.949478
28.358497,70.267140,542.814280
15.885675,81.813128,543.506954
2.868693,91.975361,545.619193
-13.464961,109.464492,550.411474
-26.048578,120.615656,555.367712
-37.548602,134.302196,560.269676
-46.917652,152.387588,563.960333
-52.437475,176.155727,565.455371
-52.342312,-157.073242,564.232705
-46.664202,-133.460158,560.395555
-37.189202,-115.526885,554.664167
-25.616943,-101.931950,548.195868
-12.979722,-90.819533,542.278685
0.110817,-80.789420,537.983804
13.210014,-70.740709,535.883224
25.868250,-59.564284,535.925436
37.456367,-45.832877,537.510232
46.903924,-27.650909,539.732545
52.453050,-3.708889,541.706948
52.306013,23.233179,542.862894
46.526611,46.898980,543.118188
36.957161,64.804951,542.880778
25.322915,78.357571,542.881007
12.662134,89.434510,543.887313
-0.414051,99.437839,546.397512
-16.674195,117.099319,551.595398
-29.056271,128.733722,556.643273
-40.145683,143.333038,561.349842
-48.738825,162.802471,564.570032
-52.982629,-172.199880,565.411719
-51.391071,-145.673788,563.500117
-44.573357,-123.463810,559.100531
-34.442214,-106.800149,553.065402
-22.528751,-93.983677,546.616777
-9.730856,-83.256329,541.020367
3.401106,-73.319775,537.244167
16.435825,-63.100305,535.708349
28.897370,-51.437785,536.209553
40.075221,-36.784343,538.043516
48.738884,-17.199375,540.278939
52.992901,7.984797,542.084878
51.331555,34.657786,543.002852
44.409965,56.892676,543.080104
34.191219,73.521074,542.826728
22.225183,86.296092,543.011991
9.413402,96.990301,544.364207
-3.695221,106.901753,547.272685
-19.847164,124.822026,552.826575
-31.985627,137.034384,557.897906
-42.590658,152.671794,562.335828
-50.287683,173.590292,565.028452
-53.150023,-160.445293,565.192745
-50.106477,-134.576735,562.609053
-42.278654,-113.827158,557.701407
-31.587112,-98.312400,551.440569
-19.386895,-86.163434,545.092465
-6.461648,-75.741450,539.878606
6.685519,-65.832862,536.647733
19.626881,-55.371680,535.663336
31.848771,-43.127160,536.578110
42.540950,-27.424031,538.601363
50.297690,-6.369647,540.796578
53.149530,19.786070,542.404722
50.021656,45.771364,543.087896
42.090663,66.523137,543.020025
31.319414,81.998024,542.800293
19.076226,94.107161,543.217635
6.146669,104.498285,544.941083
-6.968471,114.383153,548.239045
-22.975199,132.653297,554.089582
-34.822045,145.546813,559.112930
-44.857664,162.348561,563.211067
-51.530818,-175.274423,565.325998
-52.934409,-148.697652,564.798760
-48.519690,-123.831348,561.569969
-39.808775,-104.525031,556.216208
-28.640558,-90.032644,549.810504
-16.201011,-78.448894,543.640941
-3.178909,-68.257941,538.863766
9.957456,-58.312210,536.194817
22.774331,-47.533935,535.739274
34.707534,-34.602771,537.016676
44.827096,-17.721160,539.169036
51.546196,4.811941,541.275365
52.918128,31.575000,542.664137
48.408537,56.525493,543.123824
39.597803,75.816732,542.949478
28.358497,90.267140,542.814280
15.885675,101.813128,543.506954
2.868693,111.975361,545.619193
-10.227311,121.898405,549.288667
-26.048578,140.615656,555.367712
-37.548602,154.302196,560.269676
-46.917652,172.387588,563.960333
-52.437475,-163.844273,565.455371
-52.342312,-137.073242,564.232705
-46.664202,-113.460158,560.395555
-37.189202,-95.526885,554.664167
-25.616943,-81.931950,548.195868
-12.979722,-70.819533,542.278685
0.110817,-60.789420,537.983804
13.210014,-50.740709,535.883224
25.868250,-39.564284,535.925436
37.456367,-25.832877,537.510232
46.903924,-7.650909,539.732545
52.453050,16.291111,541.706948
52.306013,43.233179,542.862894
46.526611,66.898980,543.118188
36.957161,84.804951,542.880778
25.322915,98.357571,542.881007
12.662134,109.434510,543.887313
-0.414051,119.437839,546.397512
-13.464961,129.464492,550.411474
-29.056271,148.733722,556.643273
-40.145683,163.333038,561.349842
-48.738825,-177.197529,564.570032
-52.982629,-152.199880,565.411719
-51.391071,-125.673788,563.500117
-44.573357,-103.463810,559.100531
-34.442214,-86.800149,553.065402
-22.528751,-73.983677,546.616777
-9.730856,-63.256329,541.020367
3.401106,-53.319775,537.244167
16.435825,-43.100305,535.708349
28.897370,-31.437785,536.209553
40.075221,-16.784343,538.043516
48.738884,2.800625,540.278939
52.992901,27.984797,542.084878
51.331555,54.657786,543.002852
44.409965,76.892676,543.080104
34.191219,93.521074,542.826728
22.225183,106.296092,543.011991
9.413402,116.990301,544.364207
-3.695221,126.901753,547.272685
-16.674195,137.099319,551.595398
-31.985627,157.034384,557.897906
-42.590658,172.671794,562.335828
-50.287683,-166.409708,565.028452
-53.150023,-140.445293,565.192745
-50.106477,-114.576735,562.609053
-42.278654,-93.827158,557.701407
-31.587112,-78.312400,551.440569
-19.386895,-66.163434,545.092465
-6.461648,-55.741450,539.878606
6.685519,-45.832862,536.647733
19.626881,-35.371680,535.663336
31.848771,-23.127160,536.578110
42.540950,-7.424031,538.601363
50.297690,13.630353,540.796578
53.149530,39.786070,542.404722
50.021656,65.771364,543.087896
42.090663,86.523137,543.020025
31.319414,101.998024,542.800293
19.076226,114.107161,543.217635
6.146669,124.498285,544.941083
-6.968471,134.383153,548.239045
-19.847164,144.822026,552.826575
-34.822045,165.546813,559.112930
-44.857664,-177.651439,563.211067
-51.530818,-155.274423,565.325998
-52.934409,-128.697652,564.798760
-48.519690,-103.831348,561.569969
-39.808775,-84.525031,556.216208
-28.640558,-70.032644,549.810504
-16.201011,-58.448894,543.640941
-3.178909,-48.257941,538.863766
9.957456,-38.312210,536.194817
22.774331,-27.533935,535.739274
34.707534,-14.602771,537.016676
44.827096,2.278840,539.169036
51.546196,24.811941,541.275365
52.918128,51.575000,542.664137
48.408537,76.525493,543.123824
39.597803,95.816732,542.949478
28.358497,110.267140,542.814280
15.885675,121.813128,543.506954
2.868693,131.975361,545.619193
-10.227311,141.898405,549.288667
-22.975199,152.653297,554.089582
-37.548602,174.302196,560.269676
-46.917652,-167.612412,563.960333
-52.437475,-143.844273,565.455371
-52.342312,-117.073242,564.232705
-46.664202,-93.460158,560.395555
-37.189202,-75.526885,554.664167
-25.616943,-61.931950,548.195868
-12.979722,-50.819533,542.278685
0.110817,-40.789420,537.983804
13.210014,-30.740709,535.883224
25.868250,-19.564284,535.925436
37.456367,-5.832877,537.510232
46.903924,12.349091,539.732545
52.453050,36.291111,541.706948
52.306013,63.233179,542.862894
46.526611,86.898980,543.118188
36.957161,104.804951,542.880778
25.322915,118.357571,542.881007
12.662134,129.434510,543.887313
-0.414051,139.437839,546.397512
-13.464961,149.464492,550.411474
-26.048578,160.615656,555.367712
-40.145683,-176.666962,561.349842
-48.738825,-157.197529,564.570032
-52.982629,-132.199880,565.411719
-51.391071,-105.673788,563.500117
-44.573357,-83.463810,559.100531
-34.442214,-66.800149,553.065402
-22.528751,-53.983677,546.616777
-9.730856,-43.256329,541.020367
3.401106,-33.319775,537.244167
16.435825,-23.100305,535.708349
28.897370,-11.437785,536.209553
40.075221,3.215657,538.043516
48.738884,22.800625,540.278939
52.992901,47.984797,542.084878
51.331555,74.657786,543.002852
44.409965,96.892676,543.080104
34.191219,113.521074,542.826728
22.225183,126.296092,543.011991
9.413402,136.990301,544.364207
-3.695221,146.901753,547.272685
-16.674195,157.099319,551.595398
-29.056271,168.733722,556.643273
-42.590658,-167.328206,562.335828
-50.287683,-146.409708,565.028452
-53.150023,-120.445293,565.192745
-50.106477,-94.576735,562.609053
-42.278654,-73.827158,557.701407
-31.587112,-58.312400,551.440569
-19.386895,-46.163434,545.092465
-6.461648,-35.741450,539.878606
6.685519,-25.832862,536.647733
19.626881,-15.371680,535.663336
31.848771,-3.127160,536.578110
42.540950,12.575969,538.601363
50.297690,33.630353,540.796578
53.149530,59.786070,542.404722
50.021656,85.771364,543.087896
42.090663,106.523137,543.020025
31.319414,121.998024,542.800293
19.076226,134.107161,543.217635
6.146669,144.498285,544.941083
-6.968471,154.383153,548.239045
-19.847164,164.822026,552.826575
-31.985627,177.034384,557.897906
-44.857664,-157.651439,563.211067
-51.530818,-135.274423,565.325998
-52.934409,-108.697652,564.798760
-48.519690,-83.831348,561.569969
-39.808775,-64.525031,556.216208
-28.640558,-50.032644,549.810504
-16.201011,-38.448894,543.640941
-3.178909,-28.257941,538.863766
9.957456,-18.312210,536.194817
22.774331,-7.533935,535.739274
34.707534,5.397229,537.016676
44.827096,22.278840,539.169036
51.546196,44.811941,541.275365
52.918128,71.575000,542.664137
48.408537,96.525493,543.123824
39.597803,115.816732,542.949478
28.358497,130.267140,542.814280
15.885675,141.813128,543.506954
2.868693,151.975361,545.619193
-10.227311,161.898405,549.288667
-22.975199,172.653297,554.089582
-34.822045,-174.453187,559.112930
-46.917652,-147.612412,563.960333
-52.437475,-123.844273,565.455371
-52.342312,-97.073242,564.232705
-46.664202,-73.460158,560.395555
-37.189202,-55.526885,554.664167
-25.616943,-41.931950,548.195868
-12.979722,-30.819533,542.278685
0.110817,-20.789420,537.983804
13.210014,-10.740709,535.883224
25.868250,0.435716,535.925436
37.456367,14.167123,537.510232
46.903924,32.349091,539.732545
52.453050,56.291111,541.706948
52.306013,83.233179,542.862894
46.526611,106.898980,543.118188
36.957161,124.804951,542.880778
25.322915,138.357571,542.881007
12.662134,149.434510,543.887313
-0.414051,159.437839,546.397512
-13.464961,169.464492,550.411474
-26.048578,-179.384344,555.367712
-37.548602,-165.697804,560.269676
-48.738825,-137.197529,564.570032
-52.982629,-112.199880,565.411719
-51.391071,-85.673788,563.500117
-44.573357,-63.463810,559.100531
-34.442214,-46.800149,553.065402
-22.528751,-33.983677,546.616777
-9.730856,-23.256329,541.020367
3.401106,-13.319775,537.244167
16.435825,-3.100305,535.708349
28.897370,8.562215,536.209553
40.075221,23.215657,538.043516
48.738884,42.800625,540.278939
52.992901,67.984797,542.084878
51.331555,94.657786,543.002852
44.409965,116.892676,543.080104
34.191219,133.521074,542.826728
22.225183,146.296092,543.011991
9.413402,156.990301,544.364207
-3.695221,166.901753,547.272685
-16.674195,177.099319,551.595398
-29.056271,-171.266278,556.643273
-40.145683,-156.666962,561.349842
-50.287683,-126.409708,565.028452
-53.150023,-100.445293,565.192745
-50.106477,-74.576735,562.609053
-42.278654,-53.827158,557.701407
-31.587112,-38.312400,551.440569
-19.386895,-26.163434,545.092465
-6.461648,-15.741450,539.878606
6.685519,-5.832862,536.647733
19.626881,4.628320,535.663336
31.848771,16.872840,536.578110
42.540950,32.575969,538.601363
50.297690,53.630353,540.796578
53.149530,79.786070,542.404722
50.021656,105.771364,543.087896
42.090663,126.523137,543.020025
31.319414,141.998024,542.800293
19.076226,154.107161,543.217635
6.146669,164.498285,544.941083
-6.968471,174.383153,548.239045
-19.847164,-175.177974,552.826575
-31.985627,-162.965616,557.897906
-42.590658,-147.328206,562.335828
-51.530818,-115.274423,565.325998
-52.934409,-88.697652,564.798760
-48.519690,-63.831348,561.569969
-39.808775,-44.525031,556.216208
-28.640558,-30.032644,549.810504
-16.201011,-18.448894,543.640941
-3.178909,-8.257941,538.863766
9.957456,1.687790,536.194817
22.774331,12.466065,535.739274
34.707534,25.397229,537.016676
44.827096,42.278840,539.169036
51.546196,64.811941,541.275365
52.918128,91.575000,542.664137
48.408537,116.525493,543.123824
39.597803,135.816732,542.949478
28.358497,150.267140,542.814280
15.885675,161.813128,543.506954
2.868693,171.975361,545.619193
-10.227311,-178.101595,549.288667
-22.975199,-167.346703,554.089582
-34.822045,-154.453187,559.112930
-44.857664,-137.651439,563.211067
-52.437475,-103.844273,565.455371
-52.342312,-77.073242,564.232705
-46.664202,-53.460158,560.395555
-37.189202,-35.526885,554.664167
-25.616943,-21.931950,548.195868
-12.979722,-10.819533,542.278685
0.110817,-0.789420,537.983804
13.210014,9.259291,535.883224
25.868250,20.435716,535.925436
37.456367,34.167123,537.510232
46.903924,52.349091,539.732545
52.453050,76.291111,541.706948
52.306013,103.233179,542.862894
46.526611,126.898980,543.118188
36.957161,144.804951,542.880778
25.322915,158.357571,542.881007
12.662134,169.434510,543.887313
-0.414051,179.437839,546.397512
-13.464961,-170.535508,550.411474
-26.048578,-159.384344,555.367712
-37.548602,-145.697804,560.269676
-46.917652,-127.612412,563.960333
-52.982629,-92.199880,565.411719
-51.391071,-65.673788,563.500117
-44.573357,-43.463810,559.100531
-34.442214,-26.800149,553.065402
-22.528751,-13.983677,546.616777
-9.730856,-3.256329,541.020367
3.401106,6.680225,537.244167
16.435825,16.899695,535.708349
28.897370,28.562215,536.209553
40.075221,43.215657,538.043516
48.738884,62.800625,540.278939
52.992901,87.984797,542.084878
51.331555,114.657786,543.002852
44.409965,136.892676,543.080104
34.191219,153.521074,542.826728
22.225183,166.296092,543.011991
9.413402,176.990301,544.364207
-3.695221,-173.098247,547.272685
-16.674195,-162.900681,551.595398
-29.056271,-151.266278,556.643273
-40.145683,-136.666962,561.349842
-48.738825,-117.197529,564.570032
-53.150023,-80.445293,565.192745
-50.106477,-54.576735,562.609053
-42.278654,-33.827158,557.701407
-31.587112,-18.312400,551.440569
-19.386895,-6.163434,545.092465
-6.461648,4.258550,539.878606
6.685519,14.167138,536.647733
19.626881,24.628320,535.663336
31.848771,36.872840,536.578110
42.540950,52.575969,538.601363
50.297690,73.630353,540.796578
53.149530,99.786070,542.404722
50.021656,125.771364,543.087896
42.090663,146.523137,543.020025
31.319414,161.998024,542.800293
19.076226,174.107161,543.217635
6.146669,-175.501715,544.941083
-6.968471,-165.616847,548.239045
-19.847164,-155.177974,552.826575
-31.985627,-142.965616,557.897906
-42.590658,-127.328206,562.335828
-50.287683,-106.409708,565.028452
-52.934409,-68.697652,564.798760
-48.519690,-43.831348,561.569969
-39.808775,-24.525031,556.216208
-28.640558,-10.032644,549.810504
-16.201011,1.551106,543.640941
-3.178909,11.742059,538.863766
9.957456,21.687790,536.194817
22.774331,32.466065,535.739274
34.707534,45.397229,537.016676
44.827096,62.278840,539.169036
51.546196,84.811941,541.275365
52.918128,111.575000,542.664137
48.408537,136.525493,543.123824
39.597803,155.816732,542.949478
28.358497,170.267140,542.814280
15.885675,-178.186872,543.506954
2.868693,-168.024639,545.619193
-10.227311,-158.101595,549.288667
-22.975199,-147.346703,554.089582
-34.822045,-134.453187,559.112930
-44.857664,-117.651439,563.211067
-51.530818,-95.274423,565.325998
-52.342312,-57.073242,564.232705
-46.664202,-33.460158,560.395555
-37.189202,-15.526885,554.664167
-25.616943,-1.931950,548.195868
-12.979722,9.180467,542.278685
0.110817,19.210580,537.983804
13.210014,29.259291,535.883224
25.868250,40.435716,535.925436
37.456367,54.167123,537.510232
46.903924,72.349091,539.732545
52.453050,96.291111,541.706948
52.306013,123.233179,542.862894
46.526611,146.898980,543.118188
36.957161,164.804951,542.880778
25.322915,178.357571,542.881007
12.662134,-170.565490,543.887313
-0.414051,-160.562161,546.397512
-13.464961,-150.535508,550.411474
-26.048578,-139.384344,555.367712
-37.548602,-125.697804,560.269676
-46.917652,-107.612412,563.960333
-52.437475,-83.844273,565.455371
-51.391071,-45.673788,563.500117
-44.573357,-23.463810,559.100531
-34.442214,-6.800149,553.065402
-22.528751,6.016323,546.616777
-9.730856,16.743671,541.020367
3.401106,26.680225,537.244167
16.435825,36.899695,535.708349
28.897370,48.562215,536.209553
40.075221,63.215657,538.043516
48.738884,82.800625,540.278939
52.992901,107.984797,542.084878
51.331555,134.657786,543.002852
44.409965,156.892676,543.080104
34.191219,173.521074,542.826728
22.225183,-173.703908,543.011991
9.413402,-163.009699,544.364207
-3.695221,-153.098247,547.272685
-16.674195,-142.900681,551.595398
-29.056271,-131.266278,556.643273
-40.145683,-116.666962,561.349842
-48.738825,-97.197529,564.570032
-52.982629,-72.199880,565.411719
-50.106477,-34.576735,562.609053
-42.278654,-13.827158,557.701407
-31.587112,1.687600,551.440569
-19.386895,13.836566,545.092465
-6.461648,24.258550,539.878606
6.685519,34.167138,536.647733
19.626881,44.628320,535.663336
31.848771,56.872840,536.578110
42.540950,72.575969,538.601363
50.297690,93.630353,540.796578
53.149530,119.786070,542.404722
50.021656,145.771364,543.087896
42.090663,166.523137,543.020025
31.319414,-178.001976,542.800293
19.076226,-165.892839,543.217635
6.146669,-155.501715,544.941083
-6.968471,-145.616847,548.239045
-19.847164,-135.177974,552.826575
-31.985627,-122.965616,557.897906
-42.590658,-107.328206,562.335828
-50.287683,-86.409708,565.028452
-53.150023,-60.445293,565.192745
-48.519690,-23.831348,561.569969
-39.808775,-4.525031,556.216208
-28.640558,9.967356,549.810504
-16.201011,21.551106,543.640941
-3.178909,31.742059,538.863766
9.957456,41.687790,536.194817
22.774331,52.466065,535.739274
34.707534,65.397229,537.016676
44.827096,82.278840,539.169036
51.546196,104.811941,541.275365
52.918128,131.575000,542.664137
48.408537,156.525493,543.123824
39.597803,175.816732,542.949478
28.358497,-169.732860,542.814280
15.885675,-158.186872,543.506954
2.868693,-148.024639,545.619193
-10.227311,-138.101595,549.288667
-22.975199,-127.346703,554.089582
-34.822045,-114.453187,559.112930
-44.857664,-97.651439,563.211067
-51.530818,-75.274423,565.325998
-52.934409,-48.697652,564.798760
-46.664202,-13.460158,560.395555
-37.189202,4.473115,554.664167
-25.616943,18.068050,548.195868
-12.979722,29.180467,542.278685
0.110817,39.210580,537.983804
13.210014,49.259291,535.883224
25.868250,60.435716,535.925436
37.456367,74.167123,537.510232
46.903924,92.349091,539.732545
52.453050,116.291111,541.706948
52.306013,143.233179,542.862894
46.526611,166.898980,543.118188
36.957161,-175.195049,542.880778
25.322915,-161.642429,542.881007
12.662134,-150.565490,543.887313
-0.414051,-140.562161,546.397512
-13.464961,-130.535508,550.411474
-26.048578,-119.384344,555.367712
-37.548602,-105.697804,560.269676
-46.917652,-87.612412,563.960333
-52.437475,-63.844273,565.455371
-52.342312,-37.073242,564.232705
-44.573357,-3.463810,559.100531
-34.442214,13.199851,553.065402
-22.528751,26.016323,546.616777
-9.730856,36.743671,541.020367
3.401106,46.680225,537.244167
16.435825,56.899695,535.708349
28.897370,68.562215,536.209553
40.075221,83.215657,538.043516
48.738884,102.800625,540.278939
52.992901,127.984797,542.084878
51.331555,154.657786,543.002852
44.409965,176.892676,543.080104
34.191219,-166.478926,542.826728
22.225183,-153.703908,543.011991
9.413402,-143.009699,544.364207
-3.695221,-133.098247,547.272685
-16.674195,-122.900681,551.595398
-29.056271,-111.266278,556.643273
-40.145683,-96.666962,561.349842
-48.738825,-77.197529,564.570032
-52.982629,-52.199880,565.411719
-51.391071,-25.673788,563.500117
-42.278654,6.172842,557.701407
-31.587112,21.687600,551.440569
-19.386895,33.836566,545.092465
-6.461648,44.258550,539.878606
6.685519,54.167138,536.647733
19.626881,64.628320,535.663336
31.848771,76.872840,536.578110
42.540950,92.575969,538.601363
50.297690,113.630353,540.796578
53.149530,139.786070,542.404722
50.021656,165.771364,543.087896
42.090663,-173.476863,543.020025
31.319414,-158.001976,542.800293
19.076226,-145.892839,543.217635
6.146669,-135.501715,544.941083
-6.968471,-125.616847,548.239045
-19.847164,-115.177974,552.826575
-31.985627,-102.965616,557.897906
-42.590658,-87.328206,562.335828
-50.287683,-66.409708,565.028452
-53.150023,-40.445293,565.192745
-50.106477,-14.576735,562.609053
-39.808775,15.474969,556.216208
-28.640558,29.967356,549.810504
-16.201011,41.551106,543.640941
-3.178909,51.742059,538.863766
9.957456,61.687790,536.194817
22.774331,72.466065,535.739274
34.707534,85.397229,537.016676
44.827096,102.278840,539.169036
51.546196,124.811941,541.275365
52.918128,151.575000,542.664137
48.408537,176.525493,543.123824
39.597803,-164.183268,542.949478
28.358497,-149.732860,542.814280
15.885675,-138.186872,543.506954
2.868693,-128.024639,545.619193
-10.227311,-118.101595,549.288667
-22.975199,-107.346703,554.089582
-34.822045,-94.453187,559.112930
-44.857664,-77.651439,563.211067
-51.530818,-55.274423,565.325998
-52.934409,-28.697652,564.798760
-48.519690,-3.831348,561.569969
-37.189202,24.473115,554.664167
-25.616943,38.068050,548.195868
-12.979722,49.180467,542.278685
0.110817,59.210580,537.983804
13.210014,69.259291,535.883224
25.868250,80.435716,535.925436
37.456367,94.167123,537.510232
46.903924,112.349091,539.732545
52.453050,136.291111,541.706948
52.306013,163.233179,542.862894
46.526611,-173.101020,543.118188
36.957161,-155.195049,542.880778
25.322915,-141.642429,542.881007
12.662134,-130.565490,543.887313
-0.414051,-120.562161,546.397512
-13.464961,-110.535508,550.411474
-26.048578,-99.384344,555.367712
-37.548602,-85.697804,560.269676
-46.917652,-67.612412,563.960333
-52.437475,-43.844273,565.455371
-52.342312,-17.073242,564.232705
-46.664202,6.539842,560.395555
-34.442214,33.199851,553.065402
-22.528751,46.016323,546.616777
-9.730856,56.743671,541.020367
3.401106,66.680225,537.244167
16.435825,76.899695,535.708349
28.897370,88.562215,536.209553
40.075221,103.215657,538.043516
48.738884,122.800625,540.278939
52.992901,147.984797,542.084878
51.331555,174.657786,543.002852
44.409965,-163.107324,543.080104
34.191219,-146.478926,542.826728
22.225183,-133.703908,543.011991
9.413402,-123.009699,544.364207
-3.695221,-113.098247,547.272685
-16.674195,-102.900681,551.595398
-29.056271,-91.266278,556.643273
-40.145683,-76.666962,561.349842
-48.738825,-57.197529,564.570032
-52.982629,-32.199880,565.411719
-51.391071,-5.673788,563.500117
-44.573357,16.536190,559.100531
-31.587112,41.687600,551.440569
-19.386895,53.836566,545.092465
-6.461648,64.258550,539.878606
6.685519,74.167138,536.647733
19.626881,84.628320,535.663336
31.848771,96.872840,536.578110
42.540950,112.575969,538.601363
50.297690,133.630353,540.796578
53.149530,159.786070,542.404722
50.021656,-174.228636,543.087896
42.090663,-153.476863,543.020025
31.319414,-138.001976,542.800293
19.076226,-125.892839,543.217635
6.146669,-115.501715,544.941083
-6.968471,-105.616847,548.239045
-19.847164,-95.177974,552.826575
-31.985627,-82.965616,557.897906
-42.590658,-67.328206,562.335828
-50.287683,-46.409708,565.028452
-53.150023,-20.445293,565.192745
-50.106477,5.423265,562.609053
-42.278654,26.172842,557.701407
-28.640558,49.967356,549.810504
-16.201011,61.551106,543.640941
-3.178909,71.742059,538.863766
9.957456,81.687790,536.194817
22.774331,92.466065,535.739274
34.707534,105.397229,537.016676
44.827096,122.278840,539.169036
51.546196,144.811941,541.275365
52.918128,171.575000,542.664137
48.408537,-163.474507,543.123824
39.597803,-144.183268,542.949478
28.358497,-129.732860,542.814280
15.885675,-118.186872,543.506954
2.868693,-108.024639,545.619193
-10.227311,-98.101595,549.288667
-22.975199,-87.346703,554.089582
-34.822045,-74.453187,559.112930
-44.857664,-57.651439,563.211067
-51.530818,-35.274423,565.325998
-52.934409,-8.697652,564.798760
-48.519690,16.168652,561.569969
-39.808775,35.474969,556.216208
-25.616943,58.068050,548.195868
-12.979722,69.180467,542.278685
0.110817,79.210580,537.983804
13.210014,89.259291,535.883224
25.868250,100.435716,535.925436
37.456367,114.167123,537.510232
46.903924,132.349091,539.732545
52.453050,156.291111,541.706948
52.306013,-176.766821,542.862894
46.526611,-153.101020,543.118188
36.957161,-135.195049,542.880778
25.322915,-121.642429,542.881007
12.662134,-110.565490,543.887313
-0.414051,-100.562161,546.397512
-13.464961,-90.535508,550.411474
-26.048578,-79.384344,555.367712
-37.548602,-65.697804,560.269676
-46.917652,-47.612412,563.960333
-52.437475,-23.844273,565.455371
-52.342312,2.926758,564.232705
-46.664202,26.539842,560.395555
-37.189202,44.473115,554.664167
-22.528751,66.016323,546.616777
-9.730856,76.743671,541.020367
3.401106,86.680225,537.244167
16.435825,96.899695,535.708349
28.897370,108.562215,536.209553
40.075221,123.215657,538.043516
48.738884,142.800625,540.278939
52.992901,167.984797,542.084878
51.331555,-165.342214,543.002852
44.409965,-143.107324,543.080104
34.191219,-126.478926,542.826728
22.225183,-113.703908,543.011991
9.413402,-103.009699,544.364207
-3.695221,-93.098247,547.272685
-16.674195,-82.900681,551.595398
-29.056271,-71.266278,556.643273
-40.145683,-56.666962,561.349842
-48.738825,-37.197529,564.570032
-52.982629,-12.199880,565.411719
-51.391071,14.326212,563.500117
-44.573357,36.536190,559.100531
-34.442214,53.199851,553.065402
-19.386895,73.836566,545.092465
-6.461648,84.258550,539.878606
6.685519,94.167138,536.647733
19.626881,104.628320,535.663336
31.848771,116.872840,536.578110
42.540950,132.575969,538.601363
50.297690,153.630353,540.796578
53.149530,179.786070,542.404722
50.021656,-154.228636,543.087896
42.090663,-133.476863,543.020025
31.319414,-118.001976,542.800293
19.076226,-105.892839,543.217635
6.146669,-95.501715,544.941083
-6.968471,-85.616847,548.239045
-19.847164,-75.177974,552.826575
-31.985627,-62.965616,557.897906
-42.590658,-47.328206,562.335828
-50.287683,-26.409708,565.028452
-53.150023,-0.445293,565.192745
-50.106477,25.423265,562.609053
-42.278654,46.172842,557.701407
-31.587112,61.687600,551.440569
-16.201011,81.551106,543.640941
-3.178909,91.742059,538.863766
9.957456,101.687790,536.194817
22.774331,112.466065,535.739274
34.707534,125.397229,537.016676
44.827096,142.278840,539.169036
51.546196,164.811941,541.275365
52.918128,-168.425000,542.664137
48.408537,-143.474507,543.123824
39.597803,-124.183268,542.949478
28.358497,-109.732860,542.814280
15.885675,-98.186872,543.506954
2.868693,-88.024639,545.619193
-10.227311,-78.101595,549.288667
-22.975199,-67.346703,554.089582
-34.822045,-54.453187,559.112930
-44.857664,-37.651439,563.211067
-51.530818,-15.274423,565.325998
-52.934409,11.302348,564.798760
-48.519690,36.168652,561.569969
-39.808775,55.474969,556.216208
-28.640558,69.967356,549.810504
-12.979722,89.180467,542.278685
0.110817,99.210580,537.983804
13.210014,109.259291,535.883224
25.868250,120.435716,535.925436
37.456367,134.167123,537.510232
46.903924,152.349091,539.732545
52.453050,176.291111,541.706948
52.306013,-156.766821,542.862894
46.526611,-133.101020,543.118188
36.957161,-115.195049,542.880778
25.322915,-101.642429,542.881007
12.662134,-90.565490,543.887313
-0.414051,-80.562161,546.397512
-13.464961,-70.535508,550.411474
-26.048578,-59.384344,555.367712
-37.548602,-45.697804,560.269676
-46.917652,-27.612412,563.960333
-52.437475,-3.844273,565.455371
-52.342312,22.926758,564.232705
-46.664202,46.539842,560.395555
-37.189202,64.473115,554.664167
-25.616943,78.068050,548.195868
-9.730856,96.743671,541.020367
3.401106,106.680225,537.244167
16.435825,116.899695,535.708349
28.897370,128.562215,536.209553
40.075221,143.215657,538.043516
48.738884,162.800625,540.278939
52.992901,-172.015203,542.084878
51.331555,-145.342214,543.002852
44.409965,-123.107324,543.080104
34.191219,-106.478926,542.826728
22.225183,-93.703908,543.011991
9.413402,-83.009699,544.364207
-3.695221,-73.098247,547.272685
-16.674195,-62.900681,551.595398
-29.056271,-51.266278,556.643273
-40.145683,-36.666962,561.349842
-48.738825,-17.197529,564.570032
-52.982629,7.800120,565.411719
-51.391071,34.326212,563.500117
-44.573357,56.536190,559.100531
-34.442214,73.199851,553.065402
-22.528751,86.016323,546.616777
-6.461648,104.258550,539.878606
6.685519,114.167138,536.647733
19.626881,124.628320,535.663336
31.848771,136.872840,536.578110
42.540950,152.575969,538.601363
50.297690,173.630353,540.796578
53.149530,-160.213930,542.404722
50.021656,-134.228636,543.087896
42.090663,-113.476863,543.020025
31.319414,-98.001976,542.800293
19.076226,-85.892839,543.217635
6.146669,-75.501715,544.941083
-6.968471,-65.616847,548.239045
-19.847164,-55.177974,552.826575
-31.985627,-42.965616,557.897906
-42.590658,-27.328206,562.335828
-50.287683,-6.409708,565.028452
-53.150023,19.554707,565.192745
-50.106477,45.423265,562.609053
-42.278654,66.172842,557.701407
-31.587112,81.687600,551.440569
-19.386895,93.836566,545.092465
-3.178909,111.742059,538.863766
9.957456,121.687790,536.194817
22.774331,132.466065,535.739274
34.707534,145.397229,537.016676
44.827096,162.278840,539.169036
51.546196,-175.188059,541.275365
52.918128,-148.425000,542.664137
48.408537,-123.474507,543.123824
39.597803,-104.183268,542.949478
28.358497,-89.732860,542.814280
15.885675,-78.186872,543.506954
2.868693,-68.024639,545.619193
-10.227311,-58.101595,549.288667
-22.975199,-47.346703,554.089582
-34.822045,-34.453187,559.112930
-44.857664,-17.651439,563.211067
-51.530818,4.725577,565.325998
-52.934409,31.302348,564.798760
-48.519690,56.168652,561.569969
-39.808775,75.474969,556.216208
-28.640558,89.967356,549.810504
-16.201011,101.551106,543.640941
0.110817,119.210580,537.983804
13.210014,129.259291,535.883224
25.868250,140.435716,535.925436
37.456367,154.167123,537.510232
46.903924,172.349091,539.732545
52.453050,-163.708889,541.706948
52.306013,-136.766821,542.862894
46.526611,-113.101020,543.118188
36.957161,-95.195049,542.880778
25.322915,-81.642429,542.881007
12.662134,-70.565490,543.887313
-0.414051,-60.562161,546.397512
-13.464961,-50.535508,550.411474
-26.048578,-39.384344,555.367712
-37.548602,-25.697804,560.269676
-46.917652,-7.612412,563.960333
-52.437475,16.155727,565.455371
-52.342312,42.926758,564.232705
-46.664202,66.539842,560.395555
-37.189202,84.473115,554.664167
-25.616943,98.068050,548.195868
-12.979722,109.180467,542.278685
3.401106,126.680225,537.244167
16.435825,136.899695,535.708349
28.897370,148.562215,536.209553
40.075221,163.215657,538.043516
48.738884,-177.199375,540.278939
52.992901,-152.015203,542.084878
51.331555,-125.342214,543.002852
44.409965,-103.107324,543.080104
34.191219,-86.478926,542.826728
22.225183,-73.703908,543.011991
9.413402,-63.009699,544.364207
-3.695221,-53.098247,547.272685
-16.674195,-42.900681,551.595398
-29.056271,-31.266278,556.643273
-40.145683,-16.666962,561.349842
-48.738825,2.802471,564.570032
-52.982629,27.800120,565.411719
-51.391071,54.326212,563.500117
-44.573357,76.536190,559.100531
-34.442214,93.199851,553.065402
-22.528751,106.016323,546.616777
-9.730856,116.743671,541.020367
6.685519,134.167138,536.647733
19.626881,144.628320,535.663336
31.848771,156.872840,536.578110
42.540950,172.575969,538.601363
50.297690,-166.369647,540.796578
53.149530,-140.213930,542.404722
50.021656,-114.228636,543.087896
42.090663,-93.476863,543.020025
31.319414,-78.001976,542.800293
19.076226,-65.892839,543.217635
6.146669,-55.501715,544.941083
-6.968471,-45.616847,548.239045
-19.847164,-35.177974,552.826575
-31.985627,-22.965616,557.897906
-42.590658,-7.328206,562.335828
-50.287683,13.590292,565.028452
-53.150023,39.554707,565.192745
-50.106477,65.423265,562.609053
-42.278654,86.172842,557.701407
-31.587112,101.687600,551.440569
-19.386895,113.836566,545.092465
-6.461648,124.258550,539.878606
9.957456,141.687790,536.194817
22.774331,152.466065,535.739274
34.707534,165.397229,537.016676
44.827096,-177.721160,539.169036
51.546196,-155.188059,541.275365
52.918128,-128.425000,542.664137
48.408537,-103.474507,543.123824
39.597803,-84.183268,542.949478
28.358497,-69.732860,542.814280
15.885675,-58.186872,543.506954
2.868693,-48.024639,545.619193
-10.227311,-38.101595,549.288667
-22.975199,-27.346703,554.089582
-34.822045,-14.453187,559.112930
-44.857664,2.348561,563.211067
-51.530818,24.725577,565.325998
-52.934409,51.302348,564.798760
-48.519690,76.168652,561.569969
-39.808775,95.474969,556.216208
-28.640558,109.967356,549.810504
-16.201011,121.551106,543.640941
-3.178909,131.742059,538.863766
13.210014,149.259291,535.883224
25.868250,160.435716,535.925436
37.456367,174.167123,537.510232
46.903924,-167.650909,539.732545
52.453050,-143.708889,541.706948
52.306013,-116.766821,542.862894
46.526611,-93.101020,543.118188
36.957161,-75.195049,542.880778
25.322915,-61.642429,542.881007
12.662134,-50.565490,543.887313
-0.414051,-40.562161,546.397512
-13.464961,-30.535508,550.411474
-26.048578,-19.384344,555.367712
-37.548602,-5.697804,560.269676
-46.917652,12.387588,563.960333
-52.437475,36.155727,565.455371
-52.342312,62.926758,564.232705
-46.664202,86.539842,560.395555
-37.189202,104.473115,554.664167
-25.616943,118.068050,548.195868
-12.979722,129.180467,542.278685
0.110817,139.210580,537.983804
16.435825,156.899695,535.708349
28.897370,168.562215,536.209553
40.075221,-176.784343,538.043516
48.738884,-157.199375,540.278939
52.992901,-132.015203,542.084878
51.331555,-105.342214,543.002852
44.409965,-83.107324,543.080104
34.191219,-66.478926,542.826728
22.225183,-53.703908,543.011991
9.413402,-43.009699,544.364207
-3.695221,-33.098247,547.272685
-16.674195,-22.900681,551.595398
-29.056271,-11.266278,556.643273
-40.145683,3.333038,561.349842
-48.738825,22.802471,564.570032
-52.982629,47.800120,565.411719
-51.391071,74.326212,563.500117
-44.573357,96.536190,559.100531
-34.442214,113.199851,553.065402
-22.528751,126.016323,546.616777
-9.730856,136.743671,541.020367
3.401106,146.680225,537.244167
19.626881,164.628320,535.663336
31.848771,176.872840,536.578110
42.540950,-167.424031,538.601363
50.297690,-146.369647,540.796578
53.149530,-120.213930,542.404722
50.021656,-94.228636,543.087896
42.090663,-73.476863,543.020025
31.319414,-58.001976,542.800293
19.076226,-45.892839,543.217635
6.146669,-35.501715,544.941083
-6.968471,-25.616847,548.239045
-19.847164,-15.177974,552.826575
-31.985627,-2.965616,557.897906
-42.590658,12.671794,562.335828
-50.287683,33.590292,565.028452
-53.150023,59.554707,565.192745
-50.106477,85.423265,562.609053
-42.278654,106.172842,557.701407
-31.587112,121.687600,551.440569
-19.386895,133.836566,545.092465
-6.461648,144.258550,539.878606
6.685519,154.167138,536.647733
22.774331,172.466065,535.739274
34.707534,-174.602771,537.016676
44.827096,-157.721160,539.169036
51.546196,-135.188059,541.275365
52.918128,-108.425000,542.664137
48.408537,-83.474507,543.123824
39.597803,-64.183268,542.949478
28.358497,-49.732860,542.814280
15.885675,-38.186872,543.506954
2.868693,-28.024639,545.619193
-10.227311,-18.101595,549.288667
-22.975199,-7.346703,554.089582
-34.822045,5.546813,559.112930
-44.857664,22.348561,563.211067
-51.530818,44.725577,565.325998
-52.934409,71.302348,564.798760
-48.519690,96.168652,561.569969
-39.808775,115.474969,556.216208
-28.640558,129.967356,549.810504
-16.201011,141.551106,543.640941
-3.178909,151.742059,538.863766
9.957456,161.687790,536.194817
25.868250,-179.564284,535.925436
37.456367,-165.832877,537.510232
46.903924,-147.650909,539.732545
52.453050,-123.708889,541.706948
52.306013,-96.766821,542.862894
46.526611,-73.101020,543.118188
36.957161,-55.195049,542.880778
25.322915,-41.642429,542.881007
12.662134,-30.565490,543.887313
-0.414051,-20.562161,546.397512
-13.464961,-10.535508,550.411474
-26.048578,0.615656,555.367712
-37.548602,14.302196,560.269676
-46.917652,32.387588,563.960333
-52.437475,56.155727,565.455371
-52.342312,82.926758,564.232705
-46.664202,106.539842,560.395555
-37.189202,124.473115,554.664167
-25.616943,138.068050,548.195868
-12.979722,149.180467,542.278685
0.110817,159.210580,537.983804
13.210014,169.259291,535.883224
28.897370,-171.437785,536.209553
40.075221,-156.784343,538.043516
48.738884,-137.199375,540.278939
52.992901,-112.015203,542.084878
51.331555,-85.342214,543.002852
44.409965,-63.107324,543.080104
34.191219,-46.478926,542.826728
22.225183,-33.703908,543.011991
9.413402,-23.009699,544.364207
-3.695221,-13.098247,547.272685
-16.674195,-2.900681,551.595398
-29.056271,8.733722,556.643273
-40.145683,23.333038,561.349842
-48.738825,42.802471,564.570032
-52.982629,67.800120,565.411719
-51.391071,94.326212,563.500117
-44.573357,116.536190,559.100531
-34.442214,133.199851,553.065402
-22.528751,146.016323,546.616777
-9.730856,156.743671,541.020367
3.401106,166.680225,537.244167
16.435825,176.899695,535.708349
31.848771,-163.127160,536.578110
42.540950,-147.424031,538.601363
50.297690,-126.369647,540.796578
53.149530,-100.213930,542.404722
50.021656,-74.228636,543.087896
42.090663,-53.476863,543.020025
31.319414,-38.001976,542.800293
19.076226,-25.892839,543.217635
6.146669,-15.501715,544.941083
-6.968471,-5.616847,548.239045
-19.847164,4.822026,552.826575
-31.985627,17.034384,557.897906
-42.590658,32.671794,562.335828
-50.287683,53.590292,565.028452
-53.150023,79.554707,565.192745
-50.106477,105.423265,562.609053
-42.278654,126.172842,557.701407
-31.587112,141.687600,551.440569
-19.386895,153.836566,545.092465
-6.461648,164.258550,539.878606
6.685519,174.167138,536.647733
19.626881,-175.371680,535.663336
34.707534,-154.602771,537.016676
44.827096,-137.721160,539.169036
51.546196,-115.188059,541.275365
52.918128,-88.425000,542.664137
48.408537,-63.474507,543.123824
39.597803,-44.183268,542.949478
28.358497,-29.732860,542.814280
15.885675,-18.186872,543.506954
2.868693,-8.024639,545.619193
-10.227311,1.898405,549.288667
-22.975199,12.653297,554.089582
-34.822045,25.546813,559.112930
-44.857664,42.348561,563.211067
-51.530818,64.725577,565.325998
-52.934409,91.302348,564.798760
-48.519690,116.168652,561.569969
-39.808775,135.474969,556.216208
-28.640558,149.967356,549.810504
-16.201011,161.551106,543.640941
-3.178909,171.742059,538.863766
9.957456,-178.312210,536.194817
22.774331,-167.533935,535.739274
37.456367,-145.832877,537.510232
46.903924,-127.650909,539.732545
52.453050,-103.708889,541.706948
52.306013,-76.766821,542.862894
46.526611,-53.101020,543.118188
36.957161,-35.195049,542.880778
25.322915,-21.642429,542.881007
12.662134,-10.565490,543.887313
-0.414051,-0.562161,546.397512
-13.464961,9.464492,550.411474
-26.048578,20.615656,555.367712
-37.548602,34.302196,560.269676
-46.917652,52.387588,563.960333
-52.437475,76.155727,565.455371
-52.342312,102.926758,564.232705
-46.664202,126.539842,560.395555
-37.189202,144.473115,554.664167
-25.616943,158.068050,548.195868
-12.979722,169.180467,542.278685
0.110817,179.210580,537.983804
13.210014,-170.740709,535.883224
25.868250,-159.564284,535.925436
40.075221,-136.784343,538.043516
48.738884,-117.199375,540.278939
52.992901,-92.015203,542.084878
51.331555,-65.342214,543.002852
44.409965,-43.107324,543.080104
34.191219,-26.478926,542.826728
22.225183,-13.703908,543.011991
9.413402,-3.009699,544.364207
-3.695221,6.901753,547.272685
-16.674195,17.099319,551.595398
-29.056271,28.733722,556.643273
-40.145683,43.333038,561.349842
-48.738825,62.802471,564.570032
-52.982629,87.800120,565.411719
-51.391071,114.326212,563.500117
-44.573357,136.536190,559.100531
-34.442214,153.199851,553.065402
-22.528751,166.016323,546.616777
-9.730856,176.743671,541.020367
3.401106,-173.319775,537.244167
16.435825,-163.100305,535.708349
28.897370,-151.437785,536.209553
