36.418568,-25.043324,542.867905
24.713873,-11.654026,542.900902
12.020375,-0.659525,543.973412
-1.064328,9.320354,546.562851
-14.103161,19.375438,550.641204
-26.649954,30.615186,555.620964
-38.074004,44.472802,560.490264
-47.298416,62.825238,564.092730
-52.574833,86.852958,565.460874
-52.181694,113.610181,564.101028
-46.267696,136.954093,560.148639
-36.654533,154.626910,554.351123
-25.009985,168.058426,547.880221
-12.338130,179.087939,542.021300
0.762723,-170.905755,537.826489
13.851357,-160.828686,535.838255
26.473794,-149.563199,535.974539
37.986124,-135.659060,537.613219
47.287678,-117.206457,539.842378
52.589796,-93.001855,541.785937
52.141018,-66.077738,542.894754
46.124928,-42.686960,543.112370
33.630202,-16.377154,542.818289
21.605171,-3.742623,543.045894
8.767521,6.885416,544.469923
-4.344437,16.786452,547.456638
-17.305858,27.026109,551.835678
-29.643191,38.767213,556.893893
-40.642854,53.562095,561.553187
-49.068335,73.314859,564.673370
-53.046124,98.528037,565.382630
-51.162156,124.955008,563.336359
-44.134049,146.877592,558.831650
-33.884686,163.303762,552.745550
-21.910341,175.979470,546.310482
-9.084677,-173.359814,540.785120
4.052363,-163.433978,537.115043
17.070943,-153.172387,535.689680
29.488603,-141.402471,536.276448
40.576588,-126.551366,538.152521
49.070687,-106.679114,540.383914
53.054688,-81.277764,542.152611
51.097762,-54.709495,543.023435
43.965677,-32.766918,543.069044
30.739493,-7.943797,542.798851
18.447245,4.045915,543.267455
5.498036,14.385960,545.066844
-7.615355,24.273243,548.440221
-20.470645,34.768624,553.074467
-32.555365,47.107437,558.142211
-43.054732,62.965543,562.518556
-50.559244,84.174342,565.100655
-53.137693,110.290735,565.128914
-49.815113,135.985416,562.415096
-41.802467,156.445751,557.414017
-31.010224,171.747908,551.118030
-18.759035,-176.222937,544.799194
-5.812259,-165.852473,539.667730
7.334836,-155.941706,536.547063
20.254094,-145.423864,535.669357
32.422908,-133.051929,536.660001
43.008953,-117.125514,538.713423
50.570695,-95.776760,540.894566
53.134451,-69.469241,542.460570
49.725129,-43.664189,543.098206
41.609788,-23.205499,543.005931
27.762705,0.287685,542.822327
15.249504,11.733551,543.574290
2.218606,21.858861,545.764982
-10.870548,31.797191,549.505237
-23.588663,42.624010,554.341872
-35.371445,55.665459,559.347209
-45.283135,72.712404,563.370045
-51.738034,95.373119,565.365431
-52.846618,122.022919,564.700561
-48.172414,146.657692,561.348153
-39.301016,165.685134,555.914030
-28.047329,179.989968,549.489393
-15.565482,-168.526848,543.364085
-2.527622,-158.373221,538.679031
10.603494,-148.412366,536.122362
23.391768,-137.561866,535.767995
35.261352,-124.481489,537.110622
45.256099,-107.351576,539.281311
51.753872,-84.530982,541.364569
52.826679,-57.697116,542.707889
48.056011,-32.984561,543.125225
39.085715,-13.974990,542.934739
24.713873,8.345974,542.900902
12.020375,19.340475,543.973412
-1.064328,29.320354,546.562851
-14.103161,39.375438,550.641204
-26.649954,50.615186,555.620964
-38.074004,64.472802,560.490264
-47.298416,82.825238,564.092730
-52.574833,106.852958,565.460874
-52.181694,133.610181,564.101028
-46.267696,156.954093,560.148639
-36.654533,174.626910,554.351123
-25.009985,-171.941574,547.880221
-12.338130,-160.912061,542.021300
0.762723,-150.905755,537.826489
13.851357,-140.828686,535.838255
26.473794,-129.563199,535.974539
37.986124,-115.659060,537.613219
47.287678,-97.206457,539.842378
52.589796,-73.001855,541.785937
52.141018,-46.077738,542.894754
46.124928,-22.686960,543.112370
36.418568,-5.043324,542.867905
21.605171,16.257377,543.045894
8.767521,26.885416,544.469923
-4.344437,36.786452,547.456638
-17.305858,47.026109,551.835678
-29.643191,58.767213,556.893893
-40.642854,73.562095,561.553187
-49.068335,93.314859,564.673370
-53.046124,118.528037,565.382630
-51.162156,144.955008,563.336359
-44.134049,166.877592,558.831650
-33.884686,-176.696238,552.745550
-21.910341,-164.020530,546.310482
-9.084677,-153.359814,540.785120
4.052363,-143.433978,537.115043
17.070943,-133.172387,535.689680
29.488603,-121.402471,536.276448
40.576588,-106.551366,538.152521
49.070687,-86.679114,540.383914
53.054688,-61.277764,542.152611
51.097762,-34.709495,543.023435
43.965677,-12.766918,543.069044
33.630202,3.622846,542.818289
18.447245,24.045915,543.267455
5.498036,34.385960,545.066844
-7.615355,44.273243,548.440221
-20.470645,54.768624,553.074467
-32.555365,67.107437,558.142211
-43.054732,82.965543,562.518556
-50.559244,104.174342,565.100655
-53.137693,130.290735,565.128914
-49.815113,155.985416,562.415096
-41.802467,176.445751,557.414017
-31.010224,-168.252092,551.118030
-18.759035,-156.222937,544.799194
-5.812259,-145.852473,539.667730
7.334836,-135.941706,536.547063
20.254094,-125.423864,535.669357
32.422908,-113.051929,536.660001
43.008953,-97.125514,538.713423
50.570695,-75.776760,540.894566
53.134451,-49.469241,542.460570
49.725129,-23.664189,543.098206
41.609788,-3.205499,543.005931
30.739493,12.056203,542.798851
15.249504,31.733551,543.574290
2.218606,41.858861,545.764982
-10.870548,51.797191,549.505237
-23.588663,62.624010,554.341872
-35.371445,75.665459,559.347209
-45.283135,92.712404,563.370045
-51.738034,115.373119,565.365431
-52.846618,142.022919,564.700561
-48.172414,166.657692,561.348153
-39.301016,-174.314866,555.914030
-28.047329,-160.010032,549.489393
-15.565482,-148.526848,543.364085
-2.527622,-138.373221,538.679031
10.603494,-128.412366,536.122362
23.391768,-117.561866,535.767995
35.261352,-104.481489,537.110622
45.256099,-87.351576,539.281311
51.753872,-64.530982,541.364569
52.826679,-37.697116,542.707889
48.056011,-12.984561,543.125225
39.085715,6.025010,542.934739
27.762705,20.287685,542.822327
12.020375,39.340475,543.973412
-1.064328,49.320354,546.562851
-14.103161,59.375438,550.641204
-26.649954,70.615186,555.620964
-38.074004,84.472802,560.490264
-47.298416,102.825238,564.092730
-52.574833,126.852958,565.460874
-52.181694,153.610181,564.101028
-46.267696,176.954093,560.148639
-36.654533,-165.373090,554.351123
-25.009985,-151.941574,547.880221
-12.338130,-140.912061,542.021300
0.762723,-130.905755,537.826489
13.851357,-120.828686,535.838255
26.473794,-109.563199,535.974539
37.986124,-95.659060,537.613219
47.287678,-77.206457,539.842378
52.589796,-53.001855,541.785937
52.141018,-26.077738,542.894754
46.124928,-2.686960,543.112370
36.418568,14.956676,542.867905
24.713873,28.345974,542.900902
8.767521,46.885416,544.469923
-4.344437,56.786452,547.456638
-17.305858,67.026109,551.835678
-29.643191,78.767213,556.893893
-40.642854,93.562095,561.553187
-49.068335,113.314859,564.673370
-53.046124,138.528037,565.382630
-51.162156,164.955008,563.336359
-44.134049,-173.122408,558.831650
-33.884686,-156.696238,552.745550
-21.910341,-144.020530,546.310482
-9.084677,-133.359814,540.785120
4.052363,-123.433978,537.115043
17.070943,-113.172387,535.689680
29.488603,-101.402471,536.276448
40.576588,-86.551366,538.152521
49.070687,-66.679114,540.383914
53.054688,-41.277764,542.152611
51.097762,-14.709495,543.023435
43.965677,7.233082,543.069044
33.630202,23.622846,542.818289
21.605171,36.257377,543.045894
5.498036,54.385960,545.066844
-7.615355,64.273243,548.440221
-20.470645,74.768624,553.074467
-32.555365,87.107437,558.142211
-43.054732,102.965543,562.518556
-50.559244,124.174342,565.100655
-53.137693,150.290735,565.128914
-49.815113,175.985416,562.415096
-41.802467,-163.554249,557.414017
-31.010224,-148.252092,551.118030
-18.759035,-136.222937,544.799194
-5.812259,-125.852473,539.667730
7.334836,-115.941706,536.547063
20.254094,-105.423864,535.669357
32.422908,-93.051929,536.660001
43.008953,-77.125514,538.713423
50.570695,-55.776760,540.894566
53.134451,-29.469241,542.460570
49.725129,-3.664189,543.098206
41.609788,16.794501,543.005931
30.739493,32.056203,542.798851
18.447245,44.045915,543.267455
2.218606,61.858861,545.764982
-10.870548,71.797191,549.505237
-23.588663,82.624010,554.341872
-35.371445,95.665459,559.347209
-45.283135,112.712404,563.370045
-51.738034,135.373119,565.365431
-52.846618,162.022919,564.700561
-48.172414,-173.342308,561.348153
-39.301016,-154.314866,555.914030
-28.047329,-140.010032,549.489393
-15.565482,-128.526848,543.364085
-2.527622,-118.373221,538.679031
10.603494,-108.412366,536.122362
23.391768,-97.561866,535.767995
35.261352,-84.481489,537.110622
45.256099,-67.351576,539.281311
51.753872,-44.530982,541.364569
52.826679,-17.697116,542.707889
48.056011,7.015439,543.125225
39.085715,26.025010,542.934739
27.762705,40.287685,542.822327
15.249504,51.733551,543.574290
-1.064328,69.320354,546.562851
-14.103161,79.375438,550.641204
-26.649954,90.615186,555.620964
-38.074004,104.472802,560.490264
-47.298416,122.825238,564.092730
-52.574833,146.852958,565.460874
-52.181694,173.610181,564.101028
-46.267696,-163.045907,560.148639
-36.654533,-145.373090,554.351123
-25.009985,-131.941574,547.880221
-12.338130,-120.912061,542.021300
0.762723,-110.905755,537.826489
13.851357,-100.828686,535.838255
26.473794,-89.563199,535.974539
37.986124,-75.659060,537.613219
47.287678,-57.206457,539.842378
52.589796,-33.001855,541.785937
52.141018,-6.077738,542.894754
46.124928,17.313040,543.112370
36.418568,34.956676,542.867905
24.713873,48.345974,542.900902
12.020375,59.340475,543.973412
-4.344437,76.786452,547.456638
-17.305858,87.026109,551.835678
-29.643191,98.767213,556.893893
-40.642854,113.562095,561.553187
-49.068335,133.314859,564.673370
-53.046124,158.528037,565.382630
-51.162156,-175.044992,563.336359
-44.134049,-153.122408,558.831650
-33.884686,-136.696238,552.745550
-21.910341,-124.020530,546.310482
-9.084677,-113.359814,540.785120
4.052363,-103.433978,537.115043
17.070943,-93.172387,535.689680
29.488603,-81.402471,536.276448
40.576588,-66.551366,538.152521
49.070687,-46.679114,540.383914
53.054688,-21.277764,542.152611
51.097762,5.290505,543.023435
43.965677,27.233082,543.069044
33.630202,43.622846,542.818289
21.605171,56.257377,543.045894
8.767521,66.885416,544.469923
-7.615355,84.273243,548.440221
-20.470645,94.768624,553.074467
-32.555365,107.107437,558.142211
-43.054732,122.965543,562.518556
-50.559244,144.174342,565.100655
-53.137693,170.290735,565.128914
-49.815113,-164.014584,562.415096
-41.802467,-143.554249,557.414017
-31.010224,-128.252092,551.118030
-18.759035,-116.222937,544.799194
-5.812259,-105.852473,539.667730
7.334836,-95.941706,536.547063
20.254094,-85.423864,535.669357
32.422908,-73.051929,536.660001
43.008953,-57.125514,538.713423
50.570695,-35.776760,540.894566
53.134451,-9.469241,542.460570
49.725129,16.335811,543.098206
41.609788,36.794501,543.005931
30.739493,52.056203,542.798851
18.447245,64.045915,543.267455
5.498036,74.385960,545.066844
-10.870548,91.797191,549.505237
-23.588663,102.624010,554.341872
-35.371445,115.665459,559.347209
-45.283135,132.712404,563.370045
-51.738034,155.373119,565.365431
-52.846618,-177.977081,564.700561
-48.172414,-153.342308,561.348153
-39.301016,-134.314866,555.914030
-28.047329,-120.010032,549.489393
-15.565482,-108.526848,543.364085
-2.527622,-98.373221,538.679031
10.603494,-88.412366,536.122362
23.391768,-77.561866,535.767995
35.261352,-64.481489,537.110622
45.256099,-47.351576,539.281311
51.753872,-24.530982,541.364569
52.826679,2.302884,542.707889
48.056011,27.015439,543.125225
39.085715,46.025010,542.934739
27.762705,60.287685,542.822327
15.249504,71.733551,543.574290
2.218606,81.858861,545.764982
-14.103161,99.375438,550.641204
-26.649954,110.615186,555.620964
-38.074004,124.472802,560.490264
-47.298416,142.825238,564.092730
-52.574833,166.852958,565.460874
-52.181694,-166.389819,564.101028
-46.267696,-143.045907,560.148639
-36.654533,-125.373090,554.351123
-25.009985,-111.941574,547.880221
-12.338130,-100.912061,542.021300
0.762723,-90.905755,537.826489
13.851357,-80.828686,535.838255
26.473794,-69.563199,535.974539
37.986124,-55.659060,537.613219
47.287678,-37.206457,539.842378
52.589796,-13.001855,541.785937
52.141018,13.922262,542.894754
46.124928,37.313040,543.112370
36.418568,54.956676,542.867905
24.713873,68.345974,542.900902
12.020375,79.340475,543.973412
-1.064328,89.320354,546.562851
-17.305858,107.026109,551.835678
-29.643191,118.767213,556.893893
-40.642854,133.562095,561.553187
-49.068335,153.314859,564.673370
-53.046124,178.528037,565.382630
-51.162156,-155.044992,563.336359
-44.134049,-133.122408,558.831650
-33.884686,-116.696238,552.745550
-21.910341,-104.020530,546.310482
-9.084677,-93.359814,540.785120
4.052363,-83.433978,537.115043
17.070943,-73.172387,535.689680
29.488603,-61.402471,536.276448
40.576588,-46.551366,538.152521
49.070687,-26.679114,540.383914
53.054688,-1.277764,542.152611
51.097762,25.290505,543.023435
43.965677,47.233082,543.069044
33.630202,63.622846,542.818289
21.605171,76.257377,543.045894
8.767521,86.885416,544.469923
-4.344437,96.786452,547.456638
-20.470645,114.768624,553.074467
-32.555365,127.107437,558.142211
-43.054732,142.965543,562.518556
-50.559244,164.174342,565.100655
-53.137693,-169.709265,565.128914
-49.815113,-144.014584,562.415096
-41.802467,-123.554249,557.414017
-31.010224,-108.252092,551.118030
-18.759035,-96.222937,544.799194
-5.812259,-85.852473,539.667730
7.334836,-75.941706,536.547063
20.254094,-65.423864,535.669357
32.422908,-53.051929,536.660001
43.008953,-37.125514,538.713423
50.570695,-15.776760,540.894566
53.134451,10.530759,542.460570
49.725129,36.335811,543.098206
41.609788,56.794501,543.005931
30.739493,72.056203,542.798851
18.447245,84.045915,543.267455
5.498036,94.385960,545.066844
-7.615355,104.273243,548.440221
-23.588663,122.624010,554.341872
-35.371445,135.665459,559.347209
-45.283135,152.712404,563.370045
-51.738034,175.373119,565.365431
-52.846618,-157.977081,564.700561
-48.172414,-133.342308,561.348153
-39.301016,-114.314866,555.914030
-28.047329,-100.010032,549.489393
-15.565482,-88.526848,543.364085
-2.527622,-78.373221,538.679031
10.603494,-68.412366,536.122362
23.391768,-57.561866,535.767995
35.261352,-44.481489,537.110622
45.256099,-27.351576,539.281311
51.753872,-4.530982,541.364569
52.826679,22.302884,542.707889
48.056011,47.015439,543.125225
39.085715,66.025010,542.934739
27.762705,80.287685,542.822327
15.249504,91.733551,543.574290
2.218606,101.858861,545.764982
-10.870548,111.797191,549.505237
-26.649954,130.615186,555.620964
-38.074004,144.472802,560.490264
-47.298416,162.825238,564.092730
-52.574833,-173.147042,565.460874
-52.181694,-146.389819,564.101028
-46.267696,-123.045907,560.148639
-36.654533,-105.373090,554.351123
-25.009985,-91.941574,547.880221
-12.338130,-80.912061,542.021300
0.762723,-70.905755,537.826489
13.851357,-60.828686,535.838255
26.473794,-49.563199,535.974539
37.986124,-35.659060,537.613219
47.287678,-17.206457,539.842378
52.589796,6.998145,541.785937
52.141018,33.922262,542.894754
46.124928,57.313040,543.112370
36.418568,74.956676,542.867905
24.713873,88.345974,542.900902
12.020375,99.340475,543.973412
-1.064328,109.320354,546.562851
-14.103161,119.375438,550.641204
-29.643191,138.767213,556.893893
-40.642854,153.562095,561.553187
-49.068335,173.314859,564.673370
-53.046124,-161.471963,565.382630
-51.162156,-135.044992,563.336359
-44.134049,-113.122408,558.831650
-33.884686,-96.696238,552.745550
-21.910341,-84.020530,546.310482
-9.084677,-73.359814,540.785120
4.052363,-63.433978,537.115043
17.070943,-53.172387,535.689680
29.488603,-41.402471,536.276448
40.576588,-26.551366,538.152521
49.070687,-6.679114,540.383914
53.054688,18.722236,542.152611
51.097762,45.290505,543.023435
43.965677,67.233082,543.069044
33.630202,83.622846,542.818289
21.605171,96.257377,543.045894
8.767521,106.885416,544.469923
-4.344437,116.786452,547.456638
-17.305858,127.026109,551.835678
-32.555365,147.107437,558.142211
-43.054732,162.965543,562.518556
-50.559244,-175.825658,565.100655
-53.137693,-149.709265,565.128914
-49.815113,-124.014584,562.415096
-41.802467,-103.554249,557.414017
-31.010224,-88.252092,551.118030
-18.759035,-76.222937,544.799194
-5.812259,-65.852473,539.667730
7.334836,-55.941706,536.547063
20.254094,-45.423864,535.669357
32.422908,-33.051929,536.660001
43.008953,-17.125514,538.713423
50.570695,4.223240,540.894566
53.134451,30.530759,542.460570
49.725129,56.335811,543.098206
41.609788,76.794501,543.005931
30.739493,92.056203,542.798851
18.447245,104.045915,543.267455
5.498036,114.385960,545.066844
-7.615355,124.273243,548.440221
-20.470645,134.768624,553.074467
-35.371445,155.665459,559.347209
-45.283135,172.712404,563.370045
-51.738034,-164.626881,565.365431
-52.846618,-137.977081,564.700561
-48.172414,-113.342308,561.348153
-39.301016,-94.314866,555.914030
-28.047329,-80.010032,549.489393
-15.565482,-68.526848,543.364085
-2.527622,-58.373221,538.679031
10.603494,-48.412366,536.122362
23.391768,-37.561866,535.767995
35.261352,-24.481489,537.110622
45.256099,-7.351576,539.281311
51.753872,15.469018,541.364569
52.826679,42.302884,542.707889
48.056011,67.015439,543.125225
39.085715,86.025010,542.934739
27.762705,100.287685,542.822327
15.249504,111.733551,543.574290
2.218606,121.858861,545.764982
-10.870548,131.797191,549.505237
-23.588663,142.624010,554.341872
-38.074004,164.472802,560.490264
-47.298416,-177.174762,564.092730
-52.574833,-153.147042,565.460874
-52.181694,-126.389819,564.101028
-46.267696,-103.045907,560.148639
-36.654533,-85.373090,554.351123
-25.009985,-71.941574,547.880221
-12.338130,-60.912061,542.021300
0.762723,-50.905755,537.826489
13.851357,-40.828686,535.838255
26.473794,-29.563199,535.974539
37.986124,-15.659060,537.613219
47.287678,2.793543,539.842378
52.589796,26.998145,541.785937
52.141018,53.922262,542.894754
46.124928,77.313040,543.112370
36.418568,94.956676,542.867905
24.713873,108.345974,542.900902
12.020375,119.340475,543.973412
-1.064328,129.320354,546.562851
-14.103161,139.375438,550.641204
-26.649954,150.615186,555.620964
-40.642854,173.562095,561.553187
-49.068335,-166.685141,564.673370
-53.046124,-141.471963,565.382630
-51.162156,-115.044992,563.336359
-44.134049,-93.122408,558.831650
-33.884686,-76.696238,552.745550
-21.910341,-64.020530,546.310482
-9.084677,-53.359814,540.785120
4.052363,-43.433978,537.115043
17.070943,-33.172387,535.689680
29.488603,-21.402471,536.276448
40.576588,-6.551366,538.152521
49.070687,13.320886,540.383914
53.054688,38.722236,542.152611
51.097762,65.290505,543.023435
43.965677,87.233082,543.069044
33.630202,103.622846,542.818289
21.605171,116.257377,543.045894
8.767521,126.885416,544.469923
-4.344437,136.786452,547.456638
-17.305858,147.026109,551.835678
-29.643191,158.767213,556.893893
-43.054732,-177.034457,562.518556
-50.559244,-155.825658,565.100655
-53.137693,-129.709265,565.128914
-49.815113,-104.014584,562.415096
-41.802467,-83.554249,557.414017
-31.010224,-68.252092,551.118030
-18.759035,-56.222937,544.799194
-5.812259,-45.852473,539.667730
7.334836,-35.941706,536.547063
20.254094,-25.423864,535.669357
32.422908,-13.051929,536.660001
43.008953,2.874486,538.713423
50.570695,24.223240,540.894566
53.134451,50.530759,542.460570
49.725129,76.335811,543.098206
41.609788,96.794501,543.005931
30.739493,112.056203,542.798851
18.447245,124.045915,543.267455
5.498036,134.385960,545.066844
-7.615355,144.273243,548.440221
-20.470645,154.768624,553.074467
-32.555365,167.107437,558.142211
-45.283135,-167.287596,563.370045
-51.738034,-144.626881,565.365431
-52.846618,-117.977081,564.700561
-48.172414,-93.342308,561.348153
-39.301016,-74.314866,555.914030
-28.047329,-60.010032,549.489393
-15.565482,-48.526848,543.364085
-2.527622,-38.373221,538.679031
10.603494,-28.412366,536.122362
23.391768,-17.561866,535.767995
35.261352,-4.481489,537.110622
45.256099,12.648424,539.281311
51.753872,35.469018,541.364569
52.826679,62.302884,542.707889
48.056011,87.015439,543.125225
39.085715,106.025010,542.934739
27.762705,120.287685,542.822327
15.249504,131.733551,543.574290
2.218606,141.858861,545.764982
-10.870548,151.797191,549.505237
-23.588663,162.624010,554.341872
-35.371445,175.665459,559.347209
-47.298416,-157.174762,564.092730
-52.574833,-133.147042,565.460874
-52.181694,-106.389819,564.101028
-46.267696,-83.045907,560.148639
-36.654533,-65.373090,554.351123
-25.009985,-51.941574,547.880221
-12.338130,-40.912061,542.021300
0.762723,-30.905755,537.826489
13.851357,-20.828686,535.838255
26.473794,-9.563199,535.974539
37.986124,4.340940,537.613219
47.287678,22.793543,539.842378
52.589796,46.998145,541.785937
52.141018,73.922262,542.894754
46.124928,97.313040,543.112370
36.418568,114.956676,542.867905
24.713873,128.345974,542.900902
12.020375,139.340475,543.973412
-1.064328,149.320354,546.562851
-14.103161,159.375438,550.641204
-26.649954,170.615186,555.620964
-38.074004,-175.527198,560.490264
-49.068335,-146.685141,564.673370
-53.046124,-121.471963,565.382630
-51.162156,-95.044992,563.336359
-44.134049,-73.122408,558.831650
-33.884686,-56.696238,552.745550
-21.910341,-44.020530,546.310482
-9.084677,-33.359814,540.785120
4.052363,-23.433978,537.115043
17.070943,-13.172387,535.689680
29.488603,-1.402471,536.276448
40.576588,13.448634,538.152521
49.070687,33.320886,540.383914
53.054688,58.722236,542.152611
51.097762,85.290505,543.023435
43.965677,107.233082,543.069044
33.630202,123.622846,542.818289
21.605171,136.257377,543.045894
8.767521,146.885416,544.469923
-4.344437,156.786452,547.456638
-17.305858,167.026109,551.835678
-29.643191,178.767213,556.893893
-40.642854,-166.437905,561.553187
-50.559244,-135.825658,565.100655
-53.137693,-109.709265,565.128914
-49.815113,-84.014584,562.415096
-41.802467,-63.554249,557.414017
-31.010224,-48.252092,551.118030
-18.759035,-36.222937,544.799194
-5.812259,-25.852473,539.667730
7.334836,-15.941706,536.547063
20.254094,-5.423864,535.669357
32.422908,6.948071,536.660001
43.008953,22.874486,538.713423
50.570695,44.223240,540.894566
53.134451,70.530759,542.460570
49.725129,96.335811,543.098206
41.609788,116.794501,543.005931
30.739493,132.056203,542.798851
18.447245,144.045915,543.267455
5.498036,154.385960,545.066844
-7.615355,164.273243,548.440221
-20.470645,174.768624,553.074467
-32.555365,-172.892563,558.142211
-43.054732,-157.034457,562.518556
-51.738034,-124.626881,565.365431
-52.846618,-97.977081,564.700561
-48.172414,-73.342308,561.348153
-39.301016,-54.314866,555.914030
-28.047329,-40.010032,549.489393
-15.565482,-28.526848,543.364085
-2.527622,-18.373221,538.679031
10.603494,-8.412366,536.122362
23.391768,2.438134,535.767995
35.261352,15.518511,537.110622
45.256099,32.648424,539.281311
51.753872,55.469018,541.364569
52.826679,82.302884,542.707889
48.056011,107.015439,543.125225
39.085715,126.025010,542.934739
27.762705,140.287685,542.822327
15.249504,151.733551,543.574290
2.218606,161.858861,545.764982
-10.870548,171.797191,549.505237
-23.588663,-177.375990,554.341872
-35.371445,-164.334541,559.347209
-45.283135,-147.287596,563.370045
-52.574833,-113.147042,565.460874
-52.181694,-86.389819,564.101028
-46.267696,-63.045907,560.148639
-36.654533,-45.373090,554.351123
-25.009985,-31.941574,547.880221
-12.338130,-20.912061,542.021300
0.762723,-10.905755,537.826489
13.851357,-0.828686,535.838255
26.473794,10.436801,535.974539
37.986124,24.340940,537.613219
47.287678,42.793543,539.842378
52.589796,66.998145,541.785937
52.141018,93.922262,542.894754
46.124928,117.313040,543.112370
36.418568,134.956676,542.867905
24.713873,148.345974,542.900902
12.020375,159.340475,543.973412
-1.064328,169.320354,546.562851
-14.103161,179.375438,550.641204
-26.649954,-169.384814,555.620964
-38.074004,-155.527198,560.490264
-47.298416,-137.174762,564.092730
-53.046124,-101.471963,565.382630
-51.162156,-75.044992,563.336359
-44.134049,-53.122408,558.831650
-33.884686,-36.696238,552.745550
-21.910341,-24.020530,546.310482
-9.084677,-13.359814,540.785120
4.052363,-3.433978,537.115043
17.070943,6.827613,535.689680
29.488603,18.597529,536.276448
40.576588,33.448634,538.152521
49.070687,53.320886,540.383914
53.054688,78.722236,542.152611
51.097762,105.290505,543.023435
43.965677,127.233082,543.069044
33.630202,143.622846,542.818289
21.605171,156.257377,543.045894
8.767521,166.885416,544.469923
-4.344437,176.786452,547.456638
-17.305858,-172.973891,551.835678
-29.643191,-161.232787,556.893893
-40.642854,-146.437905,561.553187
-49.068335,-126.685141,564.673370
-53.137693,-89.709265,565.128914
-49.815113,-64.014584,562.415096
-41.802467,-43.554249,557.414017
-31.010224,-28.252092,551.118030
-18.759035,-16.222937,544.799194
-5.812259,-5.852473,539.667730
7.334836,4.058294,536.547063
20.254094,14.576136,535.669357
32.422908,26.948071,536.660001
43.008953,42.874486,538.713423
50.570695,64.223240,540.894566
53.134451,90.530759,542.460570
49.725129,116.335811,543.098206
41.609788,136.794501,543.005931
30.739493,152.056203,542.798851
18.447245,164.045915,543.267455
5.498036,174.385960,545.066844
-7.615355,-175.726757,548.440221
-20.470645,-165.231376,553.074467
-32.555365,-152.892563,558.142211
-43.054732,-137.034457,562.518556
-50.559244,-115.825658,565.100655
-52.846618,-77.977081,564.700561
-48.172414,-53.342308,561.348153
-39.301016,-34.314866,555.914030
-28.047329,-20.010032,549.489393
-15.565482,-8.526848,543.364085
-2.527622,1.626779,538.679031
10.603494,11.587634,536.122362
23.391768,22.438134,535.767995
35.261352,35.518511,537.110622
45.256099,52.648424,539.281311
51.753872,75.469018,541.364569
52.826679,102.302884,542.707889
48.056011,127.015439,543.125225
39.085715,146.025010,542.934739
27.762705,160.287685,542.822327
15.249504,171.733551,543.574290
2.218606,-178.141139,545.764982
-10.870548,-168.202809,549.505237
-23.588663,-157.375990,554.341872
-35.371445,-144.334541,559.347209
-45.283135,-127.287596,563.370045
-51.738034,-104.626881,565.365431
-52.181694,-66.389819,564.101028
-46.267696,-43.045907,560.148639
-36.654533,-25.373090,554.351123
-25.009985,-11.941574,547.880221
-12.338130,-0.912061,542.021300
0.762723,9.094245,537.826489
13.851357,19.171314,535.838255
26.473794,30.436801,535.974539
37.986124,44.340940,537.613219
47.287678,62.793543,539.842378
52.589796,86.998145,541.785937
52.141018,113.922262,542.894754
46.124928,137.313040,543.112370
36.418568,154.956676,542.867905
24.713873,168.345974,542.900902
12.020375,179.340475,543.973412
-1.064328,-170.679646,546.562851
-14.103161,-160.624562,550.641204
-26.649954,-149.384814,555.620964
-38.074004,-135.527198,560.490264
-47.298416,-117.174762,564.092730
-52.574833,-93.147042,565.460874
-51.162156,-55.044992,563.336359
-44.134049,-33.122408,558.831650
-33.884686,-16.696238,552.745550
-21.910341,-4.020530,546.310482
-9.084677,6.640186,540.785120
4.052363,16.566022,537.115043
17.070943,26.827613,535.689680
29.488603,38.597529,536.276448
40.576588,53.448634,538.152521
49.070687,73.320886,540.383914
53.054688,98.722236,542.152611
51.097762,125.290505,543.023435
43.965677,147.233082,543.069044
33.630202,163.622846,542.818289
21.605171,176.257377,543.045894
8.767521,-173.114584,544.469923
-4.344437,-163.213548,547.456638
-17.305858,-152.973891,551.835678
-29.643191,-141.232787,556.893893
-40.642854,-126.437905,561.553187
-49.068335,-106.685141,564.673370
-53.046124,-81.471963,565.382630
-49.815113,-44.014584,562.415096
-41.802467,-23.554249,557.414017
-31.010224,-8.252092,551.118030
-18.759035,3.777063,544.799194
-5.812259,14.147527,539.667730
7.334836,24.058294,536.547063
20.254094,34.576136,535.669357
32.422908,46.948071,536.660001
43.008953,62.874486,538.713423
50.570695,84.223240,540.894566
53.134451,110.530759,542.460570
49.725129,136.335811,543.098206
41.609788,156.794501,543.005931
30.739493,172.056203,542.798851
18.447245,-175.954085,543.267455
5.498036,-165.614040,545.066844
-7.615355,-155.726757,548.440221
-20.470645,-145.231376,553.074467
-32.555365,-132.892563,558.142211
-43.054732,-117.034457,562.518556
-50.559244,-95.825658,565.100655
-53.137693,-69.709265,565.128914
-48.172414,-33.342308,561.348153
-39.301016,-14.314866,555.914030
-28.047329,-0.010032,549.489393
-15.565482,11.473152,543.364085
-2.527622,21.626779,538.679031
10.603494,31.587634,536.122362
23.391768,42.438134,535.767995
35.261352,55.518511,537.110622
45.256099,72.648424,539.281311
51.753872,95.469018,541.364569
52.826679,122.302884,542.707889
48.056011,147.015439,543.125225
39.085715,166.025010,542.934739
27.762705,-179.712315,542.822327
15.249504,-168.266449,543.574290
2.218606,-158.141139,545.764982
-10.870548,-148.202809,549.505237
-23.588663,-137.375990,554.341872
-35.371445,-124.334541,559.347209
-45.283135,-107.287596,563.370045
-51.738034,-84.626881,565.365431
-52.846618,-57.977081,564.700561
-46.267696,-23.045907,560.148639
-36.654533,-5.373090,554.351123
-25.009985,8.058426,547.880221
-12.338130,19.087939,542.021300
0.762723,29.094245,537.826489
13.851357,39.171314,535.838255
26.473794,50.436801,535.974539
37.986124,64.340940,537.613219
47.287678,82.793543,539.842378
52.589796,106.998145,541.785937
52.141018,133.922262,542.894754
46.124928,157.313040,543.112370
36.418568,174.956676,542.867905
24.713873,-171.654026,542.900902
12.020375,-160.659525,543.973412
-1.064328,-150.679646,546.562851
-14.103161,-140.624562,550.641204
-26.649954,-129.384814,555.620964
-38.074004,-115.527198,560.490264
-47.298416,-97.174762,564.092730
-52.574833,-73.147042,565.460874
-52.181694,-46.389819,564.101028
-44.134049,-13.122408,558.831650
-33.884686,3.303762,552.745550
-21.910341,15.979470,546.310482
-9.084677,26.640186,540.785120
4.052363,36.566022,537.115043
17.070943,46.827613,535.689680
29.488603,58.597529,536.276448
40.576588,73.448634,538.152521
49.070687,93.320886,540.383914
53.054688,118.722236,542.152611
51.097762,145.290505,543.023435
43.965677,167.233082,543.069044
33.630202,-176.377154,542.818289
21.605171,-163.742623,543.045894
8.767521,-153.114584,544.469923
-4.344437,-143.213548,547.456638
-17.305858,-132.973891,551.835678
-29.643191,-121.232787,556.893893
-40.642854,-106.437905,561.553187
-49.068335,-86.685141,564.673370
-53.046124,-61.471963,565.382630
-51.162156,-35.044992,563.336359
-41.802467,-3.554249,557.414017
-31.010224,11.747908,551.118030
-18.759035,23.777063,544.799194
-5.812259,34.147527,539.667730
7.334836,44.058294,536.547063
20.254094,54.576136,535.669357
32.422908,66.948071,536.660001
43.008953,82.874486,538.713423
50.570695,104.223240,540.894566
53.134451,130.530759,542.460570
49.725129,156.335811,543.098206
41.609788,176.794501,543.005931
30.739493,-167.943797,542.798851
18.447245,-155.954085,543.267455
5.498036,-145.614040,545.066844
-7.615355,-135.726757,548.440221
-20.470645,-125.231376,553.074467
-32.555365,-112.892563,558.142211
-43.054732,-97.034457,562.518556
-50.559244,-75.825658,565.100655
-53.137693,-49.709265,565.128914
-49.815113,-24.014584,562.415096
-39.301016,5.685134,555.914030
-28.047329,19.989968,549.489393
-15.565482,31.473152,543.364085
-2.527622,41.626779,538.679031
10.603494,51.587634,536.122362
23.391768,62.438134,535.767995
35.261352,75.518511,537.110622
45.256099,92.648424,539.281311
51.753872,115.469018,541.364569
52.826679,142.302884,542.707889
48.056011,167.015439,543.125225
39.085715,-173.974990,542.934739
27.762705,-159.712315,542.822327
15.249504,-148.266449,543.574290
2.218606,-138.141139,545.764982
-10.870548,-128.202809,549.505237
-23.588663,-117.375990,554.341872
-35.371445,-104.334541,559.347209
-45.283135,-87.287596,563.370045
-51.738034,-64.626881,565.365431
-52.846618,-37.977081,564.700561
-48.172414,-13.342308,561.348153
-36.654533,14.626910,554.351123
-25.009985,28.058426,547.880221
-12.338130,39.087939,542.021300
0.762723,49.094245,537.826489
13.851357,59.171314,535.838255
26.473794,70.436801,535.974539
37.986124,84.340940,537.613219
47.287678,102.793543,539.842378
52.589796,126.998145,541.785937
52.141018,153.922262,542.894754
46.124928,177.313040,543.112370
36.418568,-165.043324,542.867905
24.713873,-151.654026,542.900902
12.020375,-140.659525,543.973412
-1.064328,-130.679646,546.562851
-14.103161,-120.624562,550.641204
-26.649954,-109.384814,555.620964
-38.074004,-95.527198,560.490264
-47.298416,-77.174762,564.092730
-52.574833,-53.147042,565.460874
-52.181694,-26.389819,564.101028
-46.267696,-3.045907,560.148639
-33.884686,23.303762,552.745550
-21.910341,35.979470,546.310482
-9.084677,46.640186,540.785120
4.052363,56.566022,537.115043
17.070943,66.827613,535.689680
29.488603,78.597529,536.276448
40.576588,93.448634,538.152521
49.070687,113.320886,540.383914
53.054688,138.722236,542.152611
51.097762,165.290505,543.023435
43.965677,-172.766918,543.069044
33.630202,-156.377154,542.818289
21.605171,-143.742623,543.045894
8.767521,-133.114584,544.469923
-4.344437,-123.213548,547.456638
-17.305858,-112.973891,551.835678
-29.643191,-101.232787,556.893893
-40.642854,-86.437905,561.553187
-49.068335,-66.685141,564.673370
-53.046124,-41.471963,565.382630
-51.162156,-15.044992,563.336359
-44.134049,6.877592,558.831650
-31.010224,31.747908,551.118030
-18.759035,43.777063,544.799194
-5.812259,54.147527,539.667730
7.334836,64.058294,536.547063
20.254094,74.576136,535.669357
32.422908,86.948071,536.660001
43.008953,102.874486,538.713423
50.570695,124.223240,540.894566
53.134451,150.530759,542.460570
49.725129,176.335811,543.098206
41.609788,-163.205499,543.005931
30.739493,-147.943797,542.798851
18.447245,-135.954085,543.267455
5.498036,-125.614040,545.066844
-7.615355,-115.726757,548.440221
-20.470645,-105.231376,553.074467
-32.555365,-92.892563,558.142211
-43.054732,-77.034457,562.518556
-50.559244,-55.825658,565.100655
-53.137693,-29.709265,565.128914
-49.815113,-4.014584,562.415096
-41.802467,16.445751,557.414017
-28.047329,39.989968,549.489393
-15.565482,51.473152,543.364085
-2.527622,61.626779,538.679031
10.603494,71.587634,536.122362
23.391768,82.438134,535.767995
35.261352,95.518511,537.110622
45.256099,112.648424,539.281311
51.753872,135.469018,541.364569
52.826679,162.302884,542.707889
48.056011,-172.984561,543.125225
39.085715,-153.974990,542.934739
27.762705,-139.712315,542.822327
15.249504,-128.266449,543.574290
2.218606,-118.141139,545.764982
-10.870548,-108.202809,549.505237
-23.588663,-97.375990,554.341872
-35.371445,-84.334541,559.347209
-45.283135,-67.287596,563.370045
-51.738034,-44.626881,565.365431
-52.846618,-17.977081,564.700561
-48.172414,6.657692,561.348153
-39.301016,25.685134,555.914030
-25.009985,48.058426,547.880221
-12.338130,59.087939,542.021300
0.762723,69.094245,537.826489
13.851357,79.171314,535.838255
26.473794,90.436801,535.974539
37.986124,104.340940,537.613219
47.287678,122.793543,539.842378
52.589796,146.998145,541.785937
52.141018,173.922262,542.894754
46.124928,-162.686960,543.112370
36.418568,-145.043324,542.867905
24.713873,-131.654026,542.900902
12.020375,-120.659525,543.973412
-1.064328,-110.679646,546.562851
-14.103161,-100.624562,550.641204
-26.649954,-89.384814,555.620964
-38.074004,-75.527198,560.490264
-47.298416,-57.174762,564.092730
-52.574833,-33.147042,565.460874
-52.181694,-6.389819,564.101028
-46.267696,16.954093,560.148639
-36.654533,34.626910,554.351123
-21.910341,55.979470,546.310482
-9.084677,66.640186,540.785120
4.052363,76.566022,537.115043
17.070943,86.827613,535.689680
29.488603,98.597529,536.276448
40.576588,113.448634,538.152521
49.070687,133.320886,540.383914
53.054688,158.722236,542.152611
51.097762,-174.709495,543.023435
43.965677,-152.766918,543.069044
33.630202,-136.377154,542.818289
21.605171,-123.742623,543.045894
8.767521,-113.114584,544.469923
-4.344437,-103.213548,547.456638
-17.305858,-92.973891,551.835678
-29.643191,-81.232787,556.893893
-40.642854,-66.437905,561.553187
-49.068335,-46.685141,564.673370
-53.046124,-21.471963,565.382630
-51.162156,4.955008,563.336359
-44.134049,26.877592,558.831650
-33.884686,43.303762,552.745550
-18.759035,63.777063,544.799194
-5.812259,74.147527,539.667730
7.334836,84.058294,536.547063
20.254094,94.576136,535.669357
32.422908,106.948071,536.660001
43.008953,122.874486,538.713423
50.570695,144.223240,540.894566
53.134451,170.530759,542.460570
49.725129,-163.664189,543.098206
41.609788,-143.205499,543.005931
30.739493,-127.943797,542.798851
18.447245,-115.954085,543.267455
5.498036,-105.614040,545.066844
-7.615355,-95.726757,548.440221
-20.470645,-85.231376,553.074467
-32.555365,-72.892563,558.142211
-43.054732,-57.034457,562.518556
-50.559244,-35.825658,565.100655
-53.137693,-9.709265,565.128914
-49.815113,15.985416,562.415096
-41.802467,36.445751,557.414017
-31.010224,51.747908,551.118030
-15.565482,71.473152,543.364085
-2.527622,81.626779,538.679031
10.603494,91.587634,536.122362
23.391768,102.438134,535.767995
35.261352,115.518511,537.110622
45.256099,132.648424,539.281311
51.753872,155.469018,541.364569
52.826679,-177.697116,542.707889
48.056011,-152.984561,543.125225
39.085715,-133.974990,542.934739
27.762705,-119.712315,542.822327
15.249504,-108.266449,543.574290
2.218606,-98.141139,545.764982
-10.870548,-88.202809,549.505237
-23.588663,-77.375990,554.341872
-35.371445,-64.334541,559.347209
-45.283135,-47.287596,563.370045
-51.738034,-24.626881,565.365431
-52.846618,2.022919,564.700561
-48.172414,26.657692,561.348153
-39.301016,45.685134,555.914030
-28.047329,59.989968,549.489393
-12.338130,79.087939,542.021300
0.762723,89.094245,537.826489
13.851357,99.171314,535.838255
26.473794,110.436801,535.974539
37.986124,124.340940,537.613219
47.287678,142.793543,539.842378
52.589796,166.998145,541.785937
52.141018,-166.077738,542.894754
46.124928,-142.686960,543.112370
36.418568,-125.043324,542.867905
24.713873,-111.654026,542.900902
12.020375,-100.659525,543.973412
-1.064328,-90.679646,546.562851
-14.103161,-80.624562,550.641204
-26.649954,-69.384814,555.620964
-38.074004,-55.527198,560.490264
-47.298416,-37.174762,564.092730
-52.574833,-13.147042,565.460874
-52.181694,13.610181,564.101028
-46.267696,36.954093,560.148639
-36.654533,54.626910,554.351123
-25.009985,68.058426,547.880221
-9.084677,86.640186,540.785120
4.052363,96.566022,537.115043
17.070943,106.827613,535.689680
29.488603,118.597529,536.276448
40.576588,133.448634,538.152521
49.070687,153.320886,540.383914
53.054688,178.722236,542.152611
51.097762,-154.709495,543.023435
43.965677,-132.766918,543.069044
33.630202,-116.377154,542.818289
21.605171,-103.742623,543.045894
8.767521,-93.114584,544.469923
-4.344437,-83.213548,547.456638
-17.305858,-72.973891,551.835678
-29.643191,-61.232787,556.893893
-40.642854,-46.437905,561.553187
-49.068335,-26.685141,564.673370
-53.046124,-1.471963,565.382630
-51.162156,24.955008,563.336359
-44.134049,46.877592,558.831650
-33.884686,63.303762,552.745550
-21.910341,75.979470,546.310482
-5.812259,94.147527,539.667730
7.334836,104.058294,536.547063
20.254094,114.576136,535.669357
32.422908,126.948071,536.660001
43.008953,142.874486,538.713423
50.570695,164.223240,540.894566
53.134451,-169.469241,542.460570
49.725129,-143.664189,543.098206
41.609788,-123.205499,543.005931
30.739493,-107.943797,542.798851
18.447245,-95.954085,543.267455
5.498036,-85.614040,545.066844
-7.615355,-75.726757,548.440221
-20.470645,-65.231376,553.074467
-32.555365,-52.892563,558.142211
-43.054732,-37.034457,562.518556
-50.559244,-15.825658,565.100655
-53.137693,10.290735,565.128914
-49.815113,35.985416,562.415096
-41.802467,56.445751,557.414017
-31.010224,71.747908,551.118030
-18.759035,83.777063,544.799194
-2.527622,101.626779,538.679031
10.603494,111.587634,536.122362
23.391768,122.438134,535.767995
35.261352,135.518511,537.110622
45.256099,152.648424,539.281311
51.753872,175.469018,541.364569
52.826679,-157.697116,542.707889
48.056011,-132.984561,543.125225
39.085715,-113.974990,542.934739
27.762705,-99.712315,542.822327
15.249504,-88.266449,543.574290
2.218606,-78.141139,545.764982
-10.870548,-68.202809,549.505237
-23.588663,-57.375990,554.341872
-35.371445,-44.334541,559.347209
-45.283135,-27.287596,563.370045
-51.738034,-4.626881,565.365431
-52.846618,22.022919,564.700561
-48.172414,46.657692,561.348153
-39.301016,65.685134,555.914030
-28.047329,79.989968,549.489393
-15.565482,91.473152,543.364085
0.762723,109.094245,537.826489
13.851357,119.171314,535.838255
26.473794,130.436801,535.974539
37.986124,144.340940,537.613219
47.287678,162.793543,539.842378
52.589796,-173.001855,541.785937
52.141018,-146.077738,542.894754
46.124928,-122.686960,543.112370
36.418568,-105.043324,542.867905
24.713873,-91.654026,542.900902
12.020375,-80.659525,543.973412
-1.064328,-70.679646,546.562851
-14.103161,-60.624562,550.641204
-26.649954,-49.384814,555.620964
-38.074004,-35.527198,560.490264
-47.298416,-17.174762,564.092730
-52.574833,6.852958,565.460874
-52.181694,33.610181,564.101028
-46.267696,56.954093,560.148639
-36.654533,74.626910,554.351123
-25.009985,88.058426,547.880221
-12.338130,99.087939,542.021300
4.052363,116.566022,537.115043
17.070943,126.827613,535.689680
29.488603,138.597529,536.276448
40.576588,153.448634,538.152521
49.070687,173.320886,540.383914
53.054688,-161.277764,542.152611
51.097762,-134.709495,543.023435
43.965677,-112.766918,543.069044
33.630202,-96.377154,542.818289
21.605171,-83.742623,543.045894
8.767521,-73.114584,544.469923
-4.344437,-63.213548,547.456638
-17.305858,-52.973891,551.835678
-29.643191,-41.232787,556.893893
-40.642854,-26.437905,561.553187
-49.068335,-6.685141,564.673370
-53.046124,18.528037,565.382630
-51.162156,44.955008,563.336359
-44.134049,66.877592,558.831650
-33.884686,83.303762,552.745550
-21.910341,95.979470,546.310482
-9.084677,106.640186,540.785120
7.334836,124.058294,536.547063
20.254094,134.576136,535.669357
32.422908,146.948071,536.660001
43.008953,162.874486,538.713423
50.570695,-175.776760,540.894566
53.134451,-149.469241,542.460570
49.725129,-123.664189,543.098206
41.609788,-103.205499,543.005931
30.739493,-87.943797,542.798851
18.447245,-75.954085,543.267455
5.498036,-65.614040,545.066844
-7.615355,-55.726757,548.440221
-20.470645,-45.231376,553.074467
-32.555365,-32.892563,558.142211
-43.054732,-17.034457,562.518556
-50.559244,4.174342,565.100655
-53.137693,30.290735,565.128914
-49.815113,55.985416,562.415096
-41.802467,76.445751,557.414017
-31.010224,91.747908,551.118030
-18.759035,103.777063,544.799194
-5.812259,114.147527,539.667730
10.603494,131.587634,536.122362
23.391768,142.438134,535.767995
35.261352,155.518511,537.110622
45.256099,172.648424,539.281311
51.753872,-164.530982,541.364569
52.826679,-137.697116,542.707889
48.056011,-112.984561,543.125225
39.085715,-93.974990,542.934739
27.762705,-79.712315,542.822327
15.249504,-68.266449,543.574290
2.218606,-58.141139,545.764982
-10.870548,-48.202809,549.505237
-23.588663,-37.375990,554.341872
-35.371445,-24.334541,559.347209
-45.283135,-7.287596,563.370045
-51.738034,15.373119,565.365431
-52.846618,42.022919,564.700561
-48.172414,66.657692,561.348153
-39.301016,85.685134,555.914030
-28.047329,99.989968,549.489393
-15.565482,111.473152,543.364085
-2.527622,121.626779,538.679031
13.851357,139.171314,535.838255
26.473794,150.436801,535.974539
37.986124,164.340940,537.613219
47.287678,-177.206457,539.842378
52.589796,-153.001855,541.785937
52.141018,-126.077738,542.894754
46.124928,-102.686960,543.112370
36.418568,-85.043324,542.867905
24.713873,-71.654026,542.900902
12.020375,-60.659525,543.973412
-1.064328,-50.679646,546.562851
-14.103161,-40.624562,550.641204
-26.649954,-29.384814,555.620964
-38.074004,-15.527198,560.490264
-47.298416,2.825238,564.092730
-52.574833,26.852958,565.460874
-52.181694,53.610181,564.101028
-46.267696,76.954093,560.148639
-36.654533,94.626910,554.351123
-25.009985,108.058426,547.880221
-12.338130,119.087939,542.021300
0.762723,129.094245,537.826489
17.070943,146.827613,535.689680
29.488603,158.597529,536.276448
40.576588,173.448634,538.152521
49.070687,-166.679114,540.383914
53.054688,-141.277764,542.152611
51.097762,-114.709495,543.023435
43.965677,-92.766918,543.069044
33.630202,-76.377154,542.818289
21.605171,-63.742623,543.045894
8.767521,-53.114584,544.469923
-4.344437,-43.213548,547.456638
-17.305858,-32.973891,551.835678
-29.643191,-21.232787,556.893893
-40.642854,-6.437905,561.553187
-49.068335,13.314859,564.673370
-53.046124,38.528037,565.382630
-51.162156,64.955008,563.336359
-44.134049,86.877592,558.831650
-33.884686,103.303762,552.745550
-21.910341,115.979470,546.310482
-9.084677,126.640186,540.785120
4.052363,136.566022,537.115043
20.254094,154.576136,535.669357
32.422908,166.948071,536.660001
43.008953,-177.125514,538.713423
50.570695,-155.776760,540.894566
53.134451,-129.469241,542.460570
49.725129,-103.664189,543.098206
41.609788,-83.205499,543.005931
30.739493,-67.943797,542.798851
18.447245,-55.954085,543.267455
5.498036,-45.614040,545.066844
-7.615355,-35.726757,548.440221
-20.470645,-25.231376,553.074467
-32.555365,-12.892563,558.142211
-43.054732,2.965543,562.518556
-50.559244,24.174342,565.100655
-53.137693,50.290735,565.128914
-49.815113,75.985416,562.415096
-41.802467,96.445751,557.414017
-31.010224,111.747908,551.118030
-18.759035,123.777063,544.799194
-5.812259,134.147527,539.667730
7.334836,144.058294,536.547063
23.391768,162.438134,535.767995
35.261352,175.518511,537.110622
45.256099,-167.351576,539.281311
51.753872,-144.530982,541.364569
52.826679,-117.697116,542.707889
48.056011,-92.984561,543.125225
39.085715,-73.974990,542.934739
27.762705,-59.712315,542.822327
15.249504,-48.266449,543.574290
2.218606,-38.141139,545.764982
-10.870548,-28.202809,549.505237
-23.588663,-17.375990,554.341872
-35.371445,-4.334541,559.347209
-45.283135,12.712404,563.370045
-51.738034,35.373119,565.365431
-52.846618,62.022919,564.700561
-48.172414,86.657692,561.348153
-39.301016,105.685134,555.914030
-28.047329,119.989968,549.489393
-15.565482,131.473152,543.364085
-2.527622,141.626779,538.679031
10.603494,151.587634,536.122362
26.473794,170.436801,535.974539
37.986124,-175.659060,537.613219
47.287678,-157.206457,539.842378
52.589796,-133.001855,541.785937
52.141018,-106.077738,542.894754
46.124928,-82.686960,543.112370
36.418568,-65.043324,542.867905
24.713873,-51.654026,542.900902
12.020375,-40.659525,543.973412
-1.064328,-30.679646,546.562851
-14.103161,-20.624562,550.641204
-26.649954,-9.384814,555.620964
-38.074004,4.472802,560.490264
-47.298416,22.825238,564.092730
-52.574833,46.852958,565.460874
-52.181694,73.610181,564.101028
-46.267696,96.954093,560.148639
-36.654533,114.626910,554.351123
-25.009985,128.058426,547.880221
-12.338130,139.087939,542.021300
0.762723,149.094245,537.826489
13.851357,159.171314,535.838255
29.488603,178.597529,536.276448
40.576588,-166.551366,538.152521
49.070687,-146.679114,540.383914
53.054688,-121.277764,542.152611
51.097762,-94.709495,543.023435
43.965677,-72.766918,543.069044
33.630202,-56.377154,542.818289
21.605171,-43.742623,543.045894
8.767521,-33.114584,544.469923
-4.344437,-23.213548,547.456638
-17.305858,-12.973891,551.835678
-29.643191,-1.232787,556.893893
-40.642854,13.562095,561.553187
-49.068335,33.314859,564.673370
-53.046124,58.528037,565.382630
-51.162156,84.955008,563.336359
-44.134049,106.877592,558.831650
-33.884686,123.303762,552.745550
-21.910341,135.979470,546.310482
-9.084677,146.640186,540.785120
4.052363,156.566022,537.115043
17.070943,166.827613,535.689680
32.422908,-173.051929,536.660001
43.008953,-157.125514,538.713423
50.570695,-135.776760,540.894566
53.134451,-109.469241,542.460570
49.725129,-83.664189,543.098206
41.609788,-63.205499,543.005931
30.739493,-47.943797,542.798851
18.447245,-35.954085,543.267455
5.498036,-25.614040,545.066844
-7.615355,-15.726757,548.440221
-20.470645,-5.231376,553.074467
-32.555365,7.107437,558.142211
-43.054732,22.965543,562.518556
-50.559244,44.174342,565.100655
-53.137693,70.290735,565.128914
-49.815113,95.985416,562.415096
-41.802467,116.445751,557.414017
-31.010224,131.747908,551.118030
-18.759035,143.777063,544.799194
-5.812259,154.147527,539.667730
7.334836,164.058294,536.547063
20.254094,174.576136,535.669357
35.261352,-164.481489,537.110622
45.256099,-147.351576,539.281311
51.753872,-124.530982,541.364569
52.826679,-97.697116,542.707889
48.056011,-72.984561,543.125225
39.085715,-53.974990,542.934739
27.762705,-39.712315,542.822327
15.249504,-28.266449,543.574290
2.218606,-18.141139,545.764982
-10.870548,-8.202809,549.505237
-23.588663,2.624010,554.341872
-35.371445,15.665459,559.347209
-45.283135,32.712404,563.370045
-51.738034,55.373119,565.365431
-52.846618,82.022919,564.700561
-48.172414,106.657692,561.348153
-39.301016,125.685134,555.914030
-28.047329,139.989968,549.489393
-15.565482,151.473152,543.364085
-2.527622,161.626779,538.679031
10.603494,171.587634,536.122362
23.391768,-177.561866,535.767995
37.986124,-155.659060,537.613219
47.287678,-137.206457,539.842378
52.589796,-113.001855,541.785937
52.141018,-86.077738,542.894754
46.124928,-62.686960,543.112370
36.418568,-45.043324,542.867905
24.713873,-31.654026,542.900902
12.020375,-20.659525,543.973412
-1.064328,-10.679646,546.562851
-14.103161,-0.624562,550.641204
-26.649954,10.615186,555.620964
-38.074004,24.472802,560.490264
-47.298416,42.825238,564.092730
-52.574833,66.852958,565.460874
-52.181694,93.610181,564.101028
-46.267696,116.954093,560.148639
-36.654533,134.626910,554.351123
-25.009985,148.058426,547.880221
-12.338130,159.087939,542.021300
0.762723,169.094245,537.826489
13.851357,179.171314,535.838255
26.473794,-169.563199,535.974539
40.576588,-146.551366,538.152521
49.070687,-126.679114,540.383914
53.054688,-101.277764,542.152611
51.097762,-74.709495,543.023435
43.965677,-52.766918,543.069044
33.630202,-36.377154,542.818289
21.605171,-23.742623,543.045894
8.767521,-13.114584,544.469923
-4.344437,-3.213548,547.456638
-17.305858,7.026109,551.835678
-29.643191,18.767213,556.893893
-40.642854,33.562095,561.553187
-49.068335,53.314859,564.673370
-53.046124,78.528037,565.382630
-51.162156,104.955008,563.336359
-44.134049,126.877592,558.831650
-33.884686,143.303762,552.745550
-21.910341,155.979470,546.310482
-9.084677,166.640186,540.785120
4.052363,176.566022,537.115043
17.070943,-173.172387,535.689680
29.488603,-161.402471,536.276448
43.008953,-137.125514,538.713423
50.570695,-115.776760,540.894566
53.134451,-89.469241,542.460570
49.725129,-63.664189,543.098206
41.609788,-43.205499,543.005931
30.739493,-27.943797,542.798851
18.447245,-15.954085,543.267455
5.498036,-5.614040,545.066844
-7.615355,4.273243,548.440221
-20.470645,14.768624,553.074467
-32.555365,27.107437,558.142211
-43.054732,42.965543,562.518556
-50.559244,64.174342,565.100655
-53.137693,90.290735,565.128914
-49.815113,115.985416,562.415096
-41.802467,136.445751,557.414017
-31.010224,151.747908,551.118030
-18.759035,163.777063,544.799194
-5.812259,174.147527,539.667730
7.334836,-175.941706,536.547063
20.254094,-165.423864,535.669357
32.422908,-153.051929,536.660001
45.256099,-127.351576,539.281311
51.753872,-104.530982,541.364569
52.826679,-77.697116,542.707889
48.056011,-52.984561,543.125225
39.085715,-33.974990,542.934739
27.762705,-19.712315,542.822327
15.249504,-8.266449,543.574290
2.218606,1.858861,545.764982
-10.870548,11.797191,549.505237
-23.588663,22.624010,554.341872
-35.371445,35.665459,559.347209
-45.283135,52.712404,563.370045
-51.738034,75.373119,565.365431
-52.846618,102.022919,564.700561
-48.172414,126.657692,561.348153
-39.301016,145.685134,555.914030
-28.047329,159.989968,549.489393
-15.565482,171.473152,543.364085
-2.527622,-178.373221,538.679031
10.603494,-168.412366,536.122362
23.391768,-157.561866,535.767995
35.261352,-144.481489,537.110622
