36.292497,-24.881370,542.865127
24.571749,-11.529423,542.906032
11.870839,-0.553635,543.994123
-1.215697,9.421161,546.601986
-14.251565,19.483243,550.695094
-26.789573,30.744108,555.679934
-38.195571,44.642231,560.541178
-47.385685,63.057384,564.122727
-52.604753,87.144543,565.461115
-52.142295,113.896062,564.069351
-46.174094,137.176554,560.090380
-36.529365,154.789348,554.277877
-24.868333,168.183486,547.806829
-12.188619,179.194178,541.961861
0.914485,-170.804681,537.790560
14.000505,-160.720627,535.828478
26.614391,-149.433906,535.986469
38.108704,-135.488861,537.637398
47.375627,-116.972692,539.867870
52.619543,-92.707983,541.804081
52.100583,-65.790584,542.901933
46.030123,-42.464566,543.110954
33.499018,-16.226645,542.816618
21.460553,-3.624198,543.054342
8.617067,6.988880,544.495215
-4.495522,16.887857,547.500066
-17.452696,27.137710,551.891937
-29.779372,38.904194,556.952139
-40.757718,53.745314,561.599979
-49.143483,73.564374,564.696529
-53.058764,98.826160,565.374800
-51.107011,125.227758,563.297254
-44.030657,147.083193,558.768367
-33.754302,163.454770,552.670834
-21.766083,176.098326,546.239377
-8.934138,-173.256026,540.730907
4.203937,-163.332317,537.085697
17.218596,-153.060519,535.685993
29.625794,-141.265053,536.292451
40.692426,-126.367208,538.178025
49.146348,-106.427731,540.408219
53.066901,-80.977436,542.168119
51.041469,-54.435877,543.028019
43.861133,-32.561565,543.066470
30.604000,-7.803261,542.798881
18.300593,4.159219,543.279656
5.346978,14.487785,545.096803
-7.765861,24.375995,548.487605
-20.615528,34.884955,553.132402
-32.687463,47.253794,558.198872
-43.161744,63.163990,562.560447
-50.620713,84.440377,565.116505
-53.132662,110.590074,565.112993
-49.745609,136.242398,562.369017
-41.690649,156.635557,557.346525
-30.875424,171.888938,551.042805
-18.612629,-176.109230,544.731222
-5.661010,-165.750345,539.619252
7.485921,-155.838705,536.524347
20.399857,-145.307244,535.671374
32.556034,-132.905050,536.679422
43.116872,-116.925927,538.739565
50.632475,-95.508639,540.917197
53.128752,-69.167912,542.473307
49.654418,-43.406712,543.100438
41.496888,-23.016063,543.002721
27.623597,0.419621,542.824636
15.101226,11.842701,543.590607
2.067247,21.959807,545.799591
-11.020167,31.902064,549.556141
-23.731159,42.746083,554.400727
-35.498711,55.822607,559.401422
-45.380994,72.927301,563.406314
-51.784353,95.653615,565.373605
-52.824066,122.318007,564.676650
-48.090085,146.897550,561.295657
-39.181989,165.860509,555.843201
-27.908803,-179.877616,549.414617
-15.417339,-168.417322,543.300029
-2.375969,-158.271993,538.636686
10.753778,-148.307245,536.106206
23.535198,-137.439469,535.775242
35.389648,-124.323709,537.132774
45.354768,-107.135310,539.307434
51.800270,-84.248247,541.385118
52.803253,-57.400364,542.717817
47.972458,-32.744524,543.125432
38.965690,-13.800060,542.931451
24.571749,8.470577,542.906032
11.870839,19.446365,543.994123
-1.215697,29.421161,546.601986
-14.251565,39.483243,550.695094
-26.789573,50.744108,555.679934
-38.195571,64.642231,560.541178
-47.385685,83.057384,564.122727
-52.604753,107.144543,565.461115
-52.142295,133.896062,564.069351
-46.174094,157.176554,560.090380
-36.529365,174.789348,554.277877
-24.868333,-171.816514,547.806829
-12.188619,-160.805822,541.961861
0.914485,-150.804681,537.790560
14.000505,-140.720627,535.828478
26.614391,-129.433906,535.986469
38.108704,-115.488861,537.637398
47.375627,-96.972692,539.867870
52.619543,-72.707983,541.804081
52.100583,-45.790584,542.901933
46.030123,-22.464566,543.110954
36.292497,-4.881370,542.865127
21.460553,16.375802,543.054342
8.617067,26.988880,544.495215
-4.495522,36.887857,547.500066
-17.452696,47.137710,551.891937
-29.779372,58.904194,556.952139
-40.757718,73.745314,561.599979
-49.143483,93.564374,564.696529
-53.058764,118.826160,565.374800
-51.107011,145.227758,563.297254
-44.030657,167.083193,558.768367
-33.754302,-176.545230,552.670834
-21.766083,-163.901674,546.239377
-8.934138,-153.256026,540.730907
4.203937,-143.332317,537.085697
17.218596,-133.060519,535.685993
29.625794,-121.265053,536.292451
40.692426,-106.367208,538.178025
49.146348,-86.427731,540.408219
53.066901,-60.977436,542.168119
51.041469,-34.435877,543.028019
43.861133,-12.561565,543.066470
33.499018,3.773355,542.816618
18.300593,24.159219,543.279656
5.346978,34.487785,545.096803
-7.765861,44.375995,548.487605
-20.615528,54.884955,553.132402
-32.687463,67.253794,558.198872
-43.161744,83.163990,562.560447
-50.620713,104.440377,565.116505
-53.132662,130.590074,565.112993
-49.745609,156.242398,562.369017
-41.690649,176.635557,557.346525
-30.875424,-168.111062,551.042805
-18.612629,-156.109230,544.731222
-5.661010,-145.750345,539.619252
7.485921,-135.838705,536.524347
20.399857,-125.307244,535.671374
32.556034,-112.905050,536.679422
43.116872,-96.925927,538.739565
50.632475,-75.508639,540.917197
53.128752,-49.167912,542.473307
49.654418,-23.406712,543.100438
41.496888,-3.016063,543.002721
30.604000,12.196739,542.798881
15.101226,31.842701,543.590607
2.067247,41.959807,545.799591
-11.020167,51.902064,549.556141
-23.731159,62.746083,554.400727
-35.498711,75.822607,559.401422
-45.380994,92.927301,563.406314
-51.784353,115.653615,565.373605
-52.824066,142.318007,564.676650
-48.090085,166.897550,561.295657
-39.181989,-174.139491,555.843201
-27.908803,-159.877616,549.414617
-15.417339,-148.417322,543.300029
-2.375969,-138.271993,538.636686
10.753778,-128.307245,536.106206
23.535198,-117.439469,535.775242
35.389648,-104.323709,537.132774
45.354768,-87.135310,539.307434
51.800270,-64.248247,541.385118
52.803253,-37.400364,542.717817
47.972458,-12.744524,543.125432
38.965690,6.199940,542.931451
27.623597,20.419621,542.824636
11.870839,39.446365,543.994123
-1.215697,49.421161,546.601986
-14.251565,59.483243,550.695094
-26.789573,70.744108,555.679934
-38.195571,84.642231,560.541178
-47.385685,103.057384,564.122727
-52.604753,127.144543,565.461115
-52.142295,153.896062,564.069351
-46.174094,177.176554,560.090380
-36.529365,-165.210652,554.277877
-24.868333,-151.816514,547.806829
-12.188619,-140.805822,541.961861
0.914485,-130.804681,537.790560
14.000505,-120.720627,535.828478
26.614391,-109.433906,535.986469
38.108704,-95.488861,537.637398
47.375627,-76.972692,539.867870
52.619543,-52.707983,541.804081
52.100583,-25.790584,542.901933
46.030123,-2.464566,543.110954
36.292497,15.118630,542.865127
24.571749,28.470577,542.906032
8.617067,46.988880,544.495215
-4.495522,56.887857,547.500066
-17.452696,67.137710,551.891937
-29.779372,78.904194,556.952139
-40.757718,93.745314,561.599979
-49.143483,113.564374,564.696529
-53.058764,138.826160,565.374800
-51.107011,165.227758,563.297254
-44.030657,-172.916807,558.768367
-33.754302,-156.545230,552.670834
-21.766083,-143.901674,546.239377
-8.934138,-133.256026,540.730907
4.203937,-123.332317,537.085697
17.218596,-113.060519,535.685993
29.625794,-101.265053,536.292451
40.692426,-86.367208,538.178025
49.146348,-66.427731,540.408219
53.066901,-40.977436,542.168119
51.041469,-14.435877,543.028019
43.861133,7.438435,543.066470
33.499018,23.773355,542.816618
21.460553,36.375802,543.054342
5.346978,54.487785,545.096803
-7.765861,64.375995,548.487605
-20.615528,74.884955,553.132402
-32.687463,87.253794,558.198872
-43.161744,103.163990,562.560447
-50.620713,124.440377,565.116505
-53.132662,150.590074,565.112993
-49.745609,176.242398,562.369017
-41.690649,-163.364443,557.346525
-30.875424,-148.111062,551.042805
-18.612629,-136.109230,544.731222
-5.661010,-125.750345,539.619252
7.485921,-115.838705,536.524347
20.399857,-105.307244,535.671374
32.556034,-92.905050,536.679422
43.116872,-76.925927,538.739565
50.632475,-55.508639,540.917197
53.128752,-29.167912,542.473307
49.654418,-3.406712,543.100438
41.496888,16.983937,543.002721
30.604000,32.196739,542.798881
18.300593,44.159219,543.279656
2.067247,61.959807,545.799591
-11.020167,71.902064,549.556141
-23.731159,82.746083,554.400727
-35.498711,95.822607,559.401422
-45.380994,112.927301,563.406314
-51.784353,135.653615,565.373605
-52.824066,162.318007,564.676650
-48.090085,-173.102450,561.295657
-39.181989,-154.139491,555.843201
-27.908803,-139.877616,549.414617
-15.417339,-128.417322,543.300029
-2.375969,-118.271993,538.636686
10.753778,-108.307245,536.106206
23.535198,-97.439469,535.775242
35.389648,-84.323709,537.132774
45.354768,-67.135310,539.307434
51.800270,-44.248247,541.385118
52.803253,-17.400364,542.717817
47.972458,7.255476,543.125432
38.965690,26.199940,542.931451
27.623597,40.419621,542.824636
15.101226,51.842701,543.590607
-1.215697,69.421161,546.601986
-14.251565,79.483243,550.695094
-26.789573,90.744108,555.679934
-38.195571,104.642231,560.541178
-47.385685,123.057384,564.122727
-52.604753,147.144543,565.461115
-52.142295,173.896062,564.069351
-46.174094,-162.823446,560.090380
-36.529365,-145.210652,554.277877
-24.868333,-131.816514,547.806829
-12.188619,-120.805822,541.961861
0.914485,-110.804681,537.790560
14.000505,-100.720627,535.828478
26.614391,-89.433906,535.986469
38.108704,-75.488861,537.637398
47.375627,-56.972692,539.867870
52.619543,-32.707983,541.804081
52.100583,-5.790584,542.901933
46.030123,17.535434,543.110954
36.292497,35.118630,542.865127
24.571749,48.470577,542.906032
11.870839,59.446365,543.994123
-4.495522,76.887857,547.500066
-17.452696,87.137710,551.891937
-29.779372,98.904194,556.952139
-40.757718,113.745314,561.599979
-49.143483,133.564374,564.696529
-53.058764,158.826160,565.374800
-51.107011,-174.772242,563.297254
-44.030657,-152.916807,558.768367
-33.754302,-136.545230,552.670834
-21.766083,-123.901674,546.239377
-8.934138,-113.256026,540.730907
4.203937,-103.332317,537.085697
17.218596,-93.060519,535.685993
29.625794,-81.265053,536.292451
40.692426,-66.367208,538.178025
49.146348,-46.427731,540.408219
53.066901,-20.977436,542.168119
51.041469,5.564123,543.028019
43.861133,27.438435,543.066470
33.499018,43.773355,542.816618
21.460553,56.375802,543.054342
8.617067,66.988880,544.495215
-7.765861,84.375995,548.487605
-20.615528,94.884955,553.132402
-32.687463,107.253794,558.198872
-43.161744,123.163990,562.560447
-50.620713,144.440377,565.116505
-53.132662,170.590074,565.112993
-49.745609,-163.757602,562.369017
-41.690649,-143.364443,557.346525
-30.875424,-128.111062,551.042805
-18.612629,-116.109230,544.731222
-5.661010,-105.750345,539.619252
7.485921,-95.838705,536.524347
20.399857,-85.307244,535.671374
32.556034,-72.905050,536.679422
43.116872,-56.925927,538.739565
50.632475,-35.508639,540.917197
53.128752,-9.167912,542.473307
49.654418,16.593288,543.100438
41.496888,36.983937,543.002721
30.604000,52.196739,542.798881
18.300593,64.159219,543.279656
5.346978,74.487785,545.096803
-11.020167,91.902064,549.556141
-23.731159,102.746083,554.400727
-35.498711,115.822607,559.401422
-45.380994,132.927301,563.406314
-51.784353,155.653615,565.373605
-52.824066,-177.681993,564.676650
-48.090085,-153.102450,561.295657
-39.181989,-134.139491,555.843201
-27.908803,-119.877616,549.414617
-15.417339,-108.417322,543.300029
-2.375969,-98.271993,538.636686
10.753778,-88.307245,536.106206
23.535198,-77.439469,535.775242
35.389648,-64.323709,537.132774
45.354768,-47.135310,539.307434
51.800270,-24.248247,541.385118
52.803253,2.599636,542.717817
47.972458,27.255476,543.125432
38.965690,46.199940,542.931451
27.623597,60.419621,542.824636
15.101226,71.842701,543.590607
2.067247,81.959807,545.799591
-14.251565,99.483243,550.695094
-26.789573,110.744108,555.679934
-38.195571,124.642231,560.541178
-47.385685,143.057384,564.122727
-52.604753,167.144543,565.461115
-52.142295,-166.103938,564.069351
-46.174094,-142.823446,560.090380
-36.529365,-125.210652,554.277877
-24.868333,-111.816514,547.806829
-12.188619,-100.805822,541.961861
0.914485,-90.804681,537.790560
14.000505,-80.720627,535.828478
26.614391,-69.433906,535.986469
38.108704,-55.488861,537.637398
47.375627,-36.972692,539.867870
52.619543,-12.707983,541.804081
52.100583,14.209416,542.901933
46.030123,37.535434,543.110954
36.292497,55.118630,542.865127
24.571749,68.470577,542.906032
11.870839,79.446365,543.994123
-1.215697,89.421161,546.601986
-17.452696,107.137710,551.891937
-29.779372,118.904194,556.952139
-40.757718,133.745314,561.599979
-49.143483,153.564374,564.696529
-53.058764,178.826160,565.374800
-51.107011,-154.772242,563.297254
-44.030657,-132.916807,558.768367
-33.754302,-116.545230,552.670834
-21.766083,-103.901674,546.239377
-8.934138,-93.256026,540.730907
4.203937,-83.332317,537.085697
17.218596,-73.060519,535.685993
29.625794,-61.265053,536.292451
40.692426,-46.367208,538.178025
49.146348,-26.427731,540.408219
53.066901,-0.977436,542.168119
51.041469,25.564123,543.028019
43.861133,47.438435,543.066470
33.499018,63.773355,542.816618
21.460553,76.375802,543.054342
8.617067,86.988880,544.495215
-4.495522,96.887857,547.500066
-20.615528,114.884955,553.132402
-32.687463,127.253794,558.198872
-43.161744,143.163990,562.560447
-50.620713,164.440377,565.116505
-53.132662,-169.409926,565.112993
-49.745609,-143.757602,562.369017
-41.690649,-123.364443,557.346525
-30.875424,-108.111062,551.042805
-18.612629,-96.109230,544.731222
-5.661010,-85.750345,539.619252
7.485921,-75.838705,536.524347
20.399857,-65.307244,535.671374
32.556034,-52.905050,536.679422
43.116872,-36.925927,538.739565
50.632475,-15.508639,540.917197
53.128752,10.832088,542.473307
49.654418,36.593288,543.100438
41.496888,56.983937,543.002721
30.604000,72.196739,542.798881
18.300593,84.159219,543.279656
5.346978,94.487785,545.096803
-7.765861,104.375995,548.487605
-23.731159,122.746083,554.400727
-35.498711,135.822607,559.401422
-45.380994,152.927301,563.406314
-51.784353,175.653615,565.373605
-52.824066,-157.681993,564.676650
-48.090085,-133.102450,561.295657
-39.181989,-114.139491,555.843201
-27.908803,-99.877616,549.414617
-15.417339,-88.417322,543.300029
-2.375969,-78.271993,538.636686
10.753778,-68.307245,536.106206
23.535198,-57.439469,535.775242
35.389648,-44.323709,537.132774
45.354768,-27.135310,539.307434
51.800270,-4.248247,541.385118
52.803253,22.599636,542.717817
47.972458,47.255476,543.125432
38.965690,66.199940,542.931451
27.623597,80.419621,542.824636
15.101226,91.842701,543.590607
2.067247,101.959807,545.799591
-11.020167,111.902064,549.556141
-26.789573,130.744108,555.679934
-38.195571,144.642231,560.541178
-47.385685,163.057384,564.122727
-52.604753,-172.855457,565.461115
-52.142295,-146.103938,564.069351
-46.174094,-122.823446,560.090380
-36.529365,-105.210652,554.277877
-24.868333,-91.816514,547.806829
-12.188619,-80.805822,541.961861
0.914485,-70.804681,537.790560
14.000505,-60.720627,535.828478
26.614391,-49.433906,535.986469
38.108704,-35.488861,537.637398
47.375627,-16.972692,539.867870
52.619543,7.292017,541.804081
52.100583,34.209416,542.901933
46.030123,57.535434,543.110954
36.292497,75.118630,542.865127
24.571749,88.470577,542.906032
11.870839,99.446365,543.994123
-1.215697,109.421161,546.601986
-14.251565,119.483243,550.695094
-29.779372,138.904194,556.952139
-40.757718,153.745314,561.599979
-49.143483,173.564374,564.696529
-53.058764,-161.173840,565.374800
-51.107011,-134.772242,563.297254
-44.030657,-112.916807,558.768367
-33.754302,-96.545230,552.670834
-21.766083,-83.901674,546.239377
-8.934138,-73.256026,540.730907
4.203937,-63.332317,537.085697
17.218596,-53.060519,535.685993
29.625794,-41.265053,536.292451
40.692426,-26.367208,538.178025
49.146348,-6.427731,540.408219
53.066901,19.022564,542.168119
51.041469,45.564123,543.028019
43.861133,67.438435,543.066470
33.499018,83.773355,542.816618
21.460553,96.375802,543.054342
8.617067,106.988880,544.495215
-4.495522,116.887857,547.500066
-17.452696,127.137710,551.891937
-32.687463,147.253794,558.198872
-43.161744,163.163990,562.560447
-50.620713,-175.559623,565.116505
-53.132662,-149.409926,565.112993
-49.745609,-123.757602,562.369017
-41.690649,-103.364443,557.346525
-30.875424,-88.111062,551.042805
-18.612629,-76.109230,544.731222
-5.661010,-65.750345,539.619252
7.485921,-55.838705,536.524347
20.399857,-45.307244,535.671374
32.556034,-32.905050,536.679422
43.116872,-16.925927,538.739565
50.632475,4.491361,540.917197
53.128752,30.832088,542.473307
49.654418,56.593288,543.100438
41.496888,76.983937,543.002721
30.604000,92.196739,542.798881
18.300593,104.159219,543.279656
5.346978,114.487785,545.096803
-7.765861,124.375995,548.487605
-20.615528,134.884955,553.132402
-35.498711,155.822607,559.401422
-45.380994,172.927301,563.406314
-51.784353,-164.346385,565.373605
-52.824066,-137.681993,564.676650
-48.090085,-113.102450,561.295657
-39.181989,-94.139491,555.843201
-27.908803,-79.877616,549.414617
-15.417339,-68.417322,543.300029
-2.375969,-58.271993,538.636686
10.753778,-48.307245,536.106206
23.535198,-37.439469,535.775242
35.389648,-24.323709,537.132774
45.354768,-7.135310,539.307434
51.800270,15.751753,541.385118
52.803253,42.599636,542.717817
47.972458,67.255476,543.125432
38.965690,86.199940,542.931451
27.623597,100.419621,542.824636
15.101226,111.842701,543.590607
2.067247,121.959807,545.799591
-11.020167,131.902064,549.556141
-23.731159,142.746083,554.400727
-38.195571,164.642231,560.541178
-47.385685,-176.942616,564.122727
-52.604753,-152.855457,565.461115
-52.142295,-126.103938,564.069351
-46.174094,-102.823446,560.090380
-36.529365,-85.210652,554.277877
-24.868333,-71.816514,547.806829
-12.188619,-60.805822,541.961861
0.914485,-50.804681,537.790560
14.000505,-40.720627,535.828478
26.614391,-29.433906,535.986469
38.108704,-15.488861,537.637398
47.375627,3.027308,539.867870
52.619543,27.292017,541.804081
52.100583,54.209416,542.901933
46.030123,77.535434,543.110954
36.292497,95.118630,542.865127
24.571749,108.470577,542.906032
11.870839,119.446365,543.994123
-1.215697,129.421161,546.601986
-14.251565,139.483243,550.695094
-26.789573,150.744108,555.679934
-40.757718,173.745314,561.599979
-49.143483,-166.435626,564.696529
-53.058764,-141.173840,565.374800
-51.107011,-114.772242,563.297254
-44.030657,-92.916807,558.768367
-33.754302,-76.545230,552.670834
-21.766083,-63.901674,546.239377
-8.934138,-53.256026,540.730907
4.203937,-43.332317,537.085697
17.218596,-33.060519,535.685993
29.625794,-21.265053,536.292451
40.692426,-6.367208,538.178025
49.146348,13.572269,540.408219
53.066901,39.022564,542.168119
51.041469,65.564123,543.028019
43.861133,87.438435,543.066470
33.499018,103.773355,542.816618
21.460553,116.375802,543.054342
8.617067,126.988880,544.495215
-4.495522,136.887857,547.500066
-17.452696,147.137710,551.891937
-29.779372,158.904194,556.952139
-43.161744,-176.836010,562.560447
-50.620713,-155.559623,565.116505
-53.132662,-129.409926,565.112993
-49.745609,-103.757602,562.369017
-41.690649,-83.364443,557.346525
-30.875424,-68.111062,551.042805
-18.612629,-56.109230,544.731222
-5.661010,-45.750345,539.619252
7.485921,-35.838705,536.524347
20.399857,-25.307244,535.671374
32.556034,-12.905050,536.679422
43.116872,3.074073,538.739565
50.632475,24.491361,540.917197
53.128752,50.832088,542.473307
49.654418,76.593288,543.100438
41.496888,96.983937,543.002721
30.604000,112.196739,542.798881
18.300593,124.159219,543.279656
5.346978,134.487785,545.096803
-7.765861,144.375995,548.487605
-20.615528,154.884955,553.132402
-32.687463,167.253794,558.198872
-45.380994,-167.072699,563.406314
-51.784353,-144.346385,565.373605
-52.824066,-117.681993,564.676650
-48.090085,-93.102450,561.295657
-39.181989,-74.139491,555.843201
-27.908803,-59.877616,549.414617
-15.417339,-48.417322,543.300029
-2.375969,-38.271993,538.636686
10.753778,-28.307245,536.106206
23.535198,-17.439469,535.775242
35.389648,-4.323709,537.132774
45.354768,12.864690,539.307434
51.800270,35.751753,541.385118
52.803253,62.599636,542.717817
47.972458,87.255476,543.125432
38.965690,106.199940,542.931451
27.623597,120.419621,542.824636
15.101226,131.842701,543.590607
2.067247,141.959807,545.799591
-11.020167,151.902064,549.556141
-23.731159,162.746083,554.400727
-35.498711,175.822607,559.401422
-47.385685,-156.942616,564.122727
-52.604753,-132.855457,565.461115
-52.142295,-106.103938,564.069351
-46.174094,-82.823446,560.090380
-36.529365,-65.210652,554.277877
-24.868333,-51.816514,547.806829
-12.188619,-40.805822,541.961861
0.914485,-30.804681,537.790560
14.000505,-20.720627,535.828478
26.614391,-9.433906,535.986469
38.108704,4.511139,537.637398
47.375627,23.027308,539.867870
52.619543,47.292017,541.804081
52.100583,74.209416,542.901933
46.030123,97.535434,543.110954
36.292497,115.118630,542.865127
24.571749,128.470577,542.906032
11.870839,139.446365,543.994123
-1.215697,149.421161,546.601986
-14.251565,159.483243,550.695094
-26.789573,170.744108,555.679934
-38.195571,-175.357769,560.541178
-49.143483,-146.435626,564.696529
-53.058764,-121.173840,565.374800
-51.107011,-94.772242,563.297254
-44.030657,-72.916807,558.768367
-33.754302,-56.545230,552.670834
-21.766083,-43.901674,546.239377
-8.934138,-33.256026,540.730907
4.203937,-23.332317,537.085697
17.218596,-13.060519,535.685993
29.625794,-1.265053,536.292451
40.692426,13.632792,538.178025
49.146348,33.572269,540.408219
53.066901,59.022564,542.168119
51.041469,85.564123,543.028019
43.861133,107.438435,543.066470
33.499018,123.773355,542.816618
21.460553,136.375802,543.054342
8.617067,146.988880,544.495215
-4.495522,156.887857,547.500066
-17.452696,167.137710,551.891937
-29.779372,178.904194,556.952139
-40.757718,-166.254686,561.599979
-50.620713,-135.559623,565.116505
-53.132662,-109.409926,565.112993
-49.745609,-83.757602,562.369017
-41.690649,-63.364443,557.346525
-30.875424,-48.111062,551.042805
-18.612629,-36.109230,544.731222
-5.661010,-25.750345,539.619252
7.485921,-15.838705,536.524347
20.399857,-5.307244,535.671374
32.556034,7.094950,536.679422
43.116872,23.074073,538.739565
50.632475,44.491361,540.917197
53.128752,70.832088,542.473307
49.654418,96.593288,543.100438
41.496888,116.983937,543.002721
30.604000,132.196739,542.798881
18.300593,144.159219,543.279656
5.346978,154.487785,545.096803
-7.765861,164.375995,548.487605
-20.615528,174.884955,553.132402
-32.687463,-172.746206,558.198872
-43.161744,-156.836010,562.560447
-51.784353,-124.346385,565.373605
-52.824066,-97.681993,564.676650
-48.090085,-73.102450,561.295657
-39.181989,-54.139491,555.843201
-27.908803,-39.877616,549.414617
-15.417339,-28.417322,543.300029
-2.375969,-18.271993,538.636686
10.753778,-8.307245,536.106206
23.535198,2.560531,535.775242
35.389648,15.676291,537.132774
45.354768,32.864690,539.307434
51.800270,55.751753,541.385118
52.803253,82.599636,542.717817
47.972458,107.255476,543.125432
38.965690,126.199940,542.931451
27.623597,140.419621,542.824636
15.101226,151.842701,543.590607
2.067247,161.959807,545.799591
-11.020167,171.902064,549.556141
-23.731159,-177.253917,554.400727
-35.498711,-164.177393,559.401422
-45.380994,-147.072699,563.406314
-52.604753,-112.855457,565.461115
-52.142295,-86.103938,564.069351
-46.174094,-62.823446,560.090380
-36.529365,-45.210652,554.277877
-24.868333,-31.816514,547.806829
-12.188619,-20.805822,541.961861
0.914485,-10.804681,537.790560
14.000505,-0.720627,535.828478
26.614391,10.566094,535.986469
38.108704,24.511139,537.637398
47.375627,43.027308,539.867870
52.619543,67.292017,541.804081
52.100583,94.209416,542.901933
46.030123,117.535434,543.110954
36.292497,135.118630,542.865127
24.571749,148.470577,542.906032
11.870839,159.446365,543.994123
-1.215697,169.421161,546.601986
-14.251565,179.483243,550.695094
-26.789573,-169.255892,555.679934
-38.195571,-155.357769,560.541178
-47.385685,-136.942616,564.122727
-53.058764,-101.173840,565.374800
-51.107011,-74.772242,563.297254
-44.030657,-52.916807,558.768367
-33.754302,-36.545230,552.670834
-21.766083,-23.901674,546.239377
-8.934138,-13.256026,540.730907
4.203937,-3.332317,537.085697
17.218596,6.939481,535.685993
29.625794,18.734947,536.292451
40.692426,33.632792,538.178025
49.146348,53.572269,540.408219
53.066901,79.022564,542.168119
51.041469,105.564123,543.028019
43.861133,127.438435,543.066470
33.499018,143.773355,542.816618
21.460553,156.375802,543.054342
8.617067,166.988880,544.495215
-4.495522,176.887857,547.500066
-17.452696,-172.862290,551.891937
-29.779372,-161.095806,556.952139
-40.757718,-146.254686,561.599979
-49.143483,-126.435626,564.696529
-53.132662,-89.409926,565.112993
-49.745609,-63.757602,562.369017
-41.690649,-43.364443,557.346525
-30.875424,-28.111062,551.042805
-18.612629,-16.109230,544.731222
-5.661010,-5.750345,539.619252
7.485921,4.161295,536.524347
20.399857,14.692756,535.671374
32.556034,27.094950,536.679422
43.116872,43.074073,538.739565
50.632475,64.491361,540.917197
53.128752,90.832088,542.473307
49.654418,116.593288,543.100438
41.496888,136.983937,543.002721
30.604000,152.196739,542.798881
18.300593,164.159219,543.279656
5.346978,174.487785,545.096803
-7.765861,-175.624005,548.487605
-20.615528,-165.115045,553.132402
-32.687463,-152.746206,558.198872
-43.161744,-136.836010,562.560447
-50.620713,-115.559623,565.116505
-52.824066,-77.681993,564.676650
-48.090085,-53.102450,561.295657
-39.181989,-34.139491,555.843201
-27.908803,-19.877616,549.414617
-15.417339,-8.417322,543.300029
-2.375969,1.728007,538.636686
10.753778,11.692755,536.106206
23.535198,22.560531,535.775242
35.389648,35.676291,537.132774
45.354768,52.864690,539.307434
51.800270,75.751753,541.385118
52.803253,102.599636,542.717817
47.972458,127.255476,543.125432
38.965690,146.199940,542.931451
27.623597,160.419621,542.824636
15.101226,171.842701,543.590607
2.067247,-178.040193,545.799591
-11.020167,-168.097936,549.556141
-23.731159,-157.253917,554.400727
-35.498711,-144.177393,559.401422
-45.380994,-127.072699,563.406314
-51.784353,-104.346385,565.373605
-52.142295,-66.103938,564.069351
-46.174094,-42.823446,560.090380
-36.529365,-25.210652,554.277877
-24.868333,-11.816514,547.806829
-12.188619,-0.805822,541.961861
0.914485,9.195319,537.790560
14.000505,19.279373,535.828478
26.614391,30.566094,535.986469
38.108704,44.511139,537.637398
47.375627,63.027308,539.867870
52.619543,87.292017,541.804081
52.100583,114.209416,542.901933
46.030123,137.535434,543.110954
36.292497,155.118630,542.865127
24.571749,168.470577,542.906032
11.870839,179.446365,543.994123
-1.215697,-170.578839,546.601986
-14.251565,-160.516757,550.695094
-26.789573,-149.255892,555.679934
-38.195571,-135.357769,560.541178
-47.385685,-116.942616,564.122727
-52.604753,-92.855457,565.461115
-51.107011,-54.772242,563.297254
-44.030657,-32.916807,558.768367
-33.754302,-16.545230,552.670834
-21.766083,-3.901674,546.239377
-8.934138,6.743974,540.730907
4.203937,16.667683,537.085697
17.218596,26.939481,535.685993
29.625794,38.734947,536.292451
40.692426,53.632792,538.178025
49.146348,73.572269,540.408219
53.066901,99.022564,542.168119
51.041469,125.564123,543.028019
43.861133,147.438435,543.066470
33.499018,163.773355,542.816618
21.460553,176.375802,543.054342
8.617067,-173.011120,544.495215
-4.495522,-163.112143,547.500066
-17.452696,-152.862290,551.891937
-29.779372,-141.095806,556.952139
-40.757718,-126.254686,561.599979
-49.143483,-106.435626,564.696529
-53.058764,-81.173840,565.374800
-49.745609,-43.757602,562.369017
-41.690649,-23.364443,557.346525
-30.875424,-8.111062,551.042805
-18.612629,3.890770,544.731222
-5.661010,14.249655,539.619252
7.485921,24.161295,536.524347
20.399857,34.692756,535.671374
32.556034,47.094950,536.679422
43.116872,63.074073,538.739565
50.632475,84.491361,540.917197
53.128752,110.832088,542.473307
49.654418,136.593288,543.100438
41.496888,156.983937,543.002721
30.604000,172.196739,542.798881
18.300593,-175.840781,543.279656
5.346978,-165.512215,545.096803
-7.765861,-155.624005,548.487605
-20.615528,-145.115045,553.132402
-32.687463,-132.746206,558.198872
-43.161744,-116.836010,562.560447
-50.620713,-95.559623,565.116505
-53.132662,-69.409926,565.112993
-48.090085,-33.102450,561.295657
-39.181989,-14.139491,555.843201
-27.908803,0.122384,549.414617
-15.417339,11.582678,543.300029
-2.375969,21.728007,538.636686
10.753778,31.692755,536.106206
23.535198,42.560531,535.775242
35.389648,55.676291,537.132774
45.354768,72.864690,539.307434
51.800270,95.751753,541.385118
52.803253,122.599636,542.717817
47.972458,147.255476,543.125432
38.965690,166.199940,542.931451
27.623597,-179.580379,542.824636
15.101226,-168.157299,543.590607
2.067247,-158.040193,545.799591
-11.020167,-148.097936,549.556141
-23.731159,-137.253917,554.400727
-35.498711,-124.177393,559.401422
-45.380994,-107.072699,563.406314
-51.784353,-84.346385,565.373605
-52.824066,-57.681993,564.676650
-46.174094,-22.823446,560.090380
-36.529365,-5.210652,554.277877
-24.868333,8.183486,547.806829
-12.188619,19.194178,541.961861
0.914485,29.195319,537.790560
14.000505,39.279373,535.828478
26.614391,50.566094,535.986469
38.108704,64.511139,537.637398
47.375627,83.027308,539.867870
52.619543,107.292017,541.804081
52.100583,134.209416,542.901933
46.030123,157.535434,543.110954
36.292497,175.118630,542.865127
24.571749,-171.529423,542.906032
11.870839,-160.553635,543.994123
-1.215697,-150.578839,546.601986
-14.251565,-140.516757,550.695094
-26.789573,-129.255892,555.679934
-38.195571,-115.357769,560.541178
-47.385685,-96.942616,564.122727
-52.604753,-72.855457,565.461115
-52.142295,-46.103938,564.069351
-44.030657,-12.916807,558.768367
-33.754302,3.454770,552.670834
-21.766083,16.098326,546.239377
-8.934138,26.743974,540.730907
4.203937,36.667683,537.085697
17.218596,46.939481,535.685993
29.625794,58.734947,536.292451
40.692426,73.632792,538.178025
49.146348,93.572269,540.408219
53.066901,119.022564,542.168119
51.041469,145.564123,543.028019
43.861133,167.438435,543.066470
33.499018,-176.226645,542.816618
21.460553,-163.624198,543.054342
8.617067,-153.011120,544.495215
-4.495522,-143.112143,547.500066
-17.452696,-132.862290,551.891937
-29.779372,-121.095806,556.952139
-40.757718,-106.254686,561.599979
-49.143483,-86.435626,564.696529
-53.058764,-61.173840,565.374800
-51.107011,-34.772242,563.297254
-41.690649,-3.364443,557.346525
-30.875424,11.888938,551.042805
-18.612629,23.890770,544.731222
-5.661010,34.249655,539.619252
7.485921,44.161295,536.524347
20.399857,54.692756,535.671374
32.556034,67.094950,536.679422
43.116872,83.074073,538.739565
50.632475,104.491361,540.917197
53.128752,130.832088,542.473307
49.654418,156.593288,543.100438
41.496888,176.983937,543.002721
30.604000,-167.803261,542.798881
18.300593,-155.840781,543.279656
5.346978,-145.512215,545.096803
-7.765861,-135.624005,548.487605
-20.615528,-125.115045,553.132402
-32.687463,-112.746206,558.198872
-43.161744,-96.836010,562.560447
-50.620713,-75.559623,565.116505
-53.132662,-49.409926,565.112993
-49.745609,-23.757602,562.369017
-39.181989,5.860509,555.843201
-27.908803,20.122384,549.414617
-15.417339,31.582678,543.300029
-2.375969,41.728007,538.636686
10.753778,51.692755,536.106206
23.535198,62.560531,535.775242
35.389648,75.676291,537.132774
45.354768,92.864690,539.307434
51.800270,115.751753,541.385118
52.803253,142.599636,542.717817
47.972458,167.255476,543.125432
38.965690,-173.800060,542.931451
27.623597,-159.580379,542.824636
15.101226,-148.157299,543.590607
2.067247,-138.040193,545.799591
-11.020167,-128.097936,549.556141
-23.731159,-117.253917,554.400727
-35.498711,-104.177393,559.401422
-45.380994,-87.072699,563.406314
-51.784353,-64.346385,565.373605
-52.824066,-37.681993,564.676650
-48.090085,-13.102450,561.295657
-36.529365,14.789348,554.277877
-24.868333,28.183486,547.806829
-12.188619,39.194178,541.961861
0.914485,49.195319,537.790560
14.000505,59.279373,535.828478
26.614391,70.566094,535.986469
38.108704,84.511139,537.637398
47.375627,103.027308,539.867870
52.619543,127.292017,541.804081
52.100583,154.209416,542.901933
46.030123,177.535434,543.110954
36.292497,-164.881370,542.865127
24.571749,-151.529423,542.906032
11.870839,-140.553635,543.994123
-1.215697,-130.578839,546.601986
-14.251565,-120.516757,550.695094
-26.789573,-109.255892,555.679934
-38.195571,-95.357769,560.541178
-47.385685,-76.942616,564.122727
-52.604753,-52.855457,565.461115
-52.142295,-26.103938,564.069351
-46.174094,-2.823446,560.090380
-33.754302,23.454770,552.670834
-21.766083,36.098326,546.239377
-8.934138,46.743974,540.730907
4.203937,56.667683,537.085697
17.218596,66.939481,535.685993
29.625794,78.734947,536.292451
40.692426,93.632792,538.178025
49.146348,113.572269,540.408219
53.066901,139.022564,542.168119
51.041469,165.564123,543.028019
43.861133,-172.561565,543.066470
33.499018,-156.226645,542.816618
21.460553,-143.624198,543.054342
8.617067,-133.011120,544.495215
-4.495522,-123.112143,547.500066
-17.452696,-112.862290,551.891937
-29.779372,-101.095806,556.952139
-40.757718,-86.254686,561.599979
-49.143483,-66.435626,564.696529
-53.058764,-41.173840,565.374800
-51.107011,-14.772242,563.297254
-44.030657,7.083193,558.768367
-30.875424,31.888938,551.042805
-18.612629,43.890770,544.731222
-5.661010,54.249655,539.619252
7.485921,64.161295,536.524347
20.399857,74.692756,535.671374
32.556034,87.094950,536.679422
43.116872,103.074073,538.739565
50.632475,124.491361,540.917197
53.128752,150.832088,542.473307
49.654418,176.593288,543.100438
41.496888,-163.016063,543.002721
30.604000,-147.803261,542.798881
18.300593,-135.840781,543.279656
5.346978,-125.512215,545.096803
-7.765861,-115.624005,548.487605
-20.615528,-105.115045,553.132402
-32.687463,-92.746206,558.198872
-43.161744,-76.836010,562.560447
-50.620713,-55.559623,565.116505
-53.132662,-29.409926,565.112993
-49.745609,-3.757602,562.369017
-41.690649,16.635557,557.346525
-27.908803,40.122384,549.414617
-15.417339,51.582678,543.300029
-2.375969,61.728007,538.636686
10.753778,71.692755,536.106206
23.535198,82.560531,535.775242
35.389648,95.676291,537.132774
45.354768,112.864690,539.307434
51.800270,135.751753,541.385118
52.803253,162.599636,542.717817
47.972458,-172.744524,543.125432
38.965690,-153.800060,542.931451
27.623597,-139.580379,542.824636
15.101226,-128.157299,543.590607
2.067247,-118.040193,545.799591
-11.020167,-108.097936,549.556141
-23.731159,-97.253917,554.400727
-35.498711,-84.177393,559.401422
-45.380994,-67.072699,563.406314
-51.784353,-44.346385,565.373605
-52.824066,-17.681993,564.676650
-48.090085,6.897550,561.295657
-39.181989,25.860509,555.843201
-24.868333,48.183486,547.806829
-12.188619,59.194178,541.961861
0.914485,69.195319,537.790560
14.000505,79.279373,535.828478
26.614391,90.566094,535.986469
38.108704,104.511139,537.637398
47.375627,123.027308,539.867870
52.619543,147.292017,541.804081
52.100583,174.209416,542.901933
46.030123,-162.464566,543.110954
36.292497,-144.881370,542.865127
24.571749,-131.529423,542.906032
11.870839,-120.553635,543.994123
-1.215697,-110.578839,546.601986
-14.251565,-100.516757,550.695094
-26.789573,-89.255892,555.679934
-38.195571,-75.357769,560.541178
-47.385685,-56.942616,564.122727
-52.604753,-32.855457,565.461115
-52.142295,-6.103938,564.069351
-46.174094,17.176554,560.090380
-36.529365,34.789348,554.277877
-21.766083,56.098326,546.239377
-8.934138,66.743974,540.730907
4.203937,76.667683,537.085697
17.218596,86.939481,535.685993
29.625794,98.734947,536.292451
40.692426,113.632792,538.178025
49.146348,133.572269,540.408219
53.066901,159.022564,542.168119
51.041469,-174.435877,543.028019
43.861133,-152.561565,543.066470
33.499018,-136.226645,542.816618
21.460553,-123.624198,543.054342
8.617067,-113.011120,544.495215
-4.495522,-103.112143,547.500066
-17.452696,-92.862290,551.891937
-29.779372,-81.095806,556.952139
-40.757718,-66.254686,561.599979
-49.143483,-46.435626,564.696529
-53.058764,-21.173840,565.374800
-51.107011,5.227758,563.297254
-44.030657,27.083193,558.768367
-33.754302,43.454770,552.670834
-18.612629,63.890770,544.731222
-5.661010,74.249655,539.619252
7.485921,84.161295,536.524347
20.399857,94.692756,535.671374
32.556034,107.094950,536.679422
43.116872,123.074073,538.739565
50.632475,144.491361,540.917197
53.128752,170.832088,542.473307
49.654418,-163.406712,543.100438
41.496888,-143.016063,543.002721
30.604000,-127.803261,542.798881
18.300593,-115.840781,543.279656
5.346978,-105.512215,545.096803
-7.765861,-95.624005,548.487605
-20.615528,-85.115045,553.132402
-32.687463,-72.746206,558.198872
-43.161744,-56.836010,562.560447
-50.620713,-35.559623,565.116505
-53.132662,-9.409926,565.112993
-49.745609,16.242398,562.369017
-41.690649,36.635557,557.346525
-30.875424,51.888938,551.042805
-15.417339,71.582678,543.300029
-2.375969,81.728007,538.636686
10.753778,91.692755,536.106206
23.535198,102.560531,535.775242
35.389648,115.676291,537.132774
45.354768,132.864690,539.307434
51.800270,155.751753,541.385118
52.803253,-177.400364,542.717817
47.972458,-152.744524,543.125432
38.965690,-133.800060,542.931451
27.623597,-119.580379,542.824636
15.101226,-108.157299,543.590607
2.067247,-98.040193,545.799591
-11.020167,-88.097936,549.556141
-23.731159,-77.253917,554.400727
-35.498711,-64.177393,559.401422
-45.380994,-47.072699,563.406314
-51.784353,-24.346385,565.373605
-52.824066,2.318007,564.676650
-48.090085,26.897550,561.295657
-39.181989,45.860509,555.843201
-27.908803,60.122384,549.414617
-12.188619,79.194178,541.961861
0.914485,89.195319,537.790560
14.000505,99.279373,535.828478
26.614391,110.566094,535.986469
38.108704,124.511139,537.637398
47.375627,143.027308,539.867870
52.619543,167.292017,541.804081
52.100583,-165.790584,542.901933
46.030123,-142.464566,543.110954
36.292497,-124.881370,542.865127
24.571749,-111.529423,542.906032
11.870839,-100.553635,543.994123
-1.215697,-90.578839,546.601986
-14.251565,-80.516757,550.695094
-26.789573,-69.255892,555.679934
-38.195571,-55.357769,560.541178
-47.385685,-36.942616,564.122727
-52.604753,-12.855457,565.461115
-52.142295,13.896062,564.069351
-46.174094,37.176554,560.090380
-36.529365,54.789348,554.277877
-24.868333,68.183486,547.806829
-8.934138,86.743974,540.730907
4.203937,96.667683,537.085697
17.218596,106.939481,535.685993
29.625794,118.734947,536.292451
40.692426,133.632792,538.178025
49.146348,153.572269,540.408219
53.066901,179.022564,542.168119
51.041469,-154.435877,543.028019
43.861133,-132.561565,543.066470
33.499018,-116.226645,542.816618
21.460553,-103.624198,543.054342
8.617067,-93.011120,544.495215
-4.495522,-83.112143,547.500066
-17.452696,-72.862290,551.891937
-29.779372,-61.095806,556.952139
-40.757718,-46.254686,561.599979
-49.143483,-26.435626,564.696529
-53.058764,-1.173840,565.374800
-51.107011,25.227758,563.297254
-44.030657,47.083193,558.768367
-33.754302,63.454770,552.670834
-21.766083,76.098326,546.239377
-5.661010,94.249655,539.619252
7.485921,104.161295,536.524347
20.399857,114.692756,535.671374
32.556034,127.094950,536.679422
43.116872,143.074073,538.739565
50.632475,164.491361,540.917197
53.128752,-169.167912,542.473307
49.654418,-143.406712,543.100438
41.496888,-123.016063,543.002721
30.604000,-107.803261,542.798881
18.300593,-95.840781,543.279656
5.346978,-85.512215,545.096803
-7.765861,-75.624005,548.487605
-20.615528,-65.115045,553.132402
-32.687463,-52.746206,558.198872
-43.161744,-36.836010,562.560447
-50.620713,-15.559623,565.116505
-53.132662,10.590074,565.112993
-49.745609,36.242398,562.369017
-41.690649,56.635557,557.346525
-30.875424,71.888938,551.042805
-18.612629,83.890770,544.731222
-2.375969,101.728007,538.636686
10.753778,111.692755,536.106206
23.535198,122.560531,535.775242
35.389648,135.676291,537.132774
45.354768,152.864690,539.307434
51.800270,175.751753,541.385118
52.803253,-157.400364,542.717817
47.972458,-132.744524,543.125432
38.965690,-113.800060,542.931451
27.623597,-99.580379,542.824636
15.101226,-88.157299,543.590607
2.067247,-78.040193,545.799591
-11.020167,-68.097936,549.556141
-23.731159,-57.253917,554.400727
-35.498711,-44.177393,559.401422
-45.380994,-27.072699,563.406314
-51.784353,-4.346385,565.373605
-52.824066,22.318007,564.676650
-48.090085,46.897550,561.295657
-39.181989,65.860509,555.843201
-27.908803,80.122384,549.414617
-15.417339,91.582678,543.300029
0.914485,109.195319,537.790560
14.000505,119.279373,535.828478
26.614391,130.566094,535.986469
38.108704,144.511139,537.637398
47.375627,163.027308,539.867870
52.619543,-172.707983,541.804081
52.100583,-145.790584,542.901933
46.030123,-122.464566,543.110954
36.292497,-104.881370,542.865127
24.571749,-91.529423,542.906032
11.870839,-80.553635,543.994123
-1.215697,-70.578839,546.601986
-14.251565,-60.516757,550.695094
-26.789573,-49.255892,555.679934
-38.195571,-35.357769,560.541178
-47.385685,-16.942616,564.122727
-52.604753,7.144543,565.461115
-52.142295,33.896062,564.069351
-46.174094,57.176554,560.090380
-36.529365,74.789348,554.277877
-24.868333,88.183486,547.806829
-12.188619,99.194178,541.961861
4.203937,116.667683,537.085697
17.218596,126.939481,535.685993
29.625794,138.734947,536.292451
40.692426,153.632792,538.178025
49.146348,173.572269,540.408219
53.066901,-160.977436,542.168119
51.041469,-134.435877,543.028019
43.861133,-112.561565,543.066470
33.499018,-96.226645,542.816618
21.460553,-83.624198,543.054342
8.617067,-73.011120,544.495215
-4.495522,-63.112143,547.500066
-17.452696,-52.862290,551.891937
-29.779372,-41.095806,556.952139
-40.757718,-26.254686,561.599979
-49.143483,-6.435626,564.696529
-53.058764,18.826160,565.374800
-51.107011,45.227758,563.297254
-44.030657,67.083193,558.768367
-33.754302,83.454770,552.670834
-21.766083,96.098326,546.239377
-8.934138,106.743974,540.730907
7.485921,124.161295,536.524347
20.399857,134.692756,535.671374
32.556034,147.094950,536.679422
43.116872,163.074073,538.739565
50.632475,-175.508639,540.917197
53.128752,-149.167912,542.473307
49.654418,-123.406712,543.100438
41.496888,-103.016063,543.002721
30.604000,-87.803261,542.798881
18.300593,-75.840781,543.279656
5.346978,-65.512215,545.096803
-7.765861,-55.624005,548.487605
-20.615528,-45.115045,553.132402
-32.687463,-32.746206,558.198872
-43.161744,-16.836010,562.560447
-50.620713,4.440377,565.116505
-53.132662,30.590074,565.112993
-49.745609,56.242398,562.369017
-41.690649,76.635557,557.346525
-30.875424,91.888938,551.042805
-18.612629,103.890770,544.731222
-5.661010,114.249655,539.619252
10.753778,131.692755,536.106206
23.535198,142.560531,535.775242
35.389648,155.676291,537.132774
45.354768,172.864690,539.307434
51.800270,-164.248247,541.385118
52.803253,-137.400364,542.717817
47.972458,-112.744524,543.125432
38.965690,-93.800060,542.931451
27.623597,-79.580379,542.824636
15.101226,-68.157299,543.590607
2.067247,-58.040193,545.799591
-11.020167,-48.097936,549.556141
-23.731159,-37.253917,554.400727
-35.498711,-24.177393,559.401422
-45.380994,-7.072699,563.406314
-51.784353,15.653615,565.373605
-52.824066,42.318007,564.676650
-48.090085,66.897550,561.295657
-39.181989,85.860509,555.843201
-27.908803,100.122384,549.414617
-15.417339,111.582678,543.300029
-2.375969,121.728007,538.636686
14.000505,139.279373,535.828478
26.614391,150.566094,535.986469
38.108704,164.511139,537.637398
47.375627,-176.972692,539.867870
52.619543,-152.707983,541.804081
52.100583,-125.790584,542.901933
46.030123,-102.464566,543.110954
36.292497,-84.881370,542.865127
24.571749,-71.529423,542.906032
11.870839,-60.553635,543.994123
-1.215697,-50.578839,546.601986
-14.251565,-40.516757,550.695094
-26.789573,-29.255892,555.679934
-38.195571,-15.357769,560.541178
-47.385685,3.057384,564.122727
-52.604753,27.144543,565.461115
-52.142295,53.896062,564.069351
-46.174094,77.176554,560.090380
-36.529365,94.789348,554.277877
-24.868333,108.183486,547.806829
-12.188619,119.194178,541.961861
0.914485,129.195319,537.790560
17.218596,146.939481,535.685993
29.625794,158.734947,536.292451
40.692426,173.632792,538.178025
49.146348,-166.427731,540.408219
53.066901,-140.977436,542.168119
51.041469,-114.435877,543.028019
43.861133,-92.561565,543.066470
33.499018,-76.226645,542.816618
21.460553,-63.624198,543.054342
8.617067,-53.011120,544.495215
-4.495522,-43.112143,547.500066
-17.452696,-32.862290,551.891937
-29.779372,-21.095806,556.952139
-40.757718,-6.254686,561.599979
-49.143483,13.564374,564.696529
-53.058764,38.826160,565.374800
-51.107011,65.227758,563.297254
-44.030657,87.083193,558.768367
-33.754302,103.454770,552.670834
-21.766083,116.098326,546.239377
-8.934138,126.743974,540.730907
4.203937,136.667683,537.085697
20.399857,154.692756,535.671374
32.556034,167.094950,536.679422
43.116872,-176.925927,538.739565
50.632475,-155.508639,540.917197
53.128752,-129.167912,542.473307
49.654418,-103.406712,543.100438
41.496888,-83.016063,543.002721
30.604000,-67.803261,542.798881
18.300593,-55.840781,543.279656
5.346978,-45.512215,545.096803
-7.765861,-35.624005,548.487605
-20.615528,-25.115045,553.132402
-32.687463,-12.746206,558.198872
-43.161744,3.163990,562.560447
-50.620713,24.440377,565.116505
-53.132662,50.590074,565.112993
-49.745609,76.242398,562.369017
-41.690649,96.635557,557.346525
-30.875424,111.888938,551.042805
-18.612629,123.890770,544.731222
-5.661010,134.249655,539.619252
7.485921,144.161295,536.524347
23.535198,162.560531,535.775242
35.389648,175.676291,537.132774
45.354768,-167.135310,539.307434
51.800270,-144.248247,541.385118
52.803253,-117.400364,542.717817
47.972458,-92.744524,543.125432
38.965690,-73.800060,542.931451
27.623597,-59.580379,542.824636
15.101226,-48.157299,543.590607
2.067247,-38.040193,545.799591
-11.020167,-28.097936,549.556141
-23.731159,-17.253917,554.400727
-35.498711,-4.177393,559.401422
-45.380994,12.927301,563.406314
-51.784353,35.653615,565.373605
-52.824066,62.318007,564.676650
-48.090085,86.897550,561.295657
-39.181989,105.860509,555.843201
-27.908803,120.122384,549.414617
-15.417339,131.582678,543.300029
-2.375969,141.728007,538.636686
10.753778,151.692755,536.106206
26.614391,170.566094,535.986469
38.108704,-175.488861,537.637398
47.375627,-156.972692,539.867870
52.619543,-132.707983,541.804081
52.100583,-105.790584,542.901933
46.030123,-82.464566,543.110954
36.292497,-64.881370,542.865127
24.571749,-51.529423,542.906032
11.870839,-40.553635,543.994123
-1.215697,-30.578839,546.601986
-14.251565,-20.516757,550.695094
-26.789573,-9.255892,555.679934
-38.195571,4.642231,560.541178
-47.385685,23.057384,564.122727
-52.604753,47.144543,565.461115
-52.142295,73.896062,564.069351
-46.174094,97.176554,560.090380
-36.529365,114.789348,554.277877
-24.868333,128.183486,547.806829
-12.188619,139.194178,541.961861
0.914485,149.195319,537.790560
14.000505,159.279373,535.828478
29.625794,178.734947,536.292451
40.692426,-166.367208,538.178025
49.146348,-146.427731,540.408219
53.066901,-120.977436,542.168119
51.041469,-94.435877,543.028019
43.861133,-72.561565,543.066470
33.499018,-56.226645,542.816618
21.460553,-43.624198,543.054342
8.617067,-33.011120,544.495215
-4.495522,-23.112143,547.500066
-17.452696,-12.862290,551.891937
-29.779372,-1.095806,556.952139
-40.757718,13.745314,561.599979
-49.143483,33.564374,564.696529
-53.058764,58.826160,565.374800
-51.107011,85.227758,563.297254
-44.030657,107.083193,558.768367
-33.754302,123.454770,552.670834
-21.766083,136.098326,546.239377
-8.934138,146.743974,540.730907
4.203937,156.667683,537.085697
17.218596,166.939481,535.685993
32.556034,-172.905050,536.679422
43.116872,-156.925927,538.739565
50.632475,-135.508639,540.917197
53.128752,-109.167912,542.473307
49.654418,-83.406712,543.100438
41.496888,-63.016063,543.002721
30.604000,-47.803261,542.798881
18.300593,-35.840781,543.279656
5.346978,-25.512215,545.096803
-7.765861,-15.624005,548.487605
-20.615528,-5.115045,553.132402
-32.687463,7.253794,558.198872
-43.161744,23.163990,562.560447
-50.620713,44.440377,565.116505
-53.132662,70.590074,565.112993
-49.745609,96.242398,562.369017
-41.690649,116.635557,557.346525
-30.875424,131.888938,551.042805
-18.612629,143.890770,544.731222
-5.661010,154.249655,539.619252
7.485921,164.161295,536.524347
20.399857,174.692756,535.671374
35.389648,-164.323709,537.132774
45.354768,-147.135310,539.307434
51.800270,-124.248247,541.385118
52.803253,-97.400364,542.717817
47.972458,-72.744524,543.125432
38.965690,-53.800060,542.931451
27.623597,-39.580379,542.824636
15.101226,-28.157299,543.590607
2.067247,-18.040193,545.799591
-11.020167,-8.097936,549.556141
-23.731159,2.746083,554.400727
-35.498711,15.822607,559.401422
-45.380994,32.927301,563.406314
-51.784353,55.653615,565.373605
-52.824066,82.318007,564.676650
-48.090085,106.897550,561.295657
-39.181989,125.860509,555.843201
-27.908803,140.122384,549.414617
-15.417339,151.582678,543.300029
-2.375969,161.728007,538.636686
10.753778,171.692755,536.106206
23.535198,-177.439469,535.775242
38.108704,-155.488861,537.637398
47.375627,-136.972692,539.867870
52.619543,-112.707983,541.804081
52.100583,-85.790584,542.901933
46.030123,-62.464566,543.110954
36.292497,-44.881370,542.865127
24.571749,-31.529423,542.906032
11.870839,-20.553635,543.994123
-1.215697,-10.578839,546.601986
-14.251565,-0.516757,550.695094
-26.789573,10.744108,555.679934
-38.195571,24.642231,560.541178
-47.385685,43.057384,564.122727
-52.604753,67.144543,565.461115
-52.142295,93.896062,564.069351
-46.174094,117.176554,560.090380
-36.529365,134.789348,554.277877
-24.868333,148.183486,547.806829
-12.188619,159.194178,541.961861
0.914485,169.195319,537.790560
14.000505,179.279373,535.828478
26.614391,-169.433906,535.986469
40.692426,-146.367208,538.178025
49.146348,-126.427731,540.408219
53.066901,-100.977436,542.168119
51.041469,-74.435877,543.028019
43.861133,-52.561565,543.066470
33.499018,-36.226645,542.816618
21.460553,-23.624198,543.054342
8.617067,-13.011120,544.495215
-4.495522,-3.112143,547.500066
-17.452696,7.137710,551.891937
-29.779372,18.904194,556.952139
-40.757718,33.745314,561.599979
-49.143483,53.564374,564.696529
-53.058764,78.826160,565.374800
-51.107011,105.227758,563.297254
-44.030657,127.083193,558.768367
-33.754302,143.454770,552.670834
-21.766083,156.098326,546.239377
-8.934138,166.743974,540.730907
4.203937,176.667683,537.085697
17.218596,-173.060519,535.685993
29.625794,-161.265053,536.292451
43.116872,-136.925927,538.739565
50.632475,-115.508639,540.917197
53.128752,-89.167912,542.473307
49.654418,-63.406712,543.100438
41.496888,-43.016063,543.002721
30.604000,-27.803261,542.798881
18.300593,-15.840781,543.279656
5.346978,-5.512215,545.096803
-7.765861,4.375995,548.487605
-20.615528,14.884955,553.132402
-32.687463,27.253794,558.198872
-43.161744,43.163990,562.560447
-50.620713,64.440377,565.116505
-53.132662,90.590074,565.112993
-49.745609,116.242398,562.369017
-41.690649,136.635557,557.346525
-30.875424,151.888938,551.042805
-18.612629,163.890770,544.731222
-5.661010,174.249655,539.619252
7.485921,-175.838705,536.524347
20.399857,-165.307244,535.671374
32.556034,-152.905050,536.679422
45.354768,-127.135310,539.307434
51.800270,-104.248247,541.385118
52.803253,-77.400364,542.717817
47.972458,-52.744524,543.125432
38.965690,-33.800060,542.931451
27.623597,-19.580379,542.824636
15.101226,-8.157299,543.590607
2.067247,1.959807,545.799591
-11.020167,11.902064,549.556141
-23.731159,22.746083,554.400727
-35.498711,35.822607,559.401422
-45.380994,52.927301,563.406314
-51.784353,75.653615,565.373605
-52.824066,102.318007,564.676650
-48.090085,126.897550,561.295657
-39.181989,145.860509,555.843201
-27.908803,160.122384,549.414617
-15.417339,171.582678,543.300029
-2.375969,-178.271993,538.636686
10.753778,-168.307245,536.106206
23.535198,-157.439469,535.775242
35.389648,-144.323709,537.132774
