36.250416,-24.827511,542.864209
24.524346,-11.487958,542.907774
11.820983,-0.518367,544.001073
-1.266152,9.454765,546.615076
-14.301019,19.519212,550.713085
-26.836080,30.787158,555.699588
-38.236029,44.698841,560.558111
-47.414658,63.134945,564.132659
-52.614552,87.241830,565.461114
-52.128995,113.991239,564.058714
-46.142785,137.250532,560.070905
-36.487584,154.843369,554.253442
-24.821086,168.225103,547.782385
-12.138770,179.229562,541.942098
0.965072,-170.770987,537.778651
14.050208,-160.684573,535.825283
26.661225,-149.390731,535.990490
38.149500,-135.431992,537.645475
47.404825,-116.894589,539.876357
52.629282,-92.609934,541.810102
52.086935,-65.694987,542.904298
45.998414,-42.390614,543.110467
33.455242,-16.176585,542.816075
21.412325,-3.584780,543.057194
8.566907,7.023347,544.503693
-4.545879,16.921668,547.514585
-17.501624,27.174955,551.910711
-29.824727,38.949944,556.971542
-40.795931,53.806536,561.615530
-49.168399,73.647721,564.704176
-53.062798,98.925574,565.372107
-51.088475,125.318524,563.284146
-43.996100,147.151559,558.747226
-33.710792,163.504996,552.645919
-21.717972,176.137887,546.215703
-8.883950,-173.221451,540.712892
4.254458,-163.298420,537.075983
17.267797,-153.023185,535.684824
29.671487,-141.219157,536.297824
40.730964,-126.305671,538.186537
49.171433,-106.343759,540.416305
53.070789,-80.877289,542.173261
51.022549,-54.344825,543.029521
43.826192,-32.493284,543.065603
30.558796,-7.756511,542.798912
18.251690,4.196939,543.283763
5.296621,14.521714,545.106837
-7.816022,24.410263,548.503439
-20.663801,34.923786,553.151727
-32.731450,47.302683,558.217738
-43.197327,63.230302,562.574357
-50.641054,84.529216,565.121712
-53.130804,110.689838,565.107604
-49.722302,136.327888,562.353589
-41.653297,156.698671,557.323989
-30.830450,171.935853,551.017730
-18.563808,-176.071375,544.708601
-5.610589,-165.716315,539.603153
7.536276,-155.804353,536.516843
20.448424,-145.268316,535.672102
32.600364,-132.855986,536.685927
43.152757,-116.859233,538.748282
50.652917,-95.419102,540.924721
53.126669,-69.067489,542.477524
49.630708,-43.321060,543.101159
41.459175,-22.953074,543.001647
27.577194,0.463519,542.825431
15.051785,11.879047,543.596090
2.016792,21.993450,545.811175
-11.070029,31.937047,549.573142
-23.778631,42.786838,554.420351
-35.541079,55.875109,559.419463
-45.413512,72.999106,563.418342
-51.799630,95.747247,565.376250
-52.816372,122.416298,564.668599
-48.062518,146.977324,561.278096
-39.142245,165.918828,555.819563
-27.862594,-179.833559,549.389701
-15.367942,-168.380852,543.278721
-2.325415,-158.238255,538.622635
10.803862,-148.272179,536.100888
23.582982,-137.398606,535.777709
35.432359,-124.270996,537.140182
45.387555,-107.063045,539.316138
51.815570,-84.153868,541.391944
52.795265,-57.301522,542.721098
47.944484,-32.664693,543.125482
38.925615,-13.741890,542.930358
24.524346,8.512042,542.907774
11.820983,19.481633,544.001073
-1.266152,29.454765,546.615076
-14.301019,39.519212,550.713085
-26.836080,50.787158,555.699588
-38.236029,64.698841,560.558111
-47.414658,83.134945,564.132659
-52.614552,107.241830,565.461114
-52.128995,133.991239,564.058714
-46.142785,157.250532,560.070905
-36.487584,174.843369,554.253442
-24.821086,-171.774897,547.782385
-12.138770,-160.770438,541.942098
0.965072,-150.770987,537.778651
14.050208,-140.684573,535.825283
26.661225,-129.390731,535.990490
38.149500,-115.431992,537.645475
47.404825,-96.894589,539.876357
52.629282,-72.609934,541.810102
52.086935,-45.694987,542.904298
45.998414,-22.390614,543.110467
36.250416,-4.827511,542.864209
21.412325,16.415220,543.057194
8.566907,27.023347,544.503693
-4.545879,36.921668,547.514585
-17.501624,47.174955,551.910711
-29.824727,58.949944,556.971542
-40.795931,73.806536,561.615530
-49.168399,93.647721,564.704176
-53.062798,118.925574,565.372107
-51.088475,145.318524,563.284146
-43.996100,167.151559,558.747226
-33.710792,-176.495004,552.645919
-21.717972,-163.862113,546.215703
-8.883950,-153.221451,540.712892
4.254458,-143.298420,537.075983
17.267797,-133.023185,535.684824
29.671487,-121.219157,536.297824
40.730964,-106.305671,538.186537
49.171433,-86.343759,540.416305
53.070789,-60.877289,542.173261
51.022549,-34.344825,543.029521
43.826192,-12.493284,543.065603
33.455242,3.823415,542.816075
18.251690,24.196939,543.283763
5.296621,34.521714,545.106837
-7.816022,44.410263,548.503439
-20.663801,54.923786,553.151727
-32.731450,67.302683,558.217738
-43.197327,83.230302,562.574357
-50.641054,104.529216,565.121712
-53.130804,130.689838,565.107604
-49.722302,156.327888,562.353589
-41.653297,176.698671,557.323989
-30.830450,-168.064147,551.017730
-18.563808,-156.071375,544.708601
-5.610589,-145.716315,539.603153
7.536276,-135.804353,536.516843
20.448424,-125.268316,535.672102
32.600364,-112.855986,536.685927
43.152757,-96.859233,538.748282
50.652917,-75.419102,540.924721
53.126669,-49.067489,542.477524
49.630708,-23.321060,543.101159
41.459175,-2.953074,543.001647
30.558796,12.243489,542.798912
15.051785,31.879047,543.596090
2.016792,41.993450,545.811175
-11.070029,51.937047,549.573142
-23.778631,62.786838,554.420351
-35.541079,75.875109,559.419463
-45.413512,92.999106,563.418342
-51.799630,115.747247,565.376250
-52.816372,142.416298,564.668599
-48.062518,166.977324,561.278096
-39.142245,-174.081172,555.819563
-27.862594,-159.833559,549.389701
-15.367942,-148.380852,543.278721
-2.325415,-138.238255,538.622635
10.803862,-128.272179,536.100888
23.582982,-117.398606,535.777709
35.432359,-104.270996,537.140182
45.387555,-87.063045,539.316138
51.815570,-64.153868,541.391944
52.795265,-37.301522,542.721098
47.944484,-12.664693,543.125482
38.925615,6.258110,542.930358
27.577194,20.463519,542.825431
11.820983,39.481633,544.001073
-1.266152,49.454765,546.615076
-14.301019,59.519212,550.713085
-26.836080,70.787158,555.699588
-38.236029,84.698841,560.558111
-47.414658,103.134945,564.132659
-52.614552,127.241830,565.461114
-52.128995,153.991239,564.058714
-46.142785,177.250532,560.070905
-36.487584,-165.156631,554.253442
-24.821086,-151.774897,547.782385
-12.138770,-140.770438,541.942098
0.965072,-130.770987,537.778651
14.050208,-120.684573,535.825283
26.661225,-109.390731,535.990490
38.149500,-95.431992,537.645475
47.404825,-76.894589,539.876357
52.629282,-52.609934,541.810102
52.086935,-25.694987,542.904298
45.998414,-2.390614,543.110467
36.250416,15.172489,542.864209
24.524346,28.512042,542.907774
8.566907,47.023347,544.503693
-4.545879,56.921668,547.514585
-17.501624,67.174955,551.910711
-29.824727,78.949944,556.971542
-40.795931,93.806536,561.615530
-49.168399,113.647721,564.704176
-53.062798,138.925574,565.372107
-51.088475,165.318524,563.284146
-43.996100,-172.848441,558.747226
-33.710792,-156.495004,552.645919
-21.717972,-143.862113,546.215703
-8.883950,-133.221451,540.712892
4.254458,-123.298420,537.075983
17.267797,-113.023185,535.684824
29.671487,-101.219157,536.297824
40.730964,-86.305671,538.186537
49.171433,-66.343759,540.416305
53.070789,-40.877289,542.173261
51.022549,-14.344825,543.029521
43.826192,7.506716,543.065603
33.455242,23.823415,542.816075
21.412325,36.415220,543.057194
5.296621,54.521714,545.106837
-7.816022,64.410263,548.503439
-20.663801,74.923786,553.151727
-32.731450,87.302683,558.217738
-43.197327,103.230302,562.574357
-50.641054,124.529216,565.121712
-53.130804,150.689838,565.107604
-49.722302,176.327888,562.353589
-41.653297,-163.301329,557.323989
-30.830450,-148.064147,551.017730
-18.563808,-136.071375,544.708601
-5.610589,-125.716315,539.603153
7.536276,-115.804353,536.516843
20.448424,-105.268316,535.672102
32.600364,-92.855986,536.685927
43.152757,-76.859233,538.748282
50.652917,-55.419102,540.924721
53.126669,-29.067489,542.477524
49.630708,-3.321060,543.101159
41.459175,17.046926,543.001647
30.558796,32.243489,542.798912
18.251690,44.196939,543.283763
2.016792,61.993450,545.811175
-11.070029,71.937047,549.573142
-23.778631,82.786838,554.420351
-35.541079,95.875109,559.419463
-45.413512,112.999106,563.418342
-51.799630,135.747247,565.376250
-52.816372,162.416298,564.668599
-48.062518,-173.022676,561.278096
-39.142245,-154.081172,555.819563
-27.862594,-139.833559,549.389701
-15.367942,-128.380852,543.278721
-2.325415,-118.238255,538.622635
10.803862,-108.272179,536.100888
23.582982,-97.398606,535.777709
35.432359,-84.270996,537.140182
45.387555,-67.063045,539.316138
51.815570,-44.153868,541.391944
52.795265,-17.301522,542.721098
47.944484,7.335307,543.125482
38.925615,26.258110,542.930358
27.577194,40.463519,542.825431
15.051785,51.879047,543.596090
-1.266152,69.454765,546.615076
-14.301019,79.519212,550.713085
-26.836080,90.787158,555.699588
-38.236029,104.698841,560.558111
-47.414658,123.134945,564.132659
-52.614552,147.241830,565.461114
-52.128995,173.991239,564.058714
-46.142785,-162.749468,560.070905
-36.487584,-145.156631,554.253442
-24.821086,-131.774897,547.782385
-12.138770,-120.770438,541.942098
0.965072,-110.770987,537.778651
14.050208,-100.684573,535.825283
26.661225,-89.390731,535.990490
38.149500,-75.431992,537.645475
47.404825,-56.894589,539.876357
52.629282,-32.609934,541.810102
52.086935,-5.694987,542.904298
45.998414,17.609386,543.110467
36.250416,35.172489,542.864209
24.524346,48.512042,542.907774
11.820983,59.481633,544.001073
-4.545879,76.921668,547.514585
-17.501624,87.174955,551.910711
-29.824727,98.949944,556.971542
-40.795931,113.806536,561.615530
-49.168399,133.647721,564.704176
-53.062798,158.925574,565.372107
-51.088475,-174.681476,563.284146
-43.996100,-152.848441,558.747226
-33.710792,-136.495004,552.645919
-21.717972,-123.862113,546.215703
-8.883950,-113.221451,540.712892
4.254458,-103.298420,537.075983
17.267797,-93.023185,535.684824
29.671487,-81.219157,536.297824
40.730964,-66.305671,538.186537
49.171433,-46.343759,540.416305
53.070789,-20.877289,542.173261
51.022549,5.655175,543.029521
43.826192,27.506716,543.065603
33.455242,43.823415,542.816075
21.412325,56.415220,543.057194
8.566907,67.023347,544.503693
-7.816022,84.410263,548.503439
-20.663801,94.923786,553.151727
-32.731450,107.302683,558.217738
-43.197327,123.230302,562.574357
-50.641054,144.529216,565.121712
-53.130804,170.689838,565.107604
-49.722302,-163.672112,562.353589
-41.653297,-143.301329,557.323989
-30.830450,-128.064147,551.017730
-18.563808,-116.071375,544.708601
-5.610589,-105.716315,539.603153
7.536276,-95.804353,536.516843
20.448424,-85.268316,535.672102
32.600364,-72.855986,536.685927
43.152757,-56.859233,538.748282
50.652917,-35.419102,540.924721
53.126669,-9.067489,542.477524
49.630708,16.678940,543.101159
41.459175,37.046926,543.001647
30.558796,52.243489,542.798912
18.251690,64.196939,543.283763
5.296621,74.521714,545.106837
-11.070029,91.937047,549.573142
-23.778631,102.786838,554.420351
-35.541079,115.875109,559.419463
-45.413512,132.999106,563.418342
-51.799630,155.747247,565.376250
-52.816372,-177.583702,564.668599
-48.062518,-153.022676,561.278096
-39.142245,-134.081172,555.819563
-27.862594,-119.833559,549.389701
-15.367942,-108.380852,543.278721
-2.325415,-98.238255,538.622635
10.803862,-88.272179,536.100888
23.582982,-77.398606,535.777709
35.432359,-64.270996,537.140182
45.387555,-47.063045,539.316138
51.815570,-24.153868,541.391944
52.795265,2.698478,542.721098
47.944484,27.335307,543.125482
38.925615,46.258110,542.930358
27.577194,60.463519,542.825431
15.051785,71.879047,543.596090
2.016792,81.993450,545.811175
-14.301019,99.519212,550.713085
-26.836080,110.787158,555.699588
-38.236029,124.698841,560.558111
-47.414658,143.134945,564.132659
-52.614552,167.241830,565.461114
-52.128995,-166.008761,564.058714
-46.142785,-142.749468,560.070905
-36.487584,-125.156631,554.253442
-24.821086,-111.774897,547.782385
-12.138770,-100.770438,541.942098
0.965072,-90.770987,537.778651
14.050208,-80.684573,535.825283
26.661225,-69.390731,535.990490
38.149500,-55.431992,537.645475
47.404825,-36.894589,539.876357
52.629282,-12.609934,541.810102
52.086935,14.305013,542.904298
45.998414,37.609386,543.110467
36.250416,55.172489,542.864209
24.524346,68.512042,542.907774
11.820983,79.481633,544.001073
-1.266152,89.454765,546.615076
-17.501624,107.174955,551.910711
-29.824727,118.949944,556.971542
-40.795931,133.806536,561.615530
-49.168399,153.647721,564.704176
-53.062798,178.925574,565.372107
-51.088475,-154.681476,563.284146
-43.996100,-132.848441,558.747226
-33.710792,-116.495004,552.645919
-21.717972,-103.862113,546.215703
-8.883950,-93.221451,540.712892
4.254458,-83.298420,537.075983
17.267797,-73.023185,535.684824
29.671487,-61.219157,536.297824
40.730964,-46.305671,538.186537
49.171433,-26.343759,540.416305
53.070789,-0.877289,542.173261
51.022549,25.655175,543.029521
43.826192,47.506716,543.065603
33.455242,63.823415,542.816075
21.412325,76.415220,543.057194
8.566907,87.023347,544.503693
-4.545879,96.921668,547.514585
-20.663801,114.923786,553.151727
-32.731450,127.302683,558.217738
-43.197327,143.230302,562.574357
-50.641054,164.529216,565.121712
-53.130804,-169.310162,565.107604
-49.722302,-143.672112,562.353589
-41.653297,-123.301329,557.323989
-30.830450,-108.064147,551.017730
-18.563808,-96.071375,544.708601
-5.610589,-85.716315,539.603153
7.536276,-75.804353,536.516843
20.448424,-65.268316,535.672102
32.600364,-52.855986,536.685927
43.152757,-36.859233,538.748282
50.652917,-15.419102,540.924721
53.126669,10.932511,542.477524
49.630708,36.678940,543.101159
41.459175,57.046926,543.001647
30.558796,72.243489,542.798912
18.251690,84.196939,543.283763
5.296621,94.521714,545.106837
-7.816022,104.410263,548.503439
-23.778631,122.786838,554.420351
-35.541079,135.875109,559.419463
-45.413512,152.999106,563.418342
-51.799630,175.747247,565.376250
-52.816372,-157.583702,564.668599
-48.062518,-133.022676,561.278096
-39.142245,-114.081172,555.819563
-27.862594,-99.833559,549.389701
-15.367942,-88.380852,543.278721
-2.325415,-78.238255,538.622635
10.803862,-68.272179,536.100888
23.582982,-57.398606,535.777709
35.432359,-44.270996,537.140182
45.387555,-27.063045,539.316138
51.815570,-4.153868,541.391944
52.795265,22.698478,542.721098
47.944484,47.335307,543.125482
38.925615,66.258110,542.930358
27.577194,80.463519,542.825431
15.051785,91.879047,543.596090
2.016792,101.993450,545.811175
-11.070029,111.937047,549.573142
-26.836080,130.787158,555.699588
-38.236029,144.698841,560.558111
-47.414658,163.134945,564.132659
-52.614552,-172.758170,565.461114
-52.128995,-146.008761,564.058714
-46.142785,-122.749468,560.070905
-36.487584,-105.156631,554.253442
-24.821086,-91.774897,547.782385
-12.138770,-80.770438,541.942098
0.965072,-70.770987,537.778651
14.050208,-60.684573,535.825283
26.661225,-49.390731,535.990490
38.149500,-35.431992,537.645475
47.404825,-16.894589,539.876357
52.629282,7.390066,541.810102
52.086935,34.305013,542.904298
45.998414,57.609386,543.110467
36.250416,75.172489,542.864209
24.524346,88.512042,542.907774
11.820983,99.481633,544.001073
-1.266152,109.454765,546.615076
-14.301019,119.519212,550.713085
-29.824727,138.949944,556.971542
-40.795931,153.806536,561.615530
-49.168399,173.647721,564.704176
-53.062798,-161.074426,565.372107
-51.088475,-134.681476,563.284146
-43.996100,-112.848441,558.747226
-33.710792,-96.495004,552.645919
-21.717972,-83.862113,546.215703
-8.883950,-73.221451,540.712892
4.254458,-63.298420,537.075983
17.267797,-53.023185,535.684824
29.671487,-41.219157,536.297824
40.730964,-26.305671,538.186537
49.171433,-6.343759,540.416305
53.070789,19.122711,542.173261
51.022549,45.655175,543.029521
43.826192,67.506716,543.065603
33.455242,83.823415,542.816075
21.412325,96.415220,543.057194
8.566907,107.023347,544.503693
-4.545879,116.921668,547.514585
-17.501624,127.174955,551.910711
-32.731450,147.302683,558.217738
-43.197327,163.230302,562.574357
-50.641054,-175.470784,565.121712
-53.130804,-149.310162,565.107604
-49.722302,-123.672112,562.353589
-41.653297,-103.301329,557.323989
-30.830450,-88.064147,551.017730
-18.563808,-76.071375,544.708601
-5.610589,-65.716315,539.603153
7.536276,-55.804353,536.516843
20.448424,-45.268316,535.672102
32.600364,-32.855986,536.685927
43.152757,-16.859233,538.748282
50.652917,4.580898,540.924721
53.126669,30.932511,542.477524
49.630708,56.678940,543.101159
41.459175,77.046926,543.001647
30.558796,92.243489,542.798912
18.251690,104.196939,543.283763
5.296621,114.521714,545.106837
-7.816022,124.410263,548.503439
-20.663801,134.923786,553.151727
-35.541079,155.875109,559.419463
-45.413512,172.999106,563.418342
-51.799630,-164.252753,565.376250
-52.816372,-137.583702,564.668599
-48.062518,-113.022676,561.278096
-39.142245,-94.081172,555.819563
-27.862594,-79.833559,549.389701
-15.367942,-68.380852,543.278721
-2.325415,-58.238255,538.622635
10.803862,-48.272179,536.100888
23.582982,-37.398606,535.777709
35.432359,-24.270996,537.140182
45.387555,-7.063045,539.316138
51.815570,15.846132,541.391944
52.795265,42.698478,542.721098
47.944484,67.335307,543.125482
38.925615,86.258110,542.930358
27.577194,100.463519,542.825431
15.051785,111.879047,543.596090
2.016792,121.993450,545.811175
-11.070029,131.937047,549.573142
-23.778631,142.786838,554.420351
-38.236029,164.698841,560.558111
-47.414658,-176.865055,564.132659
-52.614552,-152.758170,565.461114
-52.128995,-126.008761,564.058714
-46.142785,-102.749468,560.070905
-36.487584,-85.156631,554.253442
-24.821086,-71.774897,547.782385
-12.138770,-60.770438,541.942098
0.965072,-50.770987,537.778651
14.050208,-40.684573,535.825283
26.661225,-29.390731,535.990490
38.149500,-15.431992,537.645475
47.404825,3.105411,539.876357
52.629282,27.390066,541.810102
52.086935,54.305013,542.904298
45.998414,77.609386,543.110467
36.250416,95.172489,542.864209
24.524346,108.512042,542.907774
11.820983,119.481633,544.001073
-1.266152,129.454765,546.615076
-14.301019,139.519212,550.713085
-26.836080,150.787158,555.699588
-40.795931,173.806536,561.615530
-49.168399,-166.352279,564.704176
-53.062798,-141.074426,565.372107
-51.088475,-114.681476,563.284146
-43.996100,-92.848441,558.747226
-33.710792,-76.495004,552.645919
-21.717972,-63.862113,546.215703
-8.883950,-53.221451,540.712892
4.254458,-43.298420,537.075983
17.267797,-33.023185,535.684824
29.671487,-21.219157,536.297824
40.730964,-6.305671,538.186537
49.171433,13.656241,540.416305
53.070789,39.122711,542.173261
51.022549,65.655175,543.029521
43.826192,87.506716,543.065603
33.455242,103.823415,542.816075
21.412325,116.415220,543.057194
8.566907,127.023347,544.503693
-4.545879,136.921668,547.514585
-17.501624,147.174955,551.910711
-29.824727,158.949944,556.971542
-43.197327,-176.769698,562.574357
-50.641054,-155.470784,565.121712
-53.130804,-129.310162,565.107604
-49.722302,-103.672112,562.353589
-41.653297,-83.301329,557.323989
-30.830450,-68.064147,551.017730
-18.563808,-56.071375,544.708601
-5.610589,-45.716315,539.603153
7.536276,-35.804353,536.516843
20.448424,-25.268316,535.672102
32.600364,-12.855986,536.685927
43.152757,3.140767,538.748282
50.652917,24.580898,540.924721
53.126669,50.932511,542.477524
49.630708,76.678940,543.101159
41.459175,97.046926,543.001647
30.558796,112.243489,542.798912
18.251690,124.196939,543.283763
5.296621,134.521714,545.106837
-7.816022,144.410263,548.503439
-20.663801,154.923786,553.151727
-32.731450,167.302683,558.217738
-45.413512,-167.000894,563.418342
-51.799630,-144.252753,565.376250
-52.816372,-117.583702,564.668599
-48.062518,-93.022676,561.278096
-39.142245,-74.081172,555.819563
-27.862594,-59.833559,549.389701
-15.367942,-48.380852,543.278721
-2.325415,-38.238255,538.622635
10.803862,-28.272179,536.100888
23.582982,-17.398606,535.777709
35.432359,-4.270996,537.140182
45.387555,12.936955,539.316138
51.815570,35.846132,541.391944
52.795265,62.698478,542.721098
47.944484,87.335307,543.125482
38.925615,106.258110,542.930358
27.577194,120.463519,542.825431
15.051785,131.879047,543.596090
2.016792,141.993450,545.811175
-11.070029,151.937047,549.573142
-23.778631,162.786838,554.420351
-35.541079,175.875109,559.419463
-47.414658,-156.865055,564.132659
-52.614552,-132.758170,565.461114
-52.128995,-106.008761,564.058714
-46.142785,-82.749468,560.070905
-36.487584,-65.156631,554.253442
-24.821086,-51.774897,547.782385
-12.138770,-40.770438,541.942098
0.965072,-30.770987,537.778651
14.050208,-20.684573,535.825283
26.661225,-9.390731,535.990490
38.149500,4.568008,537.645475
47.404825,23.105411,539.876357
52.629282,47.390066,541.810102
52.086935,74.305013,542.904298
45.998414,97.609386,543.110467
36.250416,115.172489,542.864209
24.524346,128.512042,542.907774
11.820983,139.481633,544.001073
-1.266152,149.454765,546.615076
-14.301019,159.519212,550.713085
-26.836080,170.787158,555.699588
-38.236029,-175.301159,560.558111
-49.168399,-146.352279,564.704176
-53.062798,-121.074426,565.372107
-51.088475,-94.681476,563.284146
-43.996100,-72.848441,558.747226
-33.710792,-56.495004,552.645919
-21.717972,-43.862113,546.215703
-8.883950,-33.221451,540.712892
4.254458,-23.298420,537.075983
17.267797,-13.023185,535.684824
29.671487,-1.219157,536.297824
40.730964,13.694329,538.186537
49.171433,33.656241,540.416305
53.070789,59.122711,542.173261
51.022549,85.655175,543.029521
43.826192,107.506716,543.065603
33.455242,123.823415,542.816075
21.412325,136.415220,543.057194
8.566907,147.023347,544.503693
-4.545879,156.921668,547.514585
-17.501624,167.174955,551.910711
-29.824727,178.949944,556.971542
-40.795931,-166.193464,561.615530
-50.641054,-135.470784,565.121712
-53.130804,-109.310162,565.107604
-49.722302,-83.672112,562.353589
-41.653297,-63.301329,557.323989
-30.830450,-48.064147,551.017730
-18.563808,-36.071375,544.708601
-5.610589,-25.716315,539.603153
7.536276,-15.804353,536.516843
20.448424,-5.268316,535.672102
32.600364,7.144014,536.685927
43.152757,23.140767,538.748282
50.652917,44.580898,540.924721
53.126669,70.932511,542.477524
49.630708,96.678940,543.101159
41.459175,117.046926,543.001647
30.558796,132.243489,542.798912
18.251690,144.196939,543.283763
5.296621,154.521714,545.106837
-7.816022,164.410263,548.503439
-20.663801,174.923786,553.151727
-32.731450,-172.697317,558.217738
-43.197327,-156.769698,562.574357
-51.799630,-124.252753,565.376250
-52.816372,-97.583702,564.668599
-48.062518,-73.022676,561.278096
-39.142245,-54.081172,555.819563
-27.862594,-39.833559,549.389701
-15.367942,-28.380852,543.278721
-2.325415,-18.238255,538.622635
10.803862,-8.272179,536.100888
23.582982,2.601394,535.777709
35.432359,15.729004,537.140182
45.387555,32.936955,539.316138
51.815570,55.846132,541.391944
52.795265,82.698478,542.721098
47.944484,107.335307,543.125482
38.925615,126.258110,542.930358
27.577194,140.463519,542.825431
15.051785,151.879047,543.596090
2.016792,161.993450,545.811175
-11.070029,171.937047,549.573142
-23.778631,-177.213162,554.420351
-35.541079,-164.124891,559.419463
-45.413512,-147.000894,563.418342
-52.614552,-112.758170,565.461114
-52.128995,-86.008761,564.058714
-46.142785,-62.749468,560.070905
-36.487584,-45.156631,554.253442
-24.821086,-31.774897,547.782385
-12.138770,-20.770438,541.942098
0.965072,-10.770987,537.778651
14.050208,-0.684573,535.825283
26.661225,10.609269,535.990490
38.149500,24.568008,537.645475
47.404825,43.105411,539.876357
52.629282,67.390066,541.810102
52.086935,94.305013,542.904298
45.998414,117.609386,543.110467
36.250416,135.172489,542.864209
24.524346,148.512042,542.907774
11.820983,159.481633,544.001073
-1.266152,169.454765,546.615076
-14.301019,179.519212,550.713085
-26.836080,-169.212842,555.699588
-38.236029,-155.301159,560.558111
-47.414658,-136.865055,564.132659
-53.062798,-101.074426,565.372107
-51.088475,-74.681476,563.284146
-43.996100,-52.848441,558.747226
-33.710792,-36.495004,552.645919
-21.717972,-23.862113,546.215703
-8.883950,-13.221451,540.712892
4.254458,-3.298420,537.075983
17.267797,6.976815,535.684824
29.671487,18.780843,536.297824
40.730964,33.694329,538.186537
49.171433,53.656241,540.416305
53.070789,79.122711,542.173261
51.022549,105.655175,543.029521
43.826192,127.506716,543.065603
33.455242,143.823415,542.816075
21.412325,156.415220,543.057194
8.566907,167.023347,544.503693
-4.545879,176.921668,547.514585
-17.501624,-172.825045,551.910711
-29.824727,-161.050056,556.971542
-40.795931,-146.193464,561.615530
-49.168399,-126.352279,564.704176
-53.130804,-89.310162,565.107604
-49.722302,-63.672112,562.353589
-41.653297,-43.301329,557.323989
-30.830450,-28.064147,551.017730
-18.563808,-16.071375,544.708601
-5.610589,-5.716315,539.603153
7.536276,4.195647,536.516843
20.448424,14.731684,535.672102
32.600364,27.144014,536.685927
43.152757,43.140767,538.748282
50.652917,64.580898,540.924721
53.126669,90.932511,542.477524
49.630708,116.678940,543.101159
41.459175,137.046926,543.001647
30.558796,152.243489,542.798912
18.251690,164.196939,543.283763
5.296621,174.521714,545.106837
-7.816022,-175.589737,548.503439
-20.663801,-165.076214,553.151727
-32.731450,-152.697317,558.217738
-43.197327,-136.769698,562.574357
-50.641054,-115.470784,565.121712
-52.816372,-77.583702,564.668599
-48.062518,-53.022676,561.278096
-39.142245,-34.081172,555.819563
-27.862594,-19.833559,549.389701
-15.367942,-8.380852,543.278721
-2.325415,1.761745,538.622635
10.803862,11.727821,536.100888
23.582982,22.601394,535.777709
35.432359,35.729004,537.140182
45.387555,52.936955,539.316138
51.815570,75.846132,541.391944
52.795265,102.698478,542.721098
47.944484,127.335307,543.125482
38.925615,146.258110,542.930358
27.577194,160.463519,542.825431
15.051785,171.879047,543.596090
2.016792,-178.006550,545.811175
-11.070029,-168.062953,549.573142
-23.778631,-157.213162,554.420351
-35.541079,-144.124891,559.419463
-45.413512,-127.000894,563.418342
-51.799630,-104.252753,565.376250
-52.128995,-66.008761,564.058714
-46.142785,-42.749468,560.070905
-36.487584,-25.156631,554.253442
-24.821086,-11.774897,547.782385
-12.138770,-0.770438,541.942098
0.965072,9.229013,537.778651
14.050208,19.315427,535.825283
26.661225,30.609269,535.990490
38.149500,44.568008,537.645475
47.404825,63.105411,539.876357
52.629282,87.390066,541.810102
52.086935,114.305013,542.904298
45.998414,137.609386,543.110467
36.250416,155.172489,542.864209
24.524346,168.512042,542.907774
11.820983,179.481633,544.001073
-1.266152,-170.545235,546.615076
-14.301019,-160.480788,550.713085
-26.836080,-149.212842,555.699588
-38.236029,-135.301159,560.558111
-47.414658,-116.865055,564.132659
-52.614552,-92.758170,565.461114
-51.088475,-54.681476,563.284146
-43.996100,-32.848441,558.747226
-33.710792,-16.495004,552.645919
-21.717972,-3.862113,546.215703
-8.883950,6.778549,540.712892
4.254458,16.701580,537.075983
17.267797,26.976815,535.684824
29.671487,38.780843,536.297824
40.730964,53.694329,538.186537
49.171433,73.656241,540.416305
53.070789,99.122711,542.173261
51.022549,125.655175,543.029521
43.826192,147.506716,543.065603
33.455242,163.823415,542.816075
21.412325,176.415220,543.057194
8.566907,-172.976653,544.503693
-4.545879,-163.078332,547.514585
-17.501624,-152.825045,551.910711
-29.824727,-141.050056,556.971542
-40.795931,-126.193464,561.615530
-49.168399,-106.352279,564.704176
-53.062798,-81.074426,565.372107
-49.722302,-43.672112,562.353589
-41.653297,-23.301329,557.323989
-30.830450,-8.064147,551.017730
-18.563808,3.928625,544.708601
-5.610589,14.283685,539.603153
7.536276,24.195647,536.516843
20.448424,34.731684,535.672102
32.600364,47.144014,536.685927
43.152757,63.140767,538.748282
50.652917,84.580898,540.924721
53.126669,110.932511,542.477524
49.630708,136.678940,543.101159
41.459175,157.046926,543.001647
30.558796,172.243489,542.798912
18.251690,-175.803061,543.283763
5.296621,-165.478286,545.106837
-7.816022,-155.589737,548.503439
-20.663801,-145.076214,553.151727
-32.731450,-132.697317,558.217738
-43.197327,-116.769698,562.574357
-50.641054,-95.470784,565.121712
-53.130804,-69.310162,565.107604
-48.062518,-33.022676,561.278096
-39.142245,-14.081172,555.819563
-27.862594,0.166441,549.389701
-15.367942,11.619148,543.278721
-2.325415,21.761745,538.622635
10.803862,31.727821,536.100888
23.582982,42.601394,535.777709
35.432359,55.729004,537.140182
45.387555,72.936955,539.316138
51.815570,95.846132,541.391944
52.795265,122.698478,542.721098
47.944484,147.335307,543.125482
38.925615,166.258110,542.930358
27.577194,-179.536481,542.825431
15.051785,-168.120953,543.596090
2.016792,-158.006550,545.811175
-11.070029,-148.062953,549.573142
-23.778631,-137.213162,554.420351
-35.541079,-124.124891,559.419463
-45.413512,-107.000894,563.418342
-51.799630,-84.252753,565.376250
-52.816372,-57.583702,564.668599
-46.142785,-22.749468,560.070905
-36.487584,-5.156631,554.253442
-24.821086,8.225103,547.782385
-12.138770,19.229562,541.942098
0.965072,29.229013,537.778651
14.050208,39.315427,535.825283
26.661225,50.609269,535.990490
38.149500,64.568008,537.645475
47.404825,83.105411,539.876357
52.629282,107.390066,541.810102
52.086935,134.305013,542.904298
45.998414,157.609386,543.110467
36.250416,175.172489,542.864209
24.524346,-171.487958,542.907774
11.820983,-160.518367,544.001073
-1.266152,-150.545235,546.615076
-14.301019,-140.480788,550.713085
-26.836080,-129.212842,555.699588
-38.236029,-115.301159,560.558111
-47.414658,-96.865055,564.132659
-52.614552,-72.758170,565.461114
-52.128995,-46.008761,564.058714
-43.996100,-12.848441,558.747226
-33.710792,3.504996,552.645919
-21.717972,16.137887,546.215703
-8.883950,26.778549,540.712892
4.254458,36.701580,537.075983
17.267797,46.976815,535.684824
29.671487,58.780843,536.297824
40.730964,73.694329,538.186537
49.171433,93.656241,540.416305
53.070789,119.122711,542.173261
51.022549,145.655175,543.029521
43.826192,167.506716,543.065603
33.455242,-176.176585,542.816075
21.412325,-163.584780,543.057194
8.566907,-152.976653,544.503693
-4.545879,-143.078332,547.514585
-17.501624,-132.825045,551.910711
-29.824727,-121.050056,556.971542
-40.795931,-106.193464,561.615530
-49.168399,-86.352279,564.704176
-53.062798,-61.074426,565.372107
-51.088475,-34.681476,563.284146
-41.653297,-3.301329,557.323989
-30.830450,11.935853,551.017730
-18.563808,23.928625,544.708601
-5.610589,34.283685,539.603153
7.536276,44.195647,536.516843
20.448424,54.731684,535.672102
32.600364,67.144014,536.685927
43.152757,83.140767,538.748282
50.652917,104.580898,540.924721
53.126669,130.932511,542.477524
49.630708,156.678940,543.101159
41.459175,177.046926,543.001647
30.558796,-167.756511,542.798912
18.251690,-155.803061,543.283763
5.296621,-145.478286,545.106837
-7.816022,-135.589737,548.503439
-20.663801,-125.076214,553.151727
-32.731450,-112.697317,558.217738
-43.197327,-96.769698,562.574357
-50.641054,-75.470784,565.121712
-53.130804,-49.310162,565.107604
-49.722302,-23.672112,562.353589
-39.142245,5.918828,555.819563
-27.862594,20.166441,549.389701
-15.367942,31.619148,543.278721
-2.325415,41.761745,538.622635
10.803862,51.727821,536.100888
23.582982,62.601394,535.777709
35.432359,75.729004,537.140182
45.387555,92.936955,539.316138
51.815570,115.846132,541.391944
52.795265,142.698478,542.721098
47.944484,167.335307,543.125482
38.925615,-173.741890,542.930358
27.577194,-159.536481,542.825431
15.051785,-148.120953,543.596090
2.016792,-138.006550,545.811175
-11.070029,-128.062953,549.573142
-23.778631,-117.213162,554.420351
-35.541079,-104.124891,559.419463
-45.413512,-87.000894,563.418342
-51.799630,-64.252753,565.376250
-52.816372,-37.583702,564.668599
-48.062518,-13.022676,561.278096
-36.487584,14.843369,554.253442
-24.821086,28.225103,547.782385
-12.138770,39.229562,541.942098
0.965072,49.229013,537.778651
14.050208,59.315427,535.825283
26.661225,70.609269,535.990490
38.149500,84.568008,537.645475
47.404825,103.105411,539.876357
52.629282,127.390066,541.810102
52.086935,154.305013,542.904298
45.998414,177.609386,543.110467
36.250416,-164.827511,542.864209
24.524346,-151.487958,542.907774
11.820983,-140.518367,544.001073
-1.266152,-130.545235,546.615076
-14.301019,-120.480788,550.713085
-26.836080,-109.212842,555.699588
-38.236029,-95.301159,560.558111
-47.414658,-76.865055,564.132659
-52.614552,-52.758170,565.461114
-52.128995,-26.008761,564.058714
-46.142785,-2.749468,560.070905
-33.710792,23.504996,552.645919
-21.717972,36.137887,546.215703
-8.883950,46.778549,540.712892
4.254458,56.701580,537.075983
17.267797,66.976815,535.684824
29.671487,78.780843,536.297824
40.730964,93.694329,538.186537
49.171433,113.656241,540.416305
53.070789,139.122711,542.173261
51.022549,165.655175,543.029521
43.826192,-172.493284,543.065603
33.455242,-156.176585,542.816075
21.412325,-143.584780,543.057194
8.566907,-132.976653,544.503693
-4.545879,-123.078332,547.514585
-17.501624,-112.825045,551.910711
-29.824727,-101.050056,556.971542
-40.795931,-86.193464,561.615530
-49.168399,-66.352279,564.704176
-53.062798,-41.074426,565.372107
-51.088475,-14.681476,563.284146
-43.996100,7.151559,558.747226
-30.830450,31.935853,551.017730
-18.563808,43.928625,544.708601
-5.610589,54.283685,539.603153
7.536276,64.195647,536.516843
20.448424,74.731684,535.672102
32.600364,87.144014,536.685927
43.152757,103.140767,538.748282
50.652917,124.580898,540.924721
53.126669,150.932511,542.477524
49.630708,176.678940,543.101159
41.459175,-162.953074,543.001647
30.558796,-147.756511,542.798912
18.251690,-135.803061,543.283763
5.296621,-125.478286,545.106837
-7.816022,-115.589737,548.503439
-20.663801,-105.076214,553.151727
-32.731450,-92.697317,558.217738
-43.197327,-76.769698,562.574357
-50.641054,-55.470784,565.121712
-53.130804,-29.310162,565.107604
-49.722302,-3.672112,562.353589
-41.653297,16.698671,557.323989
-27.862594,40.166441,549.389701
-15.367942,51.619148,543.278721
-2.325415,61.761745,538.622635
10.803862,71.727821,536.100888
23.582982,82.601394,535.777709
35.432359,95.729004,537.140182
45.387555,112.936955,539.316138
51.815570,135.846132,541.391944
52.795265,162.698478,542.721098
47.944484,-172.664693,543.125482
38.925615,-153.741890,542.930358
27.577194,-139.536481,542.825431
15.051785,-128.120953,543.596090
2.016792,-118.006550,545.811175
-11.070029,-108.062953,549.573142
-23.778631,-97.213162,554.420351
-35.541079,-84.124891,559.419463
-45.413512,-67.000894,563.418342
-51.799630,-44.252753,565.376250
-52.816372,-17.583702,564.668599
-48.062518,6.977324,561.278096
-39.142245,25.918828,555.819563
-24.821086,48.225103,547.782385
-12.138770,59.229562,541.942098
0.965072,69.229013,537.778651
14.050208,79.315427,535.825283
26.661225,90.609269,535.990490
38.149500,104.568008,537.645475
47.404825,123.105411,539.876357
52.629282,147.390066,541.810102
52.086935,174.305013,542.904298
45.998414,-162.390614,543.110467
36.250416,-144.827511,542.864209
24.524346,-131.487958,542.907774
11.820983,-120.518367,544.001073
-1.266152,-110.545235,546.615076
-14.301019,-100.480788,550.713085
-26.836080,-89.212842,555.699588
-38.236029,-75.301159,560.558111
-47.414658,-56.865055,564.132659
-52.614552,-32.758170,565.461114
-52.128995,-6.008761,564.058714
-46.142785,17.250532,560.070905
-36.487584,34.843369,554.253442
-21.717972,56.137887,546.215703
-8.883950,66.778549,540.712892
4.254458,76.701580,537.075983
17.267797,86.976815,535.684824
29.671487,98.780843,536.297824
40.730964,113.694329,538.186537
49.171433,133.656241,540.416305
53.070789,159.122711,542.173261
51.022549,-174.344825,543.029521
43.826192,-152.493284,543.065603
33.455242,-136.176585,542.816075
21.412325,-123.584780,543.057194
8.566907,-112.976653,544.503693
-4.545879,-103.078332,547.514585
-17.501624,-92.825045,551.910711
-29.824727,-81.050056,556.971542
-40.795931,-66.193464,561.615530
-49.168399,-46.352279,564.704176
-53.062798,-21.074426,565.372107
-51.088475,5.318524,563.284146
-43.996100,27.151559,558.747226
-33.710792,43.504996,552.645919
-18.563808,63.928625,544.708601
-5.610589,74.283685,539.603153
7.536276,84.195647,536.516843
20.448424,94.731684,535.672102
32.600364,107.144014,536.685927
43.152757,123.140767,538.748282
50.652917,144.580898,540.924721
53.126669,170.932511,542.477524
49.630708,-163.321060,543.101159
41.459175,-142.953074,543.001647
30.558796,-127.756511,542.798912
18.251690,-115.803061,543.283763
5.296621,-105.478286,545.106837
-7.816022,-95.589737,548.503439
-20.663801,-85.076214,553.151727
-32.731450,-72.697317,558.217738
-43.197327,-56.769698,562.574357
-50.641054,-35.470784,565.121712
-53.130804,-9.310162,565.107604
-49.722302,16.327888,562.353589
-41.653297,36.698671,557.323989
-30.830450,51.935853,551.017730
-15.367942,71.619148,543.278721
-2.325415,81.761745,538.622635
10.803862,91.727821,536.100888
23.582982,102.601394,535.777709
35.432359,115.729004,537.140182
45.387555,132.936955,539.316138
51.815570,155.846132,541.391944
52.795265,-177.301522,542.721098
47.944484,-152.664693,543.125482
38.925615,-133.741890,542.930358
27.577194,-119.536481,542.825431
15.051785,-108.120953,543.596090
2.016792,-98.006550,545.811175
-11.070029,-88.062953,549.573142
-23.778631,-77.213162,554.420351
-35.541079,-64.124891,559.419463
-45.413512,-47.000894,563.418342
-51.799630,-24.252753,565.376250
-52.816372,2.416298,564.668599
-48.062518,26.977324,561.278096
-39.142245,45.918828,555.819563
-27.862594,60.166441,549.389701
-12.138770,79.229562,541.942098
0.965072,89.229013,537.778651
14.050208,99.315427,535.825283
26.661225,110.609269,535.990490
38.149500,124.568008,537.645475
47.404825,143.105411,539.876357
52.629282,167.390066,541.810102
52.086935,-165.694987,542.904298
45.998414,-142.390614,543.110467
36.250416,-124.827511,542.864209
24.524346,-111.487958,542.907774
11.820983,-100.518367,544.001073
-1.266152,-90.545235,546.615076
-14.301019,-80.480788,550.713085
-26.836080,-69.212842,555.699588
-38.236029,-55.301159,560.558111
-47.414658,-36.865055,564.132659
-52.614552,-12.758170,565.461114
-52.128995,13.991239,564.058714
-46.142785,37.250532,560.070905
-36.487584,54.843369,554.253442
-24.821086,68.225103,547.782385
-8.883950,86.778549,540.712892
4.254458,96.701580,537.075983
17.267797,106.976815,535.684824
29.671487,118.780843,536.297824
40.730964,133.694329,538.186537
49.171433,153.656241,540.416305
53.070789,179.122711,542.173261
51.022549,-154.344825,543.029521
43.826192,-132.493284,543.065603
33.455242,-116.176585,542.816075
21.412325,-103.584780,543.057194
8.566907,-92.976653,544.503693
-4.545879,-83.078332,547.514585
-17.501624,-72.825045,551.910711
-29.824727,-61.050056,556.971542
-40.795931,-46.193464,561.615530
-49.168399,-26.352279,564.704176
-53.062798,-1.074426,565.372107
-51.088475,25.318524,563.284146
-43.996100,47.151559,558.747226
-33.710792,63.504996,552.645919
-21.717972,76.137887,546.215703
-5.610589,94.283685,539.603153
7.536276,104.195647,536.516843
20.448424,114.731684,535.672102
32.600364,127.144014,536.685927
43.152757,143.140767,538.748282
50.652917,164.580898,540.924721
53.126669,-169.067489,542.477524
49.630708,-143.321060,543.101159
41.459175,-122.953074,543.001647
30.558796,-107.756511,542.798912
18.251690,-95.803061,543.283763
5.296621,-85.478286,545.106837
-7.816022,-75.589737,548.503439
-20.663801,-65.076214,553.151727
-32.731450,-52.697317,558.217738
-43.197327,-36.769698,562.574357
-50.641054,-15.470784,565.121712
-53.130804,10.689838,565.107604
-49.722302,36.327888,562.353589
-41.653297,56.698671,557.323989
-30.830450,71.935853,551.017730
-18.563808,83.928625,544.708601
-2.325415,101.761745,538.622635
10.803862,111.727821,536.100888
23.582982,122.601394,535.777709
35.432359,135.729004,537.140182
45.387555,152.936955,539.316138
51.815570,175.846132,541.391944
52.795265,-157.301522,542.721098
47.944484,-132.664693,543.125482
38.925615,-113.741890,542.930358
27.577194,-99.536481,542.825431
15.051785,-88.120953,543.596090
2.016792,-78.006550,545.811175
-11.070029,-68.062953,549.573142
-23.778631,-57.213162,554.420351
-35.541079,-44.124891,559.419463
-45.413512,-27.000894,563.418342
-51.799630,-4.252753,565.376250
-52.816372,22.416298,564.668599
-48.062518,46.977324,561.278096
-39.142245,65.918828,555.819563
-27.862594,80.166441,549.389701
-15.367942,91.619148,543.278721
0.965072,109.229013,537.778651
14.050208,119.315427,535.825283
26.661225,130.609269,535.990490
38.149500,144.568008,537.645475
47.404825,163.105411,539.876357
52.629282,-172.609934,541.810102
52.086935,-145.694987,542.904298
45.998414,-122.390614,543.110467
36.250416,-104.827511,542.864209
24.524346,-91.487958,542.907774
11.820983,-80.518367,544.001073
-1.266152,-70.545235,546.615076
-14.301019,-60.480788,550.713085
-26.836080,-49.212842,555.699588
-38.236029,-35.301159,560.558111
-47.414658,-16.865055,564.132659
-52.614552,7.241830,565.461114
-52.128995,33.991239,564.058714
-46.142785,57.250532,560.070905
-36.487584,74.843369,554.253442
-24.821086,88.225103,547.782385
-12.138770,99.229562,541.942098
4.254458,116.701580,537.075983
17.267797,126.976815,535.684824
29.671487,138.780843,536.297824
40.730964,153.694329,538.186537
49.171433,173.656241,540.416305
53.070789,-160.877289,542.173261
51.022549,-134.344825,543.029521
43.826192,-112.493284,543.065603
33.455242,-96.176585,542.816075
21.412325,-83.584780,543.057194
8.566907,-72.976653,544.503693
-4.545879,-63.078332,547.514585
-17.501624,-52.825045,551.910711
-29.824727,-41.050056,556.971542
-40.795931,-26.193464,561.615530
-49.168399,-6.352279,564.704176
-53.062798,18.925574,565.372107
-51.088475,45.318524,563.284146
-43.996100,67.151559,558.747226
-33.710792,83.504996,552.645919
-21.717972,96.137887,546.215703
-8.883950,106.778549,540.712892
7.536276,124.195647,536.516843
20.448424,134.731684,535.672102
32.600364,147.144014,536.685927
43.152757,163.140767,538.748282
50.652917,-175.419102,540.924721
53.126669,-149.067489,542.477524
49.630708,-123.321060,543.101159
41.459175,-102.953074,543.001647
30.558796,-87.756511,542.798912
18.251690,-75.803061,543.283763
5.296621,-65.478286,545.106837
-7.816022,-55.589737,548.503439
-20.663801,-45.076214,553.151727
-32.731450,-32.697317,558.217738
-43.197327,-16.769698,562.574357
-50.641054,4.529216,565.121712
-53.130804,30.689838,565.107604
-49.722302,56.327888,562.353589
-41.653297,76.698671,557.323989
-30.830450,91.935853,551.017730
-18.563808,103.928625,544.708601
-5.610589,114.283685,539.603153
10.803862,131.727821,536.100888
23.582982,142.601394,535.777709
35.432359,155.729004,537.140182
45.387555,172.936955,539.316138
51.815570,-164.153868,541.391944
52.795265,-137.301522,542.721098
47.944484,-112.664693,543.125482
38.925615,-93.741890,542.930358
27.577194,-79.536481,542.825431
15.051785,-68.120953,543.596090
2.016792,-58.006550,545.811175
-11.070029,-48.062953,549.573142
-23.778631,-37.213162,554.420351
-35.541079,-24.124891,559.419463
-45.413512,-7.000894,563.418342
-51.799630,15.747247,565.376250
-52.816372,42.416298,564.668599
-48.062518,66.977324,561.278096
-39.142245,85.918828,555.819563
-27.862594,100.166441,549.389701
-15.367942,111.619148,543.278721
-2.325415,121.761745,538.622635
14.050208,139.315427,535.825283
26.661225,150.609269,535.990490
38.149500,164.568008,537.645475
47.404825,-176.894589,539.876357
52.629282,-152.609934,541.810102
52.086935,-125.694987,542.904298
45.998414,-102.390614,543.110467
36.250416,-84.827511,542.864209
24.524346,-71.487958,542.907774
11.820983,-60.518367,544.001073
-1.266152,-50.545235,546.615076
-14.301019,-40.480788,550.713085
-26.836080,-29.212842,555.699588
-38.236029,-15.301159,560.558111
-47.414658,3.134945,564.132659
-52.614552,27.241830,565.461114
-52.128995,53.991239,564.058714
-46.142785,77.250532,560.070905
-36.487584,94.843369,554.253442
-24.821086,108.225103,547.782385
-12.138770,119.229562,541.942098
0.965072,129.229013,537.778651
17.267797,146.976815,535.684824
29.671487,158.780843,536.297824
40.730964,173.694329,538.186537
49.171433,-166.343759,540.416305
53.070789,-140.877289,542.173261
51.022549,-114.344825,543.029521
43.826192,-92.493284,543.065603
33.455242,-76.176585,542.816075
21.412325,-63.584780,543.057194
8.566907,-52.976653,544.503693
-4.545879,-43.078332,547.514585
-17.501624,-32.825045,551.910711
-29.824727,-21.050056,556.971542
-40.795931,-6.193464,561.615530
-49.168399,13.647721,564.704176
-53.062798,38.925574,565.372107
-51.088475,65.318524,563.284146
-43.996100,87.151559,558.747226
-33.710792,103.504996,552.645919
-21.717972,116.137887,546.215703
-8.883950,126.778549,540.712892
4.254458,136.701580,537.075983
20.448424,154.731684,535.672102
32.600364,167.144014,536.685927
43.152757,-176.859233,538.748282
50.652917,-155.419102,540.924721
53.126669,-129.067489,542.477524
49.630708,-103.321060,543.101159
41.459175,-82.953074,543.001647
30.558796,-67.756511,542.798912
18.251690,-55.803061,543.283763
5.296621,-45.478286,545.106837
-7.816022,-35.589737,548.503439
-20.663801,-25.076214,553.151727
-32.731450,-12.697317,558.217738
-43.197327,3.230302,562.574357
-50.641054,24.529216,565.121712
-53.130804,50.689838,565.107604
-49.722302,76.327888,562.353589
-41.653297,96.698671,557.323989
-30.830450,111.935853,551.017730
-18.563808,123.928625,544.708601
-5.610589,134.283685,539.603153
7.536276,144.195647,536.516843
23.582982,162.601394,535.777709
35.432359,175.729004,537.140182
45.387555,-167.063045,539.316138
51.815570,-144.153868,541.391944
52.795265,-117.301522,542.721098
47.944484,-92.664693,543.125482
38.925615,-73.741890,542.930358
27.577194,-59.536481,542.825431
15.051785,-48.120953,543.596090
2.016792,-38.006550,545.811175
-11.070029,-28.062953,549.573142
-23.778631,-17.213162,554.420351
-35.541079,-4.124891,559.419463
-45.413512,12.999106,563.418342
-51.799630,35.747247,565.376250
-52.816372,62.416298,564.668599
-48.062518,86.977324,561.278096
-39.142245,105.918828,555.819563
-27.862594,120.166441,549.389701
-15.367942,131.619148,543.278721
-2.325415,141.761745,538.622635
10.803862,151.727821,536.100888
26.661225,170.609269,535.990490
38.149500,-175.431992,537.645475
47.404825,-156.894589,539.876357
52.629282,-132.609934,541.810102
52.086935,-105.694987,542.904298
45.998414,-82.390614,543.110467
36.250416,-64.827511,542.864209
24.524346,-51.487958,542.907774
11.820983,-40.518367,544.001073
-1.266152,-30.545235,546.615076
-14.301019,-20.480788,550.713085
-26.836080,-9.212842,555.699588
-38.236029,4.698841,560.558111
-47.414658,23.134945,564.132659
-52.614552,47.241830,565.461114
-52.128995,73.991239,564.058714
-46.142785,97.250532,560.070905
-36.487584,114.843369,554.253442
-24.821086,128.225103,547.782385
-12.138770,139.229562,541.942098
0.965072,149.229013,537.778651
14.050208,159.315427,535.825283
29.671487,178.780843,536.297824
40.730964,-166.305671,538.186537
49.171433,-146.343759,540.416305
53.070789,-120.877289,542.173261
51.022549,-94.344825,543.029521
43.826192,-72.493284,543.065603
33.455242,-56.176585,542.816075
21.412325,-43.584780,543.057194
8.566907,-32.976653,544.503693
-4.545879,-23.078332,547.514585
-17.501624,-12.825045,551.910711
-29.824727,-1.050056,556.971542
-40.795931,13.806536,561.615530
-49.168399,33.647721,564.704176
-53.062798,58.925574,565.372107
-51.088475,85.318524,563.284146
-43.996100,107.151559,558.747226
-33.710792,123.504996,552.645919
-21.717972,136.137887,546.215703
-8.883950,146.778549,540.712892
4.254458,156.701580,537.075983
17.267797,166.976815,535.684824
32.600364,-172.855986,536.685927
43.152757,-156.859233,538.748282
50.652917,-135.419102,540.924721
53.126669,-109.067489,542.477524
49.630708,-83.321060,543.101159
41.459175,-62.953074,543.001647
30.558796,-47.756511,542.798912
18.251690,-35.803061,543.283763
5.296621,-25.478286,545.106837
-7.816022,-15.589737,548.503439
-20.663801,-5.076214,553.151727
-32.731450,7.302683,558.217738
-43.197327,23.230302,562.574357
-50.641054,44.529216,565.121712
-53.130804,70.689838,565.107604
-49.722302,96.327888,562.353589
-41.653297,116.698671,557.323989
-30.830450,131.935853,551.017730
-18.563808,143.928625,544.708601
-5.610589,154.283685,539.603153
7.536276,164.195647,536.516843
20.448424,174.731684,535.672102
35.432359,-164.270996,537.140182
45.387555,-147.063045,539.316138
51.815570,-124.153868,541.391944
52.795265,-97.301522,542.721098
47.944484,-72.664693,543.125482
38.925615,-53.741890,542.930358
27.577194,-39.536481,542.825431
15.051785,-28.120953,543.596090
2.016792,-18.006550,545.811175
-11.070029,-8.062953,549.573142
-23.778631,2.786838,554.420351
-35.541079,15.875109,559.419463
-45.413512,32.999106,563.418342
-51.799630,55.747247,565.376250
-52.816372,82.416298,564.668599
-48.062518,106.977324,561.278096
-39.142245,125.918828,555.819563
-27.862594,140.166441,549.389701
-15.367942,151.619148,543.278721
-2.325415,161.761745,538.622635
10.803862,171.727821,536.100888
23.582982,-177.398606,535.777709
38.149500,-155.431992,537.645475
47.404825,-136.894589,539.876357
52.629282,-112.609934,541.810102
52.086935,-85.694987,542.904298
45.998414,-62.390614,543.110467
36.250416,-44.827511,542.864209
24.524346,-31.487958,542.907774
11.820983,-20.518367,544.001073
-1.266152,-10.545235,546.615076
-14.301019,-0.480788,550.713085
-26.836080,10.787158,555.699588
-38.236029,24.698841,560.558111
-47.414658,43.134945,564.132659
-52.614552,67.241830,565.461114
-52.128995,93.991239,564.058714
-46.142785,117.250532,560.070905
-36.487584,134.843369,554.253442
-24.821086,148.225103,547.782385
-12.138770,159.229562,541.942098
0.965072,169.229013,537.778651
14.050208,179.315427,535.825283
26.661225,-169.390731,535.990490
40.730964,-146.305671,538.186537
49.171433,-126.343759,540.416305
53.070789,-100.877289,542.173261
51.022549,-74.344825,543.029521
43.826192,-52.493284,543.065603
33.455242,-36.176585,542.816075
21.412325,-23.584780,543.057194
8.566907,-12.976653,544.503693
-4.545879,-3.078332,547.514585
-17.501624,7.174955,551.910711
-29.824727,18.949944,556.971542
-40.795931,33.806536,561.615530
-49.168399,53.647721,564.704176
-53.062798,78.925574,565.372107
-51.088475,105.318524,563.284146
-43.996100,127.151559,558.747226
-33.710792,143.504996,552.645919
-21.717972,156.137887,546.215703
-8.883950,166.778549,540.712892
4.254458,176.701580,537.075983
17.267797,-173.023185,535.684824
29.671487,-161.219157,536.297824
43.152757,-136.859233,538.748282
50.652917,-115.419102,540.924721
53.126669,-89.067489,542.477524
49.630708,-63.321060,543.101159
41.459175,-42.953074,543.001647
30.558796,-27.756511,542.798912
18.251690,-15.803061,543.283763
5.296621,-5.478286,545.106837
-7.816022,4.410263,548.503439
-20.663801,14.923786,553.151727
-32.731450,27.302683,558.217738
-43.197327,43.230302,562.574357
-50.641054,64.529216,565.121712
-53.130804,90.689838,565.107604
-49.722302,116.327888,562.353589
-41.653297,136.698671,557.323989
-30.830450,151.935853,551.017730
-18.563808,163.928625,544.708601
-5.610589,174.283685,539.603153
7.536276,-175.804353,536.516843
20.448424,-165.268316,535.672102
32.600364,-152.855986,536.685927
45.387555,-127.063045,539.316138
51.815570,-104.153868,541.391944
52.795265,-77.301522,542.721098
47.944484,-52.664693,543.125482
38.925615,-33.741890,542.930358
27.577194,-19.536481,542.825431
15.051785,-8.120953,543.596090
2.016792,1.993450,545.811175
-11.070029,11.937047,549.573142
-23.778631,22.786838,554.420351
-35.541079,35.875109,559.419463
-45.413512,52.999106,563.418342
-51.799630,75.747247,565.376250
-52.816372,102.416298,564.668599
-48.062518,126.977324,561.278096
-39.142245,145.918828,555.819563
-27.862594,160.166441,549.389701
-15.367942,171.619148,543.278721
-2.325415,-178.238255,538.622635
10.803862,-168.272179,536.100888
23.582982,-157.398606,535.777709
35.432359,-144.270996,537.140182
