35.658352,-24.079955,542.851827
23.859263,-10.911003,542.933841
11.122432,-0.026095,544.100805
-1.972428,9.925393,546.800708
-14.992610,20.024639,550.966370
-27.485459,31.393933,555.974531
-38.799071,45.498483,560.793131
-47.814093,64.230188,564.268135
-52.742603,88.608411,565.456767
-51.934055,115.317375,563.905718
-45.698894,138.276975,559.795387
-35.899662,155.593200,553.910357
-24.158126,168.804172,547.441201
-11.440258,179.723444,541.668114
1.673250,-170.299120,537.615436
14.745320,-160.177956,535.783898
27.315194,-148.782183,536.049117
38.717251,-134.628651,537.759412
47.807330,-115.791617,539.994656
52.756350,-91.232696,541.893031
51.887068,-64.363188,542.935978
45.548941,-41.364631,543.102930
32.839899,-15.481411,542.809267
20.735934,-3.035907,543.099060
7.864287,7.504843,544.624889
-5.250635,17.395595,547.720053
-18.185651,27.698715,552.174599
-30.457649,39.595196,557.242519
-41.326954,54.671544,561.830770
-49.510202,74.823742,564.807392
-53.109798,100.319195,565.330046
-50.820930,126.581208,563.096767
-43.507495,148.099924,558.448802
-33.099110,164.202496,552.296627
-21.043180,176.688752,545.885780
-8.180863,-172.738458,540.463673
4.961558,-162.823304,536.943553
17.955675,-152.498167,535.671622
30.309140,-140.571816,536.375025
41.266492,-125.436151,538.306181
49.515502,-105.158859,540.528714
53.115622,-79.473488,542.243770
50.749596,-53.078353,543.049229
43.332250,-31.546177,543.053009
29.923848,-7.106914,542.800445
17.566096,4.722597,543.343413
4.591394,14.996090,545.249833
-8.517867,24.890996,548.727100
-21.338426,35.470280,553.422939
-33.344835,47.992628,558.480731
-43.690859,64.167286,562.766215
-50.917983,85.781291,565.190539
-53.095283,112.085380,565.027820
-49.388770,137.515720,562.134012
-41.126241,157.574193,557.006501
-30.198661,172.587750,550.666718
-17.879288,-175.543856,544.393856
-4.904402,-165.240544,539.380998
8.240886,-155.322458,536.415339
21.127192,-144.720451,535.685218
33.218556,-132.163538,536.778617
43.650467,-115.916777,538.870444
50.931146,-94.157161,541.029019
53.087880,-67.662859,542.535049
49.291520,-42.131152,543.110092
40.927121,-22.079343,542.986451
26.925808,1.073880,542.837978
14.358864,12.385949,543.675160
1.310358,22.464225,545.975816
-11.767516,32.428216,549.812888
-24.441798,43.360856,554.695321
-36.131361,56.616411,559.670447
-45.863386,74.013545,563.583499
-52.004928,97.064879,565.409049
-52.699409,123.788409,564.551651
-47.670197,148.084780,561.028991
-38.582315,166.728003,555.487120
-27.213852,-179.220976,549.041427
-14.675575,-167.872216,542.982749
-1.617541,-157.766171,538.429328
11.504507,-147.779849,536.029905
24.250540,-136.823050,535.814882
36.027444,-123.526659,537.245137
45.841134,-106.042044,539.437780
52.021067,-82.825719,541.486280
52.674094,-55.921901,542.765529
47.546460,-31.556591,543.125218
38.361092,-12.934828,542.915195
23.859263,9.088997,542.933841
11.122432,19.973905,544.100805
-1.972428,29.925393,546.800708
-14.992610,40.024639,550.966370
-27.485459,51.393933,555.974531
-38.799071,65.498483,560.793131
-47.814093,84.230188,564.268135
-52.742603,108.608411,565.456767
-51.934055,135.317375,563.905718
-45.698894,158.276975,559.795387
-35.899662,175.593200,553.910357
-24.158126,-171.195828,547.441201
-11.440258,-160.276556,541.668114
1.673250,-150.299120,537.615436
14.745320,-140.177956,535.783898
27.315194,-128.782183,536.049117
38.717251,-114.628651,537.759412
47.807330,-95.791617,539.994656
52.756350,-71.232696,541.893031
51.887068,-44.363188,542.935978
45.548941,-21.364631,543.102930
35.658352,-4.079955,542.851827
20.735934,16.964093,543.099060
7.864287,27.504843,544.624889
-5.250635,37.395595,547.720053
-18.185651,47.698715,552.174599
-30.457649,59.595196,557.242519
-41.326954,74.671544,561.830770
-49.510202,94.823742,564.807392
-53.109798,120.319195,565.330046
-50.820930,146.581208,563.096767
-43.507495,168.099924,558.448802
-33.099110,-175.797504,552.296627
-21.043180,-163.311248,545.885780
-8.180863,-152.738458,540.463673
4.961558,-142.823304,536.943553
17.955675,-132.498167,535.671622
30.309140,-120.571816,536.375025
41.266492,-105.436151,538.306181
49.515502,-85.158859,540.528714
53.115622,-59.473488,542.243770
50.749596,-33.078353,543.049229
43.332250,-11.546177,543.053009
32.839899,4.518589,542.809267
17.566096,24.722597,543.343413
4.591394,34.996090,545.249833
-8.517867,44.890996,548.727100
-21.338426,55.470280,553.422939
-33.344835,67.992628,558.480731
-43.690859,84.167286,562.766215
-50.917983,105.781291,565.190539
-53.095283,132.085380,565.027820
-49.388770,157.515720,562.134012
-41.126241,177.574193,557.006501
-30.198661,-167.412250,550.666718
-17.879288,-155.543856,544.393856
-4.904402,-145.240544,539.380998
8.240886,-135.322458,536.415339
21.127192,-124.720451,535.685218
33.218556,-112.163538,536.778617
43.650467,-95.916777,538.870444
50.931146,-74.157161,541.029019
53.087880,-47.662859,542.535049
49.291520,-22.131152,543.110092
40.927121,-2.079343,542.986451
29.923848,12.893086,542.800445
14.358864,32.385949,543.675160
1.310358,42.464225,545.975816
-11.767516,52.428216,549.812888
-24.441798,63.360856,554.695321
-36.131361,76.616411,559.670447
-45.863386,94.013545,563.583499
-52.004928,117.064879,565.409049
-52.699409,143.788409,564.551651
-47.670197,168.084780,561.028991
-38.582315,-173.271997,555.487120
-27.213852,-159.220976,549.041427
-14.675575,-147.872216,542.982749
-1.617541,-137.766171,538.429328
11.504507,-127.779849,536.029905
24.250540,-116.823050,535.814882
36.027444,-103.526659,537.245137
45.841134,-86.042044,539.437780
52.021067,-62.825719,541.486280
52.674094,-35.921901,542.765529
47.546460,-11.556591,543.125218
38.361092,7.065172,542.915195
26.925808,21.073880,542.837978
11.122432,39.973905,544.100805
-1.972428,49.925393,546.800708
-14.992610,60.024639,550.966370
-27.485459,71.393933,555.974531
-38.799071,85.498483,560.793131
-47.814093,104.230188,564.268135
-52.742603,128.608411,565.456767
-51.934055,155.317375,563.905718
-45.698894,178.276975,559.795387
-35.899662,-164.406800,553.910357
-24.158126,-151.195828,547.441201
-11.440258,-140.276556,541.668114
1.673250,-130.299120,537.615436
14.745320,-120.177956,535.783898
27.315194,-108.782183,536.049117
38.717251,-94.628651,537.759412
47.807330,-75.791617,539.994656
52.756350,-51.232696,541.893031
51.887068,-24.363188,542.935978
45.548941,-1.364631,543.102930
35.658352,15.920045,542.851827
23.859263,29.088997,542.933841
7.864287,47.504843,544.624889
-5.250635,57.395595,547.720053
-18.185651,67.698715,552.174599
-30.457649,79.595196,557.242519
-41.326954,94.671544,561.830770
-49.510202,114.823742,564.807392
-53.109798,140.319195,565.330046
-50.820930,166.581208,563.096767
-43.507495,-171.900076,558.448802
-33.099110,-155.797504,552.296627
-21.043180,-143.311248,545.885780
-8.180863,-132.738458,540.463673
4.961558,-122.823304,536.943553
17.955675,-112.498167,535.671622
30.309140,-100.571816,536.375025
41.266492,-85.436151,538.306181
49.515502,-65.158859,540.528714
53.115622,-39.473488,542.243770
50.749596,-13.078353,543.049229
43.332250,8.453823,543.053009
32.839899,24.518589,542.809267
20.735934,36.964093,543.099060
4.591394,54.996090,545.249833
-8.517867,64.890996,548.727100
-21.338426,75.470280,553.422939
-33.344835,87.992628,558.480731
-43.690859,104.167286,562.766215
-50.917983,125.781291,565.190539
-53.095283,152.085380,565.027820
-49.388770,177.515720,562.134012
-41.126241,-162.425807,557.006501
-30.198661,-147.412250,550.666718
-17.879288,-135.543856,544.393856
-4.904402,-125.240544,539.380998
8.240886,-115.322458,536.415339
21.127192,-104.720451,535.685218
33.218556,-92.163538,536.778617
43.650467,-75.916777,538.870444
50.931146,-54.157161,541.029019
53.087880,-27.662859,542.535049
49.291520,-2.131152,543.110092
40.927121,17.920657,542.986451
29.923848,32.893086,542.800445
17.566096,44.722597,543.343413
1.310358,62.464225,545.975816
-11.767516,72.428216,549.812888
-24.441798,83.360856,554.695321
-36.131361,96.616411,559.670447
-45.863386,114.013545,563.583499
-52.004928,137.064879,565.409049
-52.699409,163.788409,564.551651
-47.670197,-171.915220,561.028991
-38.582315,-153.271997,555.487120
-27.213852,-139.220976,549.041427
-14.675575,-127.872216,542.982749
-1.617541,-117.766171,538.429328
11.504507,-107.779849,536.029905
24.250540,-96.823050,535.814882
36.027444,-83.526659,537.245137
45.841134,-66.042044,539.437780
52.021067,-42.825719,541.486280
52.674094,-15.921901,542.765529
47.546460,8.443409,543.125218
38.361092,27.065172,542.915195
26.925808,41.073880,542.837978
14.358864,52.385949,543.675160
-1.972428,69.925393,546.800708
-14.992610,80.024639,550.966370
-27.485459,91.393933,555.974531
-38.799071,105.498483,560.793131
-47.814093,124.230188,564.268135
-52.742603,148.608411,565.456767
-51.934055,175.317375,563.905718
-45.698894,-161.723025,559.795387
-35.899662,-144.406800,553.910357
-24.158126,-131.195828,547.441201
-11.440258,-120.276556,541.668114
1.673250,-110.299120,537.615436
14.745320,-100.177956,535.783898
27.315194,-88.782183,536.049117
38.717251,-74.628651,537.759412
47.807330,-55.791617,539.994656
52.756350,-31.232696,541.893031
51.887068,-4.363188,542.935978
45.548941,18.635369,543.102930
35.658352,35.920045,542.851827
23.859263,49.088997,542.933841
11.122432,59.973905,544.100805
-5.250635,77.395595,547.720053
-18.185651,87.698715,552.174599
-30.457649,99.595196,557.242519
-41.326954,114.671544,561.830770
-49.510202,134.823742,564.807392
-53.109798,160.319195,565.330046
-50.820930,-173.418792,563.096767
-43.507495,-151.900076,558.448802
-33.099110,-135.797504,552.296627
-21.043180,-123.311248,545.885780
-8.180863,-112.738458,540.463673
4.961558,-102.823304,536.943553
17.955675,-92.498167,535.671622
30.309140,-80.571816,536.375025
41.266492,-65.436151,538.306181
49.515502,-45.158859,540.528714
53.115622,-19.473488,542.243770
50.749596,6.921647,543.049229
43.332250,28.453823,543.053009
32.839899,44.518589,542.809267
20.735934,56.964093,543.099060
7.864287,67.504843,544.624889
-8.517867,84.890996,548.727100
-21.338426,95.470280,553.422939
-33.344835,107.992628,558.480731
-43.690859,124.167286,562.766215
-50.917983,145.781291,565.190539
-53.095283,172.085380,565.027820
-49.388770,-162.484280,562.134012
-41.126241,-142.425807,557.006501
-30.198661,-127.412250,550.666718
-17.879288,-115.543856,544.393856
-4.904402,-105.240544,539.380998
8.240886,-95.322458,536.415339
21.127192,-84.720451,535.685218
33.218556,-72.163538,536.778617
43.650467,-55.916777,538.870444
50.931146,-34.157161,541.029019
53.087880,-7.662859,542.535049
49.291520,17.868848,543.110092
40.927121,37.920657,542.986451
29.923848,52.893086,542.800445
17.566096,64.722597,543.343413
4.591394,74.996090,545.249833
-11.767516,92.428216,549.812888
-24.441798,103.360856,554.695321
-36.131361,116.616411,559.670447
-45.863386,134.013545,563.583499
-52.004928,157.064879,565.409049
-52.699409,-176.211591,564.551651
-47.670197,-151.915220,561.028991
-38.582315,-133.271997,555.487120
-27.213852,-119.220976,549.041427
-14.675575,-107.872216,542.982749
-1.617541,-97.766171,538.429328
11.504507,-87.779849,536.029905
24.250540,-76.823050,535.814882
36.027444,-63.526659,537.245137
45.841134,-46.042044,539.437780
52.021067,-22.825719,541.486280
52.674094,4.078099,542.765529
47.546460,28.443409,543.125218
38.361092,47.065172,542.915195
26.925808,61.073880,542.837978
14.358864,72.385949,543.675160
1.310358,82.464225,545.975816
-14.992610,100.024639,550.966370
-27.485459,111.393933,555.974531
-38.799071,125.498483,560.793131
-47.814093,144.230188,564.268135
-52.742603,168.608411,565.456767
-51.934055,-164.682625,563.905718
-45.698894,-141.723025,559.795387
-35.899662,-124.406800,553.910357
-24.158126,-111.195828,547.441201
-11.440258,-100.276556,541.668114
1.673250,-90.299120,537.615436
14.745320,-80.177956,535.783898
27.315194,-68.782183,536.049117
38.717251,-54.628651,537.759412
47.807330,-35.791617,539.994656
52.756350,-11.232696,541.893031
51.887068,15.636812,542.935978
45.548941,38.635369,543.102930
35.658352,55.920045,542.851827
23.859263,69.088997,542.933841
11.122432,79.973905,544.100805
-1.972428,89.925393,546.800708
-18.185651,107.698715,552.174599
-30.457649,119.595196,557.242519
-41.326954,134.671544,561.830770
-49.510202,154.823742,564.807392
-53.109798,-179.680805,565.330046
-50.820930,-153.418792,563.096767
-43.507495,-131.900076,558.448802
-33.099110,-115.797504,552.296627
-21.043180,-103.311248,545.885780
-8.180863,-92.738458,540.463673
4.961558,-82.823304,536.943553
17.955675,-72.498167,535.671622
30.309140,-60.571816,536.375025
41.266492,-45.436151,538.306181
49.515502,-25.158859,540.528714
53.115622,0.526512,542.243770
50.749596,26.921647,543.049229
43.332250,48.453823,543.053009
32.839899,64.518589,542.809267
20.735934,76.964093,543.099060
7.864287,87.504843,544.624889
-5.250635,97.395595,547.720053
-21.338426,115.470280,553.422939
-33.344835,127.992628,558.480731
-43.690859,144.167286,562.766215
-50.917983,165.781291,565.190539
-53.095283,-167.914620,565.027820
-49.388770,-142.484280,562.134012
-41.126241,-122.425807,557.006501
-30.198661,-107.412250,550.666718
-17.879288,-95.543856,544.393856
-4.904402,-85.240544,539.380998
8.240886,-75.322458,536.415339
21.127192,-64.720451,535.685218
33.218556,-52.163538,536.778617
43.650467,-35.916777,538.870444
50.931146,-14.157161,541.029019
53.087880,12.337141,542.535049
49.291520,37.868848,543.110092
40.927121,57.920657,542.986451
29.923848,72.893086,542.800445
17.566096,84.722597,543.343413
4.591394,94.996090,545.249833
-8.517867,104.890996,548.727100
-24.441798,123.360856,554.695321
-36.131361,136.616411,559.670447
-45.863386,154.013545,563.583499
-52.004928,177.064879,565.409049
-52.699409,-156.211591,564.551651
-47.670197,-131.915220,561.028991
-38.582315,-113.271997,555.487120
-27.213852,-99.220976,549.041427
-14.675575,-87.872216,542.982749
-1.617541,-77.766171,538.429328
11.504507,-67.779849,536.029905
24.250540,-56.823050,535.814882
36.027444,-43.526659,537.245137
45.841134,-26.042044,539.437780
52.021067,-2.825719,541.486280
52.674094,24.078099,542.765529
47.546460,48.443409,543.125218
38.361092,67.065172,542.915195
26.925808,81.073880,542.837978
14.358864,92.385949,543.675160
1.310358,102.464225,545.975816
-11.767516,112.428216,549.812888
-27.485459,131.393933,555.974531
-38.799071,145.498483,560.793131
-47.814093,164.230188,564.268135
-52.742603,-171.391589,565.456767
-51.934055,-144.682625,563.905718
-45.698894,-121.723025,559.795387
-35.899662,-104.406800,553.910357
-24.158126,-91.195828,547.441201
-11.440258,-80.276556,541.668114
1.673250,-70.299120,537.615436
14.745320,-60.177956,535.783898
27.315194,-48.782183,536.049117
38.717251,-34.628651,537.759412
47.807330,-15.791617,539.994656
52.756350,8.767304,541.893031
51.887068,35.636812,542.935978
45.548941,58.635369,543.102930
35.658352,75.920045,542.851827
23.859263,89.088997,542.933841
11.122432,99.973905,544.100805
-1.972428,109.925393,546.800708
-14.992610,120.024639,550.966370
-30.457649,139.595196,557.242519
-41.326954,154.671544,561.830770
-49.510202,174.823742,564.807392
-53.109798,-159.680805,565.330046
-50.820930,-133.418792,563.096767
-43.507495,-111.900076,558.448802
-33.099110,-95.797504,552.296627
-21.043180,-83.311248,545.885780
-8.180863,-72.738458,540.463673
4.961558,-62.823304,536.943553
17.955675,-52.498167,535.671622
30.309140,-40.571816,536.375025
41.266492,-25.436151,538.306181
49.515502,-5.158859,540.528714
53.115622,20.526512,542.243770
50.749596,46.921647,543.049229
43.332250,68.453823,543.053009
32.839899,84.518589,542.809267
20.735934,96.964093,543.099060
7.864287,107.504843,544.624889
-5.250635,117.395595,547.720053
-18.185651,127.698715,552.174599
-33.344835,147.992628,558.480731
-43.690859,164.167286,562.766215
-50.917983,-174.218709,565.190539
-53.095283,-147.914620,565.027820
-49.388770,-122.484280,562.134012
-41.126241,-102.425807,557.006501
-30.198661,-87.412250,550.666718
-17.879288,-75.543856,544.393856
-4.904402,-65.240544,539.380998
8.240886,-55.322458,536.415339
21.127192,-44.720451,535.685218
33.218556,-32.163538,536.778617
43.650467,-15.916777,538.870444
50.931146,5.842839,541.029019
53.087880,32.337141,542.535049
49.291520,57.868848,543.110092
40.927121,77.920657,542.986451
29.923848,92.893086,542.800445
17.566096,104.722597,543.343413
4.591394,114.996090,545.249833
-8.517867,124.890996,548.727100
-21.338426,135.470280,553.422939
-36.131361,156.616411,559.670447
-45.863386,174.013545,563.583499
-52.004928,-162.935121,565.409049
-52.699409,-136.211591,564.551651
-47.670197,-111.915220,561.028991
-38.582315,-93.271997,555.487120
-27.213852,-79.220976,549.041427
-14.675575,-67.872216,542.982749
-1.617541,-57.766171,538.429328
11.504507,-47.779849,536.029905
24.250540,-36.823050,535.814882
36.027444,-23.526659,537.245137
45.841134,-6.042044,539.437780
52.021067,17.174281,541.486280
52.674094,44.078099,542.765529
47.546460,68.443409,543.125218
38.361092,87.065172,542.915195
26.925808,101.073880,542.837978
14.358864,112.385949,543.675160
1.310358,122.464225,545.975816
-11.767516,132.428216,549.812888
-24.441798,143.360856,554.695321
-38.799071,165.498483,560.793131
-47.814093,-175.769812,564.268135
-52.742603,-151.391589,565.456767
-51.934055,-124.682625,563.905718
-45.698894,-101.723025,559.795387
-35.899662,-84.406800,553.910357
-24.158126,-71.195828,547.441201
-11.440258,-60.276556,541.668114
1.673250,-50.299120,537.615436
14.745320,-40.177956,535.783898
27.315194,-28.782183,536.049117
38.717251,-14.628651,537.759412
47.807330,4.208383,539.994656
52.756350,28.767304,541.893031
51.887068,55.636812,542.935978
45.548941,78.635369,543.102930
35.658352,95.920045,542.851827
23.859263,109.088997,542.933841
11.122432,119.973905,544.100805
-1.972428,129.925393,546.800708
-14.992610,140.024639,550.966370
-27.485459,151.393933,555.974531
-41.326954,174.671544,561.830770
-49.510202,-165.176258,564.807392
-53.109798,-139.680805,565.330046
-50.820930,-113.418792,563.096767
-43.507495,-91.900076,558.448802
-33.099110,-75.797504,552.296627
-21.043180,-63.311248,545.885780
-8.180863,-52.738458,540.463673
4.961558,-42.823304,536.943553
17.955675,-32.498167,535.671622
30.309140,-20.571816,536.375025
41.266492,-5.436151,538.306181
49.515502,14.841141,540.528714
53.115622,40.526512,542.243770
50.749596,66.921647,543.049229
43.332250,88.453823,543.053009
32.839899,104.518589,542.809267
20.735934,116.964093,543.099060
7.864287,127.504843,544.624889
-5.250635,137.395595,547.720053
-18.185651,147.698715,552.174599
-30.457649,159.595196,557.242519
-43.690859,-175.832714,562.766215
-50.917983,-154.218709,565.190539
-53.095283,-127.914620,565.027820
-49.388770,-102.484280,562.134012
-41.126241,-82.425807,557.006501
-30.198661,-67.412250,550.666718
-17.879288,-55.543856,544.393856
-4.904402,-45.240544,539.380998
8.240886,-35.322458,536.415339
21.127192,-24.720451,535.685218
33.218556,-12.163538,536.778617
43.650467,4.083223,538.870444
50.931146,25.842839,541.029019
53.087880,52.337141,542.535049
49.291520,77.868848,543.110092
40.927121,97.920657,542.986451
29.923848,112.893086,542.800445
17.566096,124.722597,543.343413
4.591394,134.996090,545.249833
-8.517867,144.890996,548.727100
-21.338426,155.470280,553.422939
-33.344835,167.992628,558.480731
-45.863386,-165.986455,563.583499
-52.004928,-142.935121,565.409049
-52.699409,-116.211591,564.551651
-47.670197,-91.915220,561.028991
-38.582315,-73.271997,555.487120
-27.213852,-59.220976,549.041427
-14.675575,-47.872216,542.982749
-1.617541,-37.766171,538.429328
11.504507,-27.779849,536.029905
24.250540,-16.823050,535.814882
36.027444,-3.526659,537.245137
45.841134,13.957956,539.437780
52.021067,37.174281,541.486280
52.674094,64.078099,542.765529
47.546460,88.443409,543.125218
38.361092,107.065172,542.915195
26.925808,121.073880,542.837978
14.358864,132.385949,543.675160
1.310358,142.464225,545.975816
-11.767516,152.428216,549.812888
-24.441798,163.360856,554.695321
-36.131361,176.616411,559.670447
-47.814093,-155.769812,564.268135
-52.742603,-131.391589,565.456767
-51.934055,-104.682625,563.905718
-45.698894,-81.723025,559.795387
-35.899662,-64.406800,553.910357
-24.158126,-51.195828,547.441201
-11.440258,-40.276556,541.668114
1.673250,-30.299120,537.615436
14.745320,-20.177956,535.783898
27.315194,-8.782183,536.049117
38.717251,5.371349,537.759412
47.807330,24.208383,539.994656
52.756350,48.767304,541.893031
51.887068,75.636812,542.935978
45.548941,98.635369,543.102930
35.658352,115.920045,542.851827
23.859263,129.088997,542.933841
11.122432,139.973905,544.100805
-1.972428,149.925393,546.800708
-14.992610,160.024639,550.966370
-27.485459,171.393933,555.974531
-38.799071,-174.501517,560.793131
-49.510202,-145.176258,564.807392
-53.109798,-119.680805,565.330046
-50.820930,-93.418792,563.096767
-43.507495,-71.900076,558.448802
-33.099110,-55.797504,552.296627
-21.043180,-43.311248,545.885780
-8.180863,-32.738458,540.463673
4.961558,-22.823304,536.943553
17.955675,-12.498167,535.671622
30.309140,-0.571816,536.375025
41.266492,14.563849,538.306181
49.515502,34.841141,540.528714
53.115622,60.526512,542.243770
50.749596,86.921647,543.049229
43.332250,108.453823,543.053009
32.839899,124.518589,542.809267
20.735934,136.964093,543.099060
7.864287,147.504843,544.624889
-5.250635,157.395595,547.720053
-18.185651,167.698715,552.174599
-30.457649,179.595196,557.242519
-41.326954,-165.328456,561.830770
-50.917983,-134.218709,565.190539
-53.095283,-107.914620,565.027820
-49.388770,-82.484280,562.134012
-41.126241,-62.425807,557.006501
-30.198661,-47.412250,550.666718
-17.879288,-35.543856,544.393856
-4.904402,-25.240544,539.380998
8.240886,-15.322458,536.415339
21.127192,-4.720451,535.685218
33.218556,7.836462,536.778617
43.650467,24.083223,538.870444
50.931146,45.842839,541.029019
53.087880,72.337141,542.535049
49.291520,97.868848,543.110092
40.927121,117.920657,542.986451
29.923848,132.893086,542.800445
17.566096,144.722597,543.343413
4.591394,154.996090,545.249833
-8.517867,164.890996,548.727100
-21.338426,175.470280,553.422939
-33.344835,-172.007372,558.480731
-43.690859,-155.832714,562.766215
-52.004928,-122.935121,565.409049
-52.699409,-96.211591,564.551651
-47.670197,-71.915220,561.028991
-38.582315,-53.271997,555.487120
-27.213852,-39.220976,549.041427
-14.675575,-27.872216,542.982749
-1.617541,-17.766171,538.429328
11.504507,-7.779849,536.029905
24.250540,3.176950,535.814882
36.027444,16.473341,537.245137
45.841134,33.957956,539.437780
52.021067,57.174281,541.486280
52.674094,84.078099,542.765529
47.546460,108.443409,543.125218
38.361092,127.065172,542.915195
26.925808,141.073880,542.837978
14.358864,152.385949,543.675160
1.310358,162.464225,545.975816
-11.767516,172.428216,549.812888
-24.441798,-176.639144,554.695321
-36.131361,-163.383589,559.670447
-45.863386,-145.986455,563.583499
-52.742603,-111.391589,565.456767
-51.934055,-84.682625,563.905718
-45.698894,-61.723025,559.795387
-35.899662,-44.406800,553.910357
-24.158126,-31.195828,547.441201
-11.440258,-20.276556,541.668114
1.673250,-10.299120,537.615436
14.745320,-0.177956,535.783898
27.315194,11.217817,536.049117
38.717251,25.371349,537.759412
47.807330,44.208383,539.994656
52.756350,68.767304,541.893031
51.887068,95.636812,542.935978
45.548941,118.635369,543.102930
35.658352,135.920045,542.851827
23.859263,149.088997,542.933841
11.122432,159.973905,544.100805
-1.972428,169.925393,546.800708
-14.992610,-179.975361,550.966370
-27.485459,-168.606067,555.974531
-38.799071,-154.501517,560.793131
-47.814093,-135.769812,564.268135
-53.109798,-99.680805,565.330046
-50.820930,-73.418792,563.096767
-43.507495,-51.900076,558.448802
-33.099110,-35.797504,552.296627
-21.043180,-23.311248,545.885780
-8.180863,-12.738458,540.463673
4.961558,-2.823304,536.943553
17.955675,7.501833,535.671622
30.309140,19.428184,536.375025
41.266492,34.563849,538.306181
49.515502,54.841141,540.528714
53.115622,80.526512,542.243770
50.749596,106.921647,543.049229
43.332250,128.453823,543.053009
32.839899,144.518589,542.809267
20.735934,156.964093,543.099060
7.864287,167.504843,544.624889
-5.250635,177.395595,547.720053
-18.185651,-172.301285,552.174599
-30.457649,-160.404804,557.242519
-41.326954,-145.328456,561.830770
-49.510202,-125.176258,564.807392
-53.095283,-87.914620,565.027820
-49.388770,-62.484280,562.134012
-41.126241,-42.425807,557.006501
-30.198661,-27.412250,550.666718
-17.879288,-15.543856,544.393856
-4.904402,-5.240544,539.380998
8.240886,4.677542,536.415339
21.127192,15.279549,535.685218
33.218556,27.836462,536.778617
43.650467,44.083223,538.870444
50.931146,65.842839,541.029019
53.087880,92.337141,542.535049
49.291520,117.868848,543.110092
40.927121,137.920657,542.986451
29.923848,152.893086,542.800445
17.566096,164.722597,543.343413
4.591394,174.996090,545.249833
-8.517867,-175.109004,548.727100
-21.338426,-164.529720,553.422939
-33.344835,-152.007372,558.480731
-43.690859,-135.832714,562.766215
-50.917983,-114.218709,565.190539
-52.699409,-76.211591,564.551651
-47.670197,-51.915220,561.028991
-38.582315,-33.271997,555.487120
-27.213852,-19.220976,549.041427
-14.675575,-7.872216,542.982749
-1.617541,2.233829,538.429328
11.504507,12.220151,536.029905
24.250540,23.176950,535.814882
36.027444,36.473341,537.245137
45.841134,53.957956,539.437780
52.021067,77.174281,541.486280
52.674094,104.078099,542.765529
47.546460,128.443409,543.125218
38.361092,147.065172,542.915195
26.925808,161.073880,542.837978
14.358864,172.385949,543.675160
1.310358,-177.535775,545.975816
-11.767516,-167.571784,549.812888
-24.441798,-156.639144,554.695321
-36.131361,-143.383589,559.670447
-45.863386,-125.986455,563.583499
-52.004928,-102.935121,565.409049
-51.934055,-64.682625,563.905718
-45.698894,-41.723025,559.795387
-35.899662,-24.406800,553.910357
-24.158126,-11.195828,547.441201
-11.440258,-0.276556,541.668114
1.673250,9.700880,537.615436
14.745320,19.822044,535.783898
27.315194,31.217817,536.049117
38.717251,45.371349,537.759412
47.807330,64.208383,539.994656
52.756350,88.767304,541.893031
51.887068,115.636812,542.935978
45.548941,138.635369,543.102930
35.658352,155.920045,542.851827
23.859263,169.088997,542.933841
11.122432,179.973905,544.100805
-1.972428,-170.074607,546.800708
-14.992610,-159.975361,550.966370
-27.485459,-148.606067,555.974531
-38.799071,-134.501517,560.793131
-47.814093,-115.769812,564.268135
-52.742603,-91.391589,565.456767
-50.820930,-53.418792,563.096767
-43.507495,-31.900076,558.448802
-33.099110,-15.797504,552.296627
-21.043180,-3.311248,545.885780
-8.180863,7.261542,540.463673
4.961558,17.176696,536.943553
17.955675,27.501833,535.671622
30.309140,39.428184,536.375025
41.266492,54.563849,538.306181
49.515502,74.841141,540.528714
53.115622,100.526512,542.243770
50.749596,126.921647,543.049229
43.332250,148.453823,543.053009
32.839899,164.518589,542.809267
20.735934,176.964093,543.099060
7.864287,-172.495157,544.624889
-5.250635,-162.604405,547.720053
-18.185651,-152.301285,552.174599
-30.457649,-140.404804,557.242519
-41.326954,-125.328456,561.830770
-49.510202,-105.176258,564.807392
-53.109798,-79.680805,565.330046
-49.388770,-42.484280,562.134012
-41.126241,-22.425807,557.006501
-30.198661,-7.412250,550.666718
-17.879288,4.456144,544.393856
-4.904402,14.759456,539.380998
8.240886,24.677542,536.415339
21.127192,35.279549,535.685218
33.218556,47.836462,536.778617
43.650467,64.083223,538.870444
50.931146,85.842839,541.029019
53.087880,112.337141,542.535049
49.291520,137.868848,543.110092
40.927121,157.920657,542.986451
29.923848,172.893086,542.800445
17.566096,-175.277403,543.343413
4.591394,-165.003910,545.249833
-8.517867,-155.109004,548.727100
-21.338426,-144.529720,553.422939
-33.344835,-132.007372,558.480731
-43.690859,-115.832714,562.766215
-50.917983,-94.218709,565.190539
-53.095283,-67.914620,565.027820
-47.670197,-31.915220,561.028991
-38.582315,-13.271997,555.487120
-27.213852,0.779024,549.041427
-14.675575,12.127784,542.982749
-1.617541,22.233829,538.429328
11.504507,32.220151,536.029905
24.250540,43.176950,535.814882
36.027444,56.473341,537.245137
45.841134,73.957956,539.437780
52.021067,97.174281,541.486280
52.674094,124.078099,542.765529
47.546460,148.443409,543.125218
38.361092,167.065172,542.915195
26.925808,-178.926120,542.837978
14.358864,-167.614051,543.675160
1.310358,-157.535775,545.975816
-11.767516,-147.571784,549.812888
-24.441798,-136.639144,554.695321
-36.131361,-123.383589,559.670447
-45.863386,-105.986455,563.583499
-52.004928,-82.935121,565.409049
-52.699409,-56.211591,564.551651
-45.698894,-21.723025,559.795387
-35.899662,-4.406800,553.910357
-24.158126,8.804172,547.441201
-11.440258,19.723444,541.668114
1.673250,29.700880,537.615436
14.745320,39.822044,535.783898
27.315194,51.217817,536.049117
38.717251,65.371349,537.759412
47.807330,84.208383,539.994656
52.756350,108.767304,541.893031
51.887068,135.636812,542.935978
45.548941,158.635369,543.102930
35.658352,175.920045,542.851827
23.859263,-170.911003,542.933841
11.122432,-160.026095,544.100805
-1.972428,-150.074607,546.800708
-14.992610,-139.975361,550.966370
-27.485459,-128.606067,555.974531
-38.799071,-114.501517,560.793131
-47.814093,-95.769812,564.268135
-52.742603,-71.391589,565.456767
-51.934055,-44.682625,563.905718
-43.507495,-11.900076,558.448802
-33.099110,4.202496,552.296627
-21.043180,16.688752,545.885780
-8.180863,27.261542,540.463673
4.961558,37.176696,536.943553
17.955675,47.501833,535.671622
30.309140,59.428184,536.375025
41.266492,74.563849,538.306181
49.515502,94.841141,540.528714
53.115622,120.526512,542.243770
50.749596,146.921647,543.049229
43.332250,168.453823,543.053009
32.839899,-175.481411,542.809267
20.735934,-163.035907,543.099060
7.864287,-152.495157,544.624889
-5.250635,-142.604405,547.720053
-18.185651,-132.301285,552.174599
-30.457649,-120.404804,557.242519
-41.326954,-105.328456,561.830770
-49.510202,-85.176258,564.807392
-53.109798,-59.680805,565.330046
-50.820930,-33.418792,563.096767
-41.126241,-2.425807,557.006501
-30.198661,12.587750,550.666718
-17.879288,24.456144,544.393856
-4.904402,34.759456,539.380998
8.240886,44.677542,536.415339
21.127192,55.279549,535.685218
33.218556,67.836462,536.778617
43.650467,84.083223,538.870444
50.931146,105.842839,541.029019
53.087880,132.337141,542.535049
49.291520,157.868848,543.110092
40.927121,177.920657,542.986451
29.923848,-167.106914,542.800445
17.566096,-155.277403,543.343413
4.591394,-145.003910,545.249833
-8.517867,-135.109004,548.727100
-21.338426,-124.529720,553.422939
-33.344835,-112.007372,558.480731
-43.690859,-95.832714,562.766215
-50.917983,-74.218709,565.190539
-53.095283,-47.914620,565.027820
-49.388770,-22.484280,562.134012
-38.582315,6.728003,555.487120
-27.213852,20.779024,549.041427
-14.675575,32.127784,542.982749
-1.617541,42.233829,538.429328
11.504507,52.220151,536.029905
24.250540,63.176950,535.814882
36.027444,76.473341,537.245137
45.841134,93.957956,539.437780
52.021067,117.174281,541.486280
52.674094,144.078099,542.765529
47.546460,168.443409,543.125218
38.361092,-172.934828,542.915195
26.925808,-158.926120,542.837978
14.358864,-147.614051,543.675160
1.310358,-137.535775,545.975816
-11.767516,-127.571784,549.812888
-24.441798,-116.639144,554.695321
-36.131361,-103.383589,559.670447
-45.863386,-85.986455,563.583499
-52.004928,-62.935121,565.409049
-52.699409,-36.211591,564.551651
-47.670197,-11.915220,561.028991
-35.899662,15.593200,553.910357
-24.158126,28.804172,547.441201
-11.440258,39.723444,541.668114
1.673250,49.700880,537.615436
14.745320,59.822044,535.783898
27.315194,71.217817,536.049117
38.717251,85.371349,537.759412
47.807330,104.208383,539.994656
52.756350,128.767304,541.893031
51.887068,155.636812,542.935978
45.548941,178.635369,543.102930
35.658352,-164.079955,542.851827
23.859263,-150.911003,542.933841
11.122432,-140.026095,544.100805
-1.972428,-130.074607,546.800708
-14.992610,-119.975361,550.966370
-27.485459,-108.606067,555.974531
-38.799071,-94.501517,560.793131
-47.814093,-75.769812,564.268135
-52.742603,-51.391589,565.456767
-51.934055,-24.682625,563.905718
-45.698894,-1.723025,559.795387
-33.099110,24.202496,552.296627
-21.043180,36.688752,545.885780
-8.180863,47.261542,540.463673
4.961558,57.176696,536.943553
17.955675,67.501833,535.671622
30.309140,79.428184,536.375025
41.266492,94.563849,538.306181
49.515502,114.841141,540.528714
53.115622,140.526512,542.243770
50.749596,166.921647,543.049229
43.332250,-171.546177,543.053009
32.839899,-155.481411,542.809267
20.735934,-143.035907,543.099060
7.864287,-132.495157,544.624889
-5.250635,-122.604405,547.720053
-18.185651,-112.301285,552.174599
-30.457649,-100.404804,557.242519
-41.326954,-85.328456,561.830770
-49.510202,-65.176258,564.807392
-53.109798,-39.680805,565.330046
-50.820930,-13.418792,563.096767
-43.507495,8.099924,558.448802
-30.198661,32.587750,550.666718
-17.879288,44.456144,544.393856
-4.904402,54.759456,539.380998
8.240886,64.677542,536.415339
21.127192,75.279549,535.685218
33.218556,87.836462,536.778617
43.650467,104.083223,538.870444
50.931146,125.842839,541.029019
53.087880,152.337141,542.535049
49.291520,177.868848,543.110092
40.927121,-162.079343,542.986451
29.923848,-147.106914,542.800445
17.566096,-135.277403,543.343413
4.591394,-125.003910,545.249833
-8.517867,-115.109004,548.727100
-21.338426,-104.529720,553.422939
-33.344835,-92.007372,558.480731
-43.690859,-75.832714,562.766215
-50.917983,-54.218709,565.190539
-53.095283,-27.914620,565.027820
-49.388770,-2.484280,562.134012
-41.126241,17.574193,557.006501
-27.213852,40.779024,549.041427
-14.675575,52.127784,542.982749
-1.617541,62.233829,538.429328
11.504507,72.220151,536.029905
24.250540,83.176950,535.814882
36.027444,96.473341,537.245137
45.841134,113.957956,539.437780
52.021067,137.174281,541.486280
52.674094,164.078099,542.765529
47.546460,-171.556591,543.125218
38.361092,-152.934828,542.915195
26.925808,-138.926120,542.837978
14.358864,-127.614051,543.675160
1.310358,-117.535775,545.975816
-11.767516,-107.571784,549.812888
-24.441798,-96.639144,554.695321
-36.131361,-83.383589,559.670447
-45.863386,-65.986455,563.583499
-52.004928,-42.935121,565.409049
-52.699409,-16.211591,564.551651
-47.670197,8.084780,561.028991
-38.582315,26.728003,555.487120
-24.158126,48.804172,547.441201
-11.440258,59.723444,541.668114
1.673250,69.700880,537.615436
14.745320,79.822044,535.783898
27.315194,91.217817,536.049117
38.717251,105.371349,537.759412
47.807330,124.208383,539.994656
52.756350,148.767304,541.893031
51.887068,175.636812,542.935978
45.548941,-161.364631,543.102930
35.658352,-144.079955,542.851827
23.859263,-130.911003,542.933841
11.122432,-120.026095,544.100805
-1.972428,-110.074607,546.800708
-14.992610,-99.975361,550.966370
-27.485459,-88.606067,555.974531
-38.799071,-74.501517,560.793131
-47.814093,-55.769812,564.268135
-52.742603,-31.391589,565.456767
-51.934055,-4.682625,563.905718
-45.698894,18.276975,559.795387
-35.899662,35.593200,553.910357
-21.043180,56.688752,545.885780
-8.180863,67.261542,540.463673
4.961558,77.176696,536.943553
17.955675,87.501833,535.671622
30.309140,99.428184,536.375025
41.266492,114.563849,538.306181
49.515502,134.841141,540.528714
53.115622,160.526512,542.243770
50.749596,-173.078353,543.049229
43.332250,-151.546177,543.053009
32.839899,-135.481411,542.809267
20.735934,-123.035907,543.099060
7.864287,-112.495157,544.624889
-5.250635,-102.604405,547.720053
-18.185651,-92.301285,552.174599
-30.457649,-80.404804,557.242519
-41.326954,-65.328456,561.830770
-49.510202,-45.176258,564.807392
-53.109798,-19.680805,565.330046
-50.820930,6.581208,563.096767
-43.507495,28.099924,558.448802
-33.099110,44.202496,552.296627
-17.879288,64.456144,544.393856
-4.904402,74.759456,539.380998
8.240886,84.677542,536.415339
21.127192,95.279549,535.685218
33.218556,107.836462,536.778617
43.650467,124.083223,538.870444
50.931146,145.842839,541.029019
53.087880,172.337141,542.535049
49.291520,-162.131152,543.110092
40.927121,-142.079343,542.986451
29.923848,-127.106914,542.800445
17.566096,-115.277403,543.343413
4.591394,-105.003910,545.249833
-8.517867,-95.109004,548.727100
-21.338426,-84.529720,553.422939
-33.344835,-72.007372,558.480731
-43.690859,-55.832714,562.766215
-50.917983,-34.218709,565.190539
-53.095283,-7.914620,565.027820
-49.388770,17.515720,562.134012
-41.126241,37.574193,557.006501
-30.198661,52.587750,550.666718
-14.675575,72.127784,542.982749
-1.617541,82.233829,538.429328
11.504507,92.220151,536.029905
24.250540,103.176950,535.814882
36.027444,116.473341,537.245137
45.841134,133.957956,539.437780
52.021067,157.174281,541.486280
52.674094,-175.921901,542.765529
47.546460,-151.556591,543.125218
38.361092,-132.934828,542.915195
26.925808,-118.926120,542.837978
14.358864,-107.614051,543.675160
1.310358,-97.535775,545.975816
-11.767516,-87.571784,549.812888
-24.441798,-76.639144,554.695321
-36.131361,-63.383589,559.670447
-45.863386,-45.986455,563.583499
-52.004928,-22.935121,565.409049
-52.699409,3.788409,564.551651
-47.670197,28.084780,561.028991
-38.582315,46.728003,555.487120
-27.213852,60.779024,549.041427
-11.440258,79.723444,541.668114
1.673250,89.700880,537.615436
14.745320,99.822044,535.783898
27.315194,111.217817,536.049117
38.717251,125.371349,537.759412
47.807330,144.208383,539.994656
52.756350,168.767304,541.893031
51.887068,-164.363188,542.935978
45.548941,-141.364631,543.102930
35.658352,-124.079955,542.851827
23.859263,-110.911003,542.933841
11.122432,-100.026095,544.100805
-1.972428,-90.074607,546.800708
-14.992610,-79.975361,550.966370
-27.485459,-68.606067,555.974531
-38.799071,-54.501517,560.793131
-47.814093,-35.769812,564.268135
-52.742603,-11.391589,565.456767
-51.934055,15.317375,563.905718
-45.698894,38.276975,559.795387
-35.899662,55.593200,553.910357
-24.158126,68.804172,547.441201
-8.180863,87.261542,540.463673
4.961558,97.176696,536.943553
17.955675,107.501833,535.671622
30.309140,119.428184,536.375025
41.266492,134.563849,538.306181
49.515502,154.841141,540.528714
53.115622,-179.473488,542.243770
50.749596,-153.078353,543.049229
43.332250,-131.546177,543.053009
32.839899,-115.481411,542.809267
20.735934,-103.035907,543.099060
7.864287,-92.495157,544.624889
-5.250635,-82.604405,547.720053
-18.185651,-72.301285,552.174599
-30.457649,-60.404804,557.242519
-41.326954,-45.328456,561.830770
-49.510202,-25.176258,564.807392
-53.109798,0.319195,565.330046
-50.820930,26.581208,563.096767
-43.507495,48.099924,558.448802
-33.099110,64.202496,552.296627
-21.043180,76.688752,545.885780
-4.904402,94.759456,539.380998
8.240886,104.677542,536.415339
21.127192,115.279549,535.685218
33.218556,127.836462,536.778617
43.650467,144.083223,538.870444
50.931146,165.842839,541.029019
53.087880,-167.662859,542.535049
49.291520,-142.131152,543.110092
40.927121,-122.079343,542.986451
29.923848,-107.106914,542.800445
17.566096,-95.277403,543.343413
4.591394,-85.003910,545.249833
-8.517867,-75.109004,548.727100
-21.338426,-64.529720,553.422939
-33.344835,-52.007372,558.480731
-43.690859,-35.832714,562.766215
-50.917983,-14.218709,565.190539
-53.095283,12.085380,565.027820
-49.388770,37.515720,562.134012
-41.126241,57.574193,557.006501
-30.198661,72.587750,550.666718
-17.879288,84.456144,544.393856
-1.617541,102.233829,538.429328
11.504507,112.220151,536.029905
24.250540,123.176950,535.814882
36.027444,136.473341,537.245137
45.841134,153.957956,539.437780
52.021067,177.174281,541.486280
52.674094,-155.921901,542.765529
47.546460,-131.556591,543.125218
38.361092,-112.934828,542.915195
26.925808,-98.926120,542.837978
14.358864,-87.614051,543.675160
1.310358,-77.535775,545.975816
-11.767516,-67.571784,549.812888
-24.441798,-56.639144,554.695321
-36.131361,-43.383589,559.670447
-45.863386,-25.986455,563.583499
-52.004928,-2.935121,565.409049
-52.699409,23.788409,564.551651
-47.670197,48.084780,561.028991
-38.582315,66.728003,555.487120
-27.213852,80.779024,549.041427
-14.675575,92.127784,542.982749
1.673250,109.700880,537.615436
14.745320,119.822044,535.783898
27.315194,131.217817,536.049117
38.717251,145.371349,537.759412
47.807330,164.208383,539.994656
52.756350,-171.232696,541.893031
51.887068,-144.363188,542.935978
45.548941,-121.364631,543.102930
35.658352,-104.079955,542.851827
23.859263,-90.911003,542.933841
11.122432,-80.026095,544.100805
-1.972428,-70.074607,546.800708
-14.992610,-59.975361,550.966370
-27.485459,-48.606067,555.974531
-38.799071,-34.501517,560.793131
-47.814093,-15.769812,564.268135
-52.742603,8.608411,565.456767
-51.934055,35.317375,563.905718
-45.698894,58.276975,559.795387
-35.899662,75.593200,553.910357
-24.158126,88.804172,547.441201
-11.440258,99.723444,541.668114
4.961558,117.176696,536.943553
17.955675,127.501833,535.671622
30.309140,139.428184,536.375025
41.266492,154.563849,538.306181
49.515502,174.841141,540.528714
53.115622,-159.473488,542.243770
50.749596,-133.078353,543.049229
43.332250,-111.546177,543.053009
32.839899,-95.481411,542.809267
20.735934,-83.035907,543.099060
7.864287,-72.495157,544.624889
-5.250635,-62.604405,547.720053
-18.185651,-52.301285,552.174599
-30.457649,-40.404804,557.242519
-41.326954,-25.328456,561.830770
-49.510202,-5.176258,564.807392
-53.109798,20.319195,565.330046
-50.820930,46.581208,563.096767
-43.507495,68.099924,558.448802
-33.099110,84.202496,552.296627
-21.043180,96.688752,545.885780
-8.180863,107.261542,540.463673
8.240886,124.677542,536.415339
21.127192,135.279549,535.685218
33.218556,147.836462,536.778617
43.650467,164.083223,538.870444
50.931146,-174.157161,541.029019
53.087880,-147.662859,542.535049
49.291520,-122.131152,543.110092
40.927121,-102.079343,542.986451
29.923848,-87.106914,542.800445
17.566096,-75.277403,543.343413
4.591394,-65.003910,545.249833
-8.517867,-55.109004,548.727100
-21.338426,-44.529720,553.422939
-33.344835,-32.007372,558.480731
-43.690859,-15.832714,562.766215
-50.917983,5.781291,565.190539
-53.095283,32.085380,565.027820
-49.388770,57.515720,562.134012
-41.126241,77.574193,557.006501
-30.198661,92.587750,550.666718
-17.879288,104.456144,544.393856
-4.904402,114.759456,539.380998
11.504507,132.220151,536.029905
24.250540,143.176950,535.814882
36.027444,156.473341,537.245137
45.841134,173.957956,539.437780
52.021067,-162.825719,541.486280
52.674094,-135.921901,542.765529
47.546460,-111.556591,543.125218
38.361092,-92.934828,542.915195
26.925808,-78.926120,542.837978
14.358864,-67.614051,543.675160
1.310358,-57.535775,545.975816
-11.767516,-47.571784,549.812888
-24.441798,-36.639144,554.695321
-36.131361,-23.383589,559.670447
-45.863386,-5.986455,563.583499
-52.004928,17.064879,565.409049
-52.699409,43.788409,564.551651
-47.670197,68.084780,561.028991
-38.582315,86.728003,555.487120
-27.213852,100.779024,549.041427
-14.675575,112.127784,542.982749
-1.617541,122.233829,538.429328
14.745320,139.822044,535.783898
27.315194,151.217817,536.049117
38.717251,165.371349,537.759412
47.807330,-175.791617,539.994656
52.756350,-151.232696,541.893031
51.887068,-124.363188,542.935978
45.548941,-101.364631,543.102930
35.658352,-84.079955,542.851827
23.859263,-70.911003,542.933841
11.122432,-60.026095,544.100805
-1.972428,-50.074607,546.800708
-14.992610,-39.975361,550.966370
-27.485459,-28.606067,555.974531
-38.799071,-14.501517,560.793131
-47.814093,4.230188,564.268135
-52.742603,28.608411,565.456767
-51.934055,55.317375,563.905718
-45.698894,78.276975,559.795387
-35.899662,95.593200,553.910357
-24.158126,108.804172,547.441201
-11.440258,119.723444,541.668114
1.673250,129.700880,537.615436
17.955675,147.501833,535.671622
30.309140,159.428184,536.375025
41.266492,174.563849,538.306181
49.515502,-165.158859,540.528714
53.115622,-139.473488,542.243770
50.749596,-113.078353,543.049229
43.332250,-91.546177,543.053009
32.839899,-75.481411,542.809267
20.735934,-63.035907,543.099060
7.864287,-52.495157,544.624889
-5.250635,-42.604405,547.720053
-18.185651,-32.301285,552.174599
-30.457649,-20.404804,557.242519
-41.326954,-5.328456,561.830770
-49.510202,14.823742,564.807392
-53.109798,40.319195,565.330046
-50.820930,66.581208,563.096767
-43.507495,88.099924,558.448802
-33.099110,104.202496,552.296627
-21.043180,116.688752,545.885780
-8.180863,127.261542,540.463673
4.961558,137.176696,536.943553
21.127192,155.279549,535.685218
33.218556,167.836462,536.778617
43.650467,-175.916777,538.870444
50.931146,-154.157161,541.029019
53.087880,-127.662859,542.535049
49.291520,-102.131152,543.110092
40.927121,-82.079343,542.986451
29.923848,-67.106914,542.800445
17.566096,-55.277403,543.343413
4.591394,-45.003910,545.249833
-8.517867,-35.109004,548.727100
-21.338426,-24.529720,553.422939
-33.344835,-12.007372,558.480731
-43.690859,4.167286,562.766215
-50.917983,25.781291,565.190539
-53.095283,52.085380,565.027820
-49.388770,77.515720,562.134012
-41.126241,97.574193,557.006501
-30.198661,112.587750,550.666718
-17.879288,124.456144,544.393856
-4.904402,134.759456,539.380998
8.240886,144.677542,536.415339
24.250540,163.176950,535.814882
36.027444,176.473341,537.245137
45.841134,-166.042044,539.437780
52.021067,-142.825719,541.486280
52.674094,-115.921901,542.765529
47.546460,-91.556591,543.125218
38.361092,-72.934828,542.915195
26.925808,-58.926120,542.837978
14.358864,-47.614051,543.675160
1.310358,-37.535775,545.975816
-11.767516,-27.571784,549.812888
-24.441798,-16.639144,554.695321
-36.131361,-3.383589,559.670447
-45.863386,14.013545,563.583499
-52.004928,37.064879,565.409049
-52.699409,63.788409,564.551651
-47.670197,88.084780,561.028991
-38.582315,106.728003,555.487120
-27.213852,120.779024,549.041427
-14.675575,132.127784,542.982749
-1.617541,142.233829,538.429328
11.504507,152.220151,536.029905
27.315194,171.217817,536.049117
38.717251,-174.628651,537.759412
47.807330,-155.791617,539.994656
52.756350,-131.232696,541.893031
51.887068,-104.363188,542.935978
45.548941,-81.364631,543.102930
35.658352,-64.079955,542.851827
23.859263,-50.911003,542.933841
11.122432,-40.026095,544.100805
-1.972428,-30.074607,546.800708
-14.992610,-19.975361,550.966370
-27.485459,-8.606067,555.974531
-38.799071,5.498483,560.793131
-47.814093,24.230188,564.268135
-52.742603,48.608411,565.456767
-51.934055,75.317375,563.905718
-45.698894,98.276975,559.795387
-35.899662,115.593200,553.910357
-24.158126,128.804172,547.441201
-11.440258,139.723444,541.668114
1.673250,149.700880,537.615436
14.745320,159.822044,535.783898
30.309140,179.428184,536.375025
41.266492,-165.436151,538.306181
49.515502,-145.158859,540.528714
53.115622,-119.473488,542.243770
50.749596,-93.078353,543.049229
43.332250,-71.546177,543.053009
32.839899,-55.481411,542.809267
20.735934,-43.035907,543.099060
7.864287,-32.495157,544.624889
-5.250635,-22.604405,547.720053
-18.185651,-12.301285,552.174599
-30.457649,-0.404804,557.242519
-41.326954,14.671544,561.830770
-49.510202,34.823742,564.807392
-53.109798,60.319195,565.330046
-50.820930,86.581208,563.096767
-43.507495,108.099924,558.448802
-33.099110,124.202496,552.296627
-21.043180,136.688752,545.885780
-8.180863,147.261542,540.463673
4.961558,157.176696,536.943553
17.955675,167.501833,535.671622
33.218556,-172.163538,536.778617
43.650467,-155.916777,538.870444
50.931146,-134.157161,541.029019
53.087880,-107.662859,542.535049
49.291520,-82.131152,543.110092
40.927121,-62.079343,542.986451
29.923848,-47.106914,542.800445
17.566096,-35.277403,543.343413
4.591394,-25.003910,545.249833
-8.517867,-15.109004,548.727100
-21.338426,-4.529720,553.422939
-33.344835,7.992628,558.480731
-43.690859,24.167286,562.766215
-50.917983,45.781291,565.190539
-53.095283,72.085380,565.027820
-49.388770,97.515720,562.134012
-41.126241,117.574193,557.006501
-30.198661,132.587750,550.666718
-17.879288,144.456144,544.393856
-4.904402,154.759456,539.380998
8.240886,164.677542,536.415339
21.127192,175.279549,535.685218
36.027444,-163.526659,537.245137
45.841134,-146.042044,539.437780
52.021067,-122.825719,541.486280
52.674094,-95.921901,542.765529
47.546460,-71.556591,543.125218
38.361092,-52.934828,542.915195
26.925808,-38.926120,542.837978
14.358864,-27.614051,543.675160
1.310358,-17.535775,545.975816
-11.767516,-7.571784,549.812888
-24.441798,3.360856,554.695321
-36.131361,16.616411,559.670447
-45.863386,34.013545,563.583499
-52.004928,57.064879,565.409049
-52.699409,83.788409,564.551651
-47.670197,108.084780,561.028991
-38.582315,126.728003,555.487120
-27.213852,140.779024,549.041427
-14.675575,152.127784,542.982749
-1.617541,162.233829,538.429328
11.504507,172.220151,536.029905
24.250540,-176.823050,535.814882
38.717251,-154.628651,537.759412
47.807330,-135.791617,539.994656
52.756350,-111.232696,541.893031
51.887068,-84.363188,542.935978
45.548941,-61.364631,543.102930
35.658352,-44.079955,542.851827
23.859263,-30.911003,542.933841
11.122432,-20.026095,544.100805
-1.972428,-10.074607,546.800708
-14.992610,0.024639,550.966370
-27.485459,11.393933,555.974531
-38.799071,25.498483,560.793131
-47.814093,44.230188,564.268135
-52.742603,68.608411,565.456767
-51.934055,95.317375,563.905718
-45.698894,118.276975,559.795387
-35.899662,135.593200,553.910357
-24.158126,148.804172,547.441201
-11.440258,159.723444,541.668114
1.673250,169.700880,537.615436
14.745320,179.822044,535.783898
27.315194,-168.782183,536.049117
41.266492,-145.436151,538.306181
49.515502,-125.158859,540.528714
53.115622,-99.473488,542.243770
50.749596,-73.078353,543.049229
43.332250,-51.546177,543.053009
32.839899,-35.481411,542.809267
20.735934,-23.035907,543.099060
7.864287,-12.495157,544.624889
-5.250635,-2.604405,547.720053
-18.185651,7.698715,552.174599
-30.457649,19.595196,557.242519
-41.326954,34.671544,561.830770
-49.510202,54.823742,564.807392
-53.109798,80.319195,565.330046
-50.820930,106.581208,563.096767
-43.507495,128.099924,558.448802
-33.099110,144.202496,552.296627
-21.043180,156.688752,545.885780
-8.180863,167.261542,540.463673
4.961558,177.176696,536.943553
17.955675,-172.498167,535.671622
30.309140,-160.571816,536.375025
43.650467,-135.916777,538.870444
50.931146,-114.157161,541.029019
53.087880,-87.662859,542.535049
49.291520,-62.131152,543.110092
40.927121,-42.079343,542.986451
29.923848,-27.106914,542.800445
17.566096,-15.277403,543.343413
4.591394,-5.003910,545.249833
-8.517867,4.890996,548.727100
-21.338426,15.470280,553.422939
-33.344835,27.992628,558.480731
-43.690859,44.167286,562.766215
-50.917983,65.781291,565.190539
-53.095283,92.085380,565.027820
-49.388770,117.515720,562.134012
-41.126241,137.574193,557.006501
-30.198661,152.587750,550.666718
-17.879288,164.456144,544.393856
-4.904402,174.759456,539.380998
8.240886,-175.322458,536.415339
21.127192,-164.720451,535.685218
33.218556,-152.163538,536.778617
45.841134,-126.042044,539.437780
52.021067,-102.825719,541.486280
52.674094,-75.921901,542.765529
47.546460,-51.556591,543.125218
38.361092,-32.934828,542.915195
26.925808,-18.926120,542.837978
14.358864,-7.614051,543.675160
1.310358,2.464225,545.975816
-11.767516,12.428216,549.812888
-24.441798,23.360856,554.695321
-36.131361,36.616411,559.670447
-45.863386,54.013545,563.583499
-52.004928,77.064879,565.409049
-52.699409,103.788409,564.551651
-47.670197,128.084780,561.028991
-38.582315,146.728003,555.487120
-27.213852,160.779024,549.041427
-14.675575,172.127784,542.982749
-1.617541,-177.766171,538.429328
11.504507,-167.779849,536.029905
24.250540,-156.823050,535.814882
36.027444,-143.526659,537.245137
