35.146604,-23.448650,542.841976
23.287099,-10.421635,542.958741
10.522872,0.393747,544.189923
-2.577641,10.329114,546.963312
-15.584226,20.460712,551.185501
-28.039446,31.920208,556.209793
-39.276542,46.194605,560.991447
-48.147098,65.182918,564.378898
-52.838681,89.786029,565.446607
-51.754114,116.444238,563.768561
-45.310299,139.143130,559.555055
-35.391384,156.226471,553.614912
-23.587691,169.295333,547.150405
-10.840645,-179.855355,541.437333
2.280171,-169.894346,537.480777
15.340013,-159.740854,535.753362
27.873142,-148.254341,536.102754
39.198731,-133.929228,537.858273
48.142841,-114.832060,540.095213
52.851381,-90.045980,541.962043
51.702804,-63.231795,542.961015
45.155595,-40.499028,543.095443
32.308866,-14.893811,542.804670
20.154456,-2.569743,543.137863
7.261496,7.916087,544.732496
-5.854309,17.802740,547.899412
-18.770481,28.151233,552.402279
-30.997032,40.155482,557.473697
-41.776091,55.424872,562.011498
-49.792558,75.845261,564.890108
-53.135981,101.515834,565.287518
-50.579823,127.651305,562.930479
-43.081691,148.899924,558.189472
-32.571130,164.792090,551.996630
-20.462983,177.156600,545.605326
-7.577587,-172.325950,540.254548
5.567316,-162.415146,536.835343
18.543860,-152.044555,535.664953
30.852596,-140.009675,536.444067
41.719446,-124.678802,538.409381
49.799646,-104.129546,540.623818
53.139751,-78.268270,542.302008
50.503796,-52.005318,543.064182
42.901924,-30.747363,543.041593
29.376585,-6.557260,542.803465
16.977066,5.169651,543.397765
3.986612,15.401841,545.376133
-9.118804,25.304586,548.921724
-21.914863,35.943076,553.656303
-33.866898,48.592335,558.704375
-44.106852,64.983348,562.926313
-51.143525,86.866619,565.243463
-53.050743,113.279252,564.953014
-49.092313,138.520326,561.940550
-40.668483,158.312806,556.731516
-29.654019,173.139364,550.366014
-17.291089,-175.095229,544.127051
-4.298714,-164.833613,539.195412
8.844261,-154.907875,536.333604
21.707225,-144.246455,535.700746
33.744743,-131.561602,536.860390
44.069971,-115.095846,538.975269
51.157622,-93.063236,541.116827
53.040364,-66.461440,542.582108
48.990193,-41.125033,543.116054
40.465145,-21.342333,542.973246
26.364952,1.590937,542.850880
13.763855,12.817655,543.746399
0.704776,22.867485,546.120592
-12.364461,32.851391,550.020890
-25.008035,43.858108,554.931272
-36.632953,57.261318,559.883113
-46.240836,74.896749,563.720173
-52.168011,98.203971,565.430863
-52.585500,124.958067,564.445143
-47.324597,149.020081,560.810724
-38.097263,167.410929,555.200045
-26.655175,-178.702031,548.743825
-14.080951,-167.439047,542.732615
-1.010646,-157.361802,538.268719
12.104224,-147.355676,535.974210
24.820579,-136.324444,535.850606
36.533144,-122.879046,537.336864
46.221662,-105.153019,539.541659
52.184123,-81.677550,541.565273
52.556440,-54.746111,542.801392
47.195983,-30.620947,543.123605
37.872177,-12.253750,542.902483
23.287099,9.578365,542.958741
10.522872,20.393747,544.189923
-2.577641,30.329114,546.963312
-15.584226,40.460712,551.185501
-28.039446,51.920208,556.209793
-39.276542,66.194605,560.991447
-48.147098,85.182918,564.378898
-52.838681,109.786029,565.446607
-51.754114,136.444238,563.768561
-45.310299,159.143130,559.555055
-35.391384,176.226471,553.614912
-23.587691,-170.704667,547.150405
-10.840645,-159.855355,541.437333
2.280171,-149.894346,537.480777
15.340013,-139.740854,535.753362
27.873142,-128.254341,536.102754
39.198731,-113.929228,537.858273
48.142841,-94.832060,540.095213
52.851381,-70.045980,541.962043
51.702804,-43.231795,542.961015
45.155595,-20.499028,543.095443
35.146604,-3.448650,542.841976
20.154456,17.430257,543.137863
7.261496,27.916087,544.732496
-5.854309,37.802740,547.899412
-18.770481,48.151233,552.402279
-30.997032,60.155482,557.473697
-41.776091,75.424872,562.011498
-49.792558,95.845261,564.890108
-53.135981,121.515834,565.287518
-50.579823,147.651305,562.930479
-43.081691,168.899924,558.189472
-32.571130,-175.207910,551.996630
-20.462983,-162.843400,545.605326
-7.577587,-152.325950,540.254548
5.567316,-142.415146,536.835343
18.543860,-132.044555,535.664953
30.852596,-120.009675,536.444067
41.719446,-104.678802,538.409381
49.799646,-84.129546,540.623818
53.139751,-58.268270,542.302008
50.503796,-32.005318,543.064182
42.901924,-10.747363,543.041593
32.308866,5.106189,542.804670
16.977066,25.169651,543.397765
3.986612,35.401841,545.376133
-9.118804,45.304586,548.921724
-21.914863,55.943076,553.656303
-33.866898,68.592335,558.704375
-44.106852,84.983348,562.926313
-51.143525,106.866619,565.243463
-53.050743,133.279252,564.953014
-49.092313,158.520326,561.940550
-40.668483,178.312806,556.731516
-29.654019,-166.860636,550.366014
-17.291089,-155.095229,544.127051
-4.298714,-144.833613,539.195412
8.844261,-134.907875,536.333604
21.707225,-124.246455,535.700746
33.744743,-111.561602,536.860390
44.069971,-95.095846,538.975269
51.157622,-73.063236,541.116827
53.040364,-46.461440,542.582108
48.990193,-21.125033,543.116054
40.465145,-1.342333,542.973246
29.376585,13.442740,542.803465
13.763855,32.817655,543.746399
0.704776,42.867485,546.120592
-12.364461,52.851391,550.020890
-25.008035,63.858108,554.931272
-36.632953,77.261318,559.883113
-46.240836,94.896749,563.720173
-52.168011,118.203971,565.430863
-52.585500,144.958067,564.445143
-47.324597,169.020081,560.810724
-38.097263,-172.589071,555.200045
-26.655175,-158.702031,548.743825
-14.080951,-147.439047,542.732615
-1.010646,-137.361802,538.268719
12.104224,-127.355676,535.974210
24.820579,-116.324444,535.850606
36.533144,-102.879046,537.336864
46.221662,-85.153019,539.541659
52.184123,-61.677550,541.565273
52.556440,-34.746111,542.801392
47.195983,-10.620947,543.123605
37.872177,7.746250,542.902483
26.364952,21.590937,542.850880
10.522872,40.393747,544.189923
-2.577641,50.329114,546.963312
-15.584226,60.460712,551.185501
-28.039446,71.920208,556.209793
-39.276542,86.194605,560.991447
-48.147098,105.182918,564.378898
-52.838681,129.786029,565.446607
-51.754114,156.444238,563.768561
-45.310299,179.143130,559.555055
-35.391384,-163.773529,553.614912
-23.587691,-150.704667,547.150405
-10.840645,-139.855355,541.437333
2.280171,-129.894346,537.480777
15.340013,-119.740854,535.753362
27.873142,-108.254341,536.102754
39.198731,-93.929228,537.858273
48.142841,-74.832060,540.095213
52.851381,-50.045980,541.962043
51.702804,-23.231795,542.961015
45.155595,-0.499028,543.095443
35.146604,16.551350,542.841976
23.287099,29.578365,542.958741
7.261496,47.916087,544.732496
-5.854309,57.802740,547.899412
-18.770481,68.151233,552.402279
-30.997032,80.155482,557.473697
-41.776091,95.424872,562.011498
-49.792558,115.845261,564.890108
-53.135981,141.515834,565.287518
-50.579823,167.651305,562.930479
-43.081691,-171.100076,558.189472
-32.571130,-155.207910,551.996630
-20.462983,-142.843400,545.605326
-7.577587,-132.325950,540.254548
5.567316,-122.415146,536.835343
18.543860,-112.044555,535.664953
30.852596,-100.009675,536.444067
41.719446,-84.678802,538.409381
49.799646,-64.129546,540.623818
53.139751,-38.268270,542.302008
50.503796,-12.005318,543.064182
42.901924,9.252637,543.041593
32.308866,25.106189,542.804670
20.154456,37.430257,543.137863
3.986612,55.401841,545.376133
-9.118804,65.304586,548.921724
-21.914863,75.943076,553.656303
-33.866898,88.592335,558.704375
-44.106852,104.983348,562.926313
-51.143525,126.866619,565.243463
-53.050743,153.279252,564.953014
-49.092313,178.520326,561.940550
-40.668483,-161.687194,556.731516
-29.654019,-146.860636,550.366014
-17.291089,-135.095229,544.127051
-4.298714,-124.833613,539.195412
8.844261,-114.907875,536.333604
21.707225,-104.246455,535.700746
33.744743,-91.561602,536.860390
44.069971,-75.095846,538.975269
51.157622,-53.063236,541.116827
53.040364,-26.461440,542.582108
48.990193,-1.125033,543.116054
40.465145,18.657667,542.973246
29.376585,33.442740,542.803465
16.977066,45.169651,543.397765
0.704776,62.867485,546.120592
-12.364461,72.851391,550.020890
-25.008035,83.858108,554.931272
-36.632953,97.261318,559.883113
-46.240836,114.896749,563.720173
-52.168011,138.203971,565.430863
-52.585500,164.958067,564.445143
-47.324597,-170.979919,560.810724
-38.097263,-152.589071,555.200045
-26.655175,-138.702031,548.743825
-14.080951,-127.439047,542.732615
-1.010646,-117.361802,538.268719
12.104224,-107.355676,535.974210
24.820579,-96.324444,535.850606
36.533144,-82.879046,537.336864
46.221662,-65.153019,539.541659
52.184123,-41.677550,541.565273
52.556440,-14.746111,542.801392
47.195983,9.379053,543.123605
37.872177,27.746250,542.902483
26.364952,41.590937,542.850880
13.763855,52.817655,543.746399
-2.577641,70.329114,546.963312
-15.584226,80.460712,551.185501
-28.039446,91.920208,556.209793
-39.276542,106.194605,560.991447
-48.147098,125.182918,564.378898
-52.838681,149.786029,565.446607
-51.754114,176.444238,563.768561
-45.310299,-160.856870,559.555055
-35.391384,-143.773529,553.614912
-23.587691,-130.704667,547.150405
-10.840645,-119.855355,541.437333
2.280171,-109.894346,537.480777
15.340013,-99.740854,535.753362
27.873142,-88.254341,536.102754
39.198731,-73.929228,537.858273
48.142841,-54.832060,540.095213
52.851381,-30.045980,541.962043
51.702804,-3.231795,542.961015
45.155595,19.500972,543.095443
35.146604,36.551350,542.841976
23.287099,49.578365,542.958741
10.522872,60.393747,544.189923
-5.854309,77.802740,547.899412
-18.770481,88.151233,552.402279
-30.997032,100.155482,557.473697
-41.776091,115.424872,562.011498
-49.792558,135.845261,564.890108
-53.135981,161.515834,565.287518
-50.579823,-172.348695,562.930479
-43.081691,-151.100076,558.189472
-32.571130,-135.207910,551.996630
-20.462983,-122.843400,545.605326
-7.577587,-112.325950,540.254548
5.567316,-102.415146,536.835343
18.543860,-92.044555,535.664953
30.852596,-80.009675,536.444067
41.719446,-64.678802,538.409381
49.799646,-44.129546,540.623818
53.139751,-18.268270,542.302008
50.503796,7.994682,543.064182
42.901924,29.252637,543.041593
32.308866,45.106189,542.804670
20.154456,57.430257,543.137863
7.261496,67.916087,544.732496
-9.118804,85.304586,548.921724
-21.914863,95.943076,553.656303
-33.866898,108.592335,558.704375
-44.106852,124.983348,562.926313
-51.143525,146.866619,565.243463
-53.050743,173.279252,564.953014
-49.092313,-161.479674,561.940550
-40.668483,-141.687194,556.731516
-29.654019,-126.860636,550.366014
-17.291089,-115.095229,544.127051
-4.298714,-104.833613,539.195412
8.844261,-94.907875,536.333604
21.707225,-84.246455,535.700746
33.744743,-71.561602,536.860390
44.069971,-55.095846,538.975269
51.157622,-33.063236,541.116827
53.040364,-6.461440,542.582108
48.990193,18.874967,543.116054
40.465145,38.657667,542.973246
29.376585,53.442740,542.803465
16.977066,65.169651,543.397765
3.986612,75.401841,545.376133
-12.364461,92.851391,550.020890
-25.008035,103.858108,554.931272
-36.632953,117.261318,559.883113
-46.240836,134.896749,563.720173
-52.168011,158.203971,565.430863
-52.585500,-175.041933,564.445143
-47.324597,-150.979919,560.810724
-38.097263,-132.589071,555.200045
-26.655175,-118.702031,548.743825
-14.080951,-107.439047,542.732615
-1.010646,-97.361802,538.268719
12.104224,-87.355676,535.974210
24.820579,-76.324444,535.850606
36.533144,-62.879046,537.336864
46.221662,-45.153019,539.541659
52.184123,-21.677550,541.565273
52.556440,5.253889,542.801392
47.195983,29.379053,543.123605
37.872177,47.746250,542.902483
26.364952,61.590937,542.850880
13.763855,72.817655,543.746399
0.704776,82.867485,546.120592
-15.584226,100.460712,551.185501
-28.039446,111.920208,556.209793
-39.276542,126.194605,560.991447
-48.147098,145.182918,564.378898
-52.838681,169.786029,565.446607
-51.754114,-163.555762,563.768561
-45.310299,-140.856870,559.555055
-35.391384,-123.773529,553.614912
-23.587691,-110.704667,547.150405
-10.840645,-99.855355,541.437333
2.280171,-89.894346,537.480777
15.340013,-79.740854,535.753362
27.873142,-68.254341,536.102754
39.198731,-53.929228,537.858273
48.142841,-34.832060,540.095213
52.851381,-10.045980,541.962043
51.702804,16.768205,542.961015
45.155595,39.500972,543.095443
35.146604,56.551350,542.841976
23.287099,69.578365,542.958741
10.522872,80.393747,544.189923
-2.577641,90.329114,546.963312
-18.770481,108.151233,552.402279
-30.997032,120.155482,557.473697
-41.776091,135.424872,562.011498
-49.792558,155.845261,564.890108
-53.135981,-178.484166,565.287518
-50.579823,-152.348695,562.930479
-43.081691,-131.100076,558.189472
-32.571130,-115.207910,551.996630
-20.462983,-102.843400,545.605326
-7.577587,-92.325950,540.254548
5.567316,-82.415146,536.835343
18.543860,-72.044555,535.664953
30.852596,-60.009675,536.444067
41.719446,-44.678802,538.409381
49.799646,-24.129546,540.623818
53.139751,1.731730,542.302008
50.503796,27.994682,543.064182
42.901924,49.252637,543.041593
32.308866,65.106189,542.804670
20.154456,77.430257,543.137863
7.261496,87.916087,544.732496
-5.854309,97.802740,547.899412
-21.914863,115.943076,553.656303
-33.866898,128.592335,558.704375
-44.106852,144.983348,562.926313
-51.143525,166.866619,565.243463
-53.050743,-166.720748,564.953014
-49.092313,-141.479674,561.940550
-40.668483,-121.687194,556.731516
-29.654019,-106.860636,550.366014
-17.291089,-95.095229,544.127051
-4.298714,-84.833613,539.195412
8.844261,-74.907875,536.333604
21.707225,-64.246455,535.700746
33.744743,-51.561602,536.860390
44.069971,-35.095846,538.975269
51.157622,-13.063236,541.116827
53.040364,13.538560,542.582108
48.990193,38.874967,543.116054
40.465145,58.657667,542.973246
29.376585,73.442740,542.803465
16.977066,85.169651,543.397765
3.986612,95.401841,545.376133
-9.118804,105.304586,548.921724
-25.008035,123.858108,554.931272
-36.632953,137.261318,559.883113
-46.240836,154.896749,563.720173
-52.168011,178.203971,565.430863
-52.585500,-155.041933,564.445143
-47.324597,-130.979919,560.810724
-38.097263,-112.589071,555.200045
-26.655175,-98.702031,548.743825
-14.080951,-87.439047,542.732615
-1.010646,-77.361802,538.268719
12.104224,-67.355676,535.974210
24.820579,-56.324444,535.850606
36.533144,-42.879046,537.336864
46.221662,-25.153019,539.541659
52.184123,-1.677550,541.565273
52.556440,25.253889,542.801392
47.195983,49.379053,543.123605
37.872177,67.746250,542.902483
26.364952,81.590937,542.850880
13.763855,92.817655,543.746399
0.704776,102.867485,546.120592
-12.364461,112.851391,550.020890
-28.039446,131.920208,556.209793
-39.276542,146.194605,560.991447
-48.147098,165.182918,564.378898
-52.838681,-170.213971,565.446607
-51.754114,-143.555762,563.768561
-45.310299,-120.856870,559.555055
-35.391384,-103.773529,553.614912
-23.587691,-90.704667,547.150405
-10.840645,-79.855355,541.437333
2.280171,-69.894346,537.480777
15.340013,-59.740854,535.753362
27.873142,-48.254341,536.102754
39.198731,-33.929228,537.858273
48.142841,-14.832060,540.095213
52.851381,9.954020,541.962043
51.702804,36.768205,542.961015
45.155595,59.500972,543.095443
35.146604,76.551350,542.841976
23.287099,89.578365,542.958741
10.522872,100.393747,544.189923
-2.577641,110.329114,546.963312
-15.584226,120.460712,551.185501
-30.997032,140.155482,557.473697
-41.776091,155.424872,562.011498
-49.792558,175.845261,564.890108
-53.135981,-158.484166,565.287518
-50.579823,-132.348695,562.930479
-43.081691,-111.100076,558.189472
-32.571130,-95.207910,551.996630
-20.462983,-82.843400,545.605326
-7.577587,-72.325950,540.254548
5.567316,-62.415146,536.835343
18.543860,-52.044555,535.664953
30.852596,-40.009675,536.444067
41.719446,-24.678802,538.409381
49.799646,-4.129546,540.623818
53.139751,21.731730,542.302008
50.503796,47.994682,543.064182
42.901924,69.252637,543.041593
32.308866,85.106189,542.804670
20.154456,97.430257,543.137863
7.261496,107.916087,544.732496
-5.854309,117.802740,547.899412
-18.770481,128.151233,552.402279
-33.866898,148.592335,558.704375
-44.106852,164.983348,562.926313
-51.143525,-173.133381,565.243463
-53.050743,-146.720748,564.953014
-49.092313,-121.479674,561.940550
-40.668483,-101.687194,556.731516
-29.654019,-86.860636,550.366014
-17.291089,-75.095229,544.127051
-4.298714,-64.833613,539.195412
8.844261,-54.907875,536.333604
21.707225,-44.246455,535.700746
33.744743,-31.561602,536.860390
44.069971,-15.095846,538.975269
51.157622,6.936764,541.116827
53.040364,33.538560,542.582108
48.990193,58.874967,543.116054
40.465145,78.657667,542.973246
29.376585,93.442740,542.803465
16.977066,105.169651,543.397765
3.986612,115.401841,545.376133
-9.118804,125.304586,548.921724
-21.914863,135.943076,553.656303
-36.632953,157.261318,559.883113
-46.240836,174.896749,563.720173
-52.168011,-161.796029,565.430863
-52.585500,-135.041933,564.445143
-47.324597,-110.979919,560.810724
-38.097263,-92.589071,555.200045
-26.655175,-78.702031,548.743825
-14.080951,-67.439047,542.732615
-1.010646,-57.361802,538.268719
12.104224,-47.355676,535.974210
24.820579,-36.324444,535.850606
36.533144,-22.879046,537.336864
46.221662,-5.153019,539.541659
52.184123,18.322450,541.565273
52.556440,45.253889,542.801392
47.195983,69.379053,543.123605
37.872177,87.746250,542.902483
26.364952,101.590937,542.850880
13.763855,112.817655,543.746399
0.704776,122.867485,546.120592
-12.364461,132.851391,550.020890
-25.008035,143.858108,554.931272
-39.276542,166.194605,560.991447
-48.147098,-174.817082,564.378898
-52.838681,-150.213971,565.446607
-51.754114,-123.555762,563.768561
-45.310299,-100.856870,559.555055
-35.391384,-83.773529,553.614912
-23.587691,-70.704667,547.150405
-10.840645,-59.855355,541.437333
2.280171,-49.894346,537.480777
15.340013,-39.740854,535.753362
27.873142,-28.254341,536.102754
39.198731,-13.929228,537.858273
48.142841,5.167940,540.095213
52.851381,29.954020,541.962043
51.702804,56.768205,542.961015
45.155595,79.500972,543.095443
35.146604,96.551350,542.841976
23.287099,109.578365,542.958741
10.522872,120.393747,544.189923
-2.577641,130.329114,546.963312
-15.584226,140.460712,551.185501
-28.039446,151.920208,556.209793
-41.776091,175.424872,562.011498
-49.792558,-164.154739,564.890108
-53.135981,-138.484166,565.287518
-50.579823,-112.348695,562.930479
-43.081691,-91.100076,558.189472
-32.571130,-75.207910,551.996630
-20.462983,-62.843400,545.605326
-7.577587,-52.325950,540.254548
5.567316,-42.415146,536.835343
18.543860,-32.044555,535.664953
30.852596,-20.009675,536.444067
41.719446,-4.678802,538.409381
49.799646,15.870454,540.623818
53.139751,41.731730,542.302008
50.503796,67.994682,543.064182
42.901924,89.252637,543.041593
32.308866,105.106189,542.804670
20.154456,117.430257,543.137863
7.261496,127.916087,544.732496
-5.854309,137.802740,547.899412
-18.770481,148.151233,552.402279
-30.997032,160.155482,557.473697
-44.106852,-175.016652,562.926313
-51.143525,-153.133381,565.243463
-53.050743,-126.720748,564.953014
-49.092313,-101.479674,561.940550
-40.668483,-81.687194,556.731516
-29.654019,-66.860636,550.366014
-17.291089,-55.095229,544.127051
-4.298714,-44.833613,539.195412
8.844261,-34.907875,536.333604
21.707225,-24.246455,535.700746
33.744743,-11.561602,536.860390
44.069971,4.904154,538.975269
51.157622,26.936764,541.116827
53.040364,53.538560,542.582108
48.990193,78.874967,543.116054
40.465145,98.657667,542.973246
29.376585,113.442740,542.803465
16.977066,125.169651,543.397765
3.986612,135.401841,545.376133
-9.118804,145.304586,548.921724
-21.914863,155.943076,553.656303
-33.866898,168.592335,558.704375
-46.240836,-165.103251,563.720173
-52.168011,-141.796029,565.430863
-52.585500,-115.041933,564.445143
-47.324597,-90.979919,560.810724
-38.097263,-72.589071,555.200045
-26.655175,-58.702031,548.743825
-14.080951,-47.439047,542.732615
-1.010646,-37.361802,538.268719
12.104224,-27.355676,535.974210
24.820579,-16.324444,535.850606
36.533144,-2.879046,537.336864
46.221662,14.846981,539.541659
52.184123,38.322450,541.565273
52.556440,65.253889,542.801392
47.195983,89.379053,543.123605
37.872177,107.746250,542.902483
26.364952,121.590937,542.850880
13.763855,132.817655,543.746399
0.704776,142.867485,546.120592
-12.364461,152.851391,550.020890
-25.008035,163.858108,554.931272
-36.632953,177.261318,559.883113
-48.147098,-154.817082,564.378898
-52.838681,-130.213971,565.446607
-51.754114,-103.555762,563.768561
-45.310299,-80.856870,559.555055
-35.391384,-63.773529,553.614912
-23.587691,-50.704667,547.150405
-10.840645,-39.855355,541.437333
2.280171,-29.894346,537.480777
15.340013,-19.740854,535.753362
27.873142,-8.254341,536.102754
39.198731,6.070772,537.858273
48.142841,25.167940,540.095213
52.851381,49.954020,541.962043
51.702804,76.768205,542.961015
45.155595,99.500972,543.095443
35.146604,116.551350,542.841976
23.287099,129.578365,542.958741
10.522872,140.393747,544.189923
-2.577641,150.329114,546.963312
-15.584226,160.460712,551.185501
-28.039446,171.920208,556.209793
-39.276542,-173.805395,560.991447
-49.792558,-144.154739,564.890108
-53.135981,-118.484166,565.287518
-50.579823,-92.348695,562.930479
-43.081691,-71.100076,558.189472
-32.571130,-55.207910,551.996630
-20.462983,-42.843400,545.605326
-7.577587,-32.325950,540.254548
5.567316,-22.415146,536.835343
18.543860,-12.044555,535.664953
30.852596,-0.009675,536.444067
41.719446,15.321198,538.409381
49.799646,35.870454,540.623818
53.139751,61.731730,542.302008
50.503796,87.994682,543.064182
42.901924,109.252637,543.041593
32.308866,125.106189,542.804670
20.154456,137.430257,543.137863
7.261496,147.916087,544.732496
-5.854309,157.802740,547.899412
-18.770481,168.151233,552.402279
-30.997032,-179.844518,557.473697
-41.776091,-164.575128,562.011498
-51.143525,-133.133381,565.243463
-53.050743,-106.720748,564.953014
-49.092313,-81.479674,561.940550
-40.668483,-61.687194,556.731516
-29.654019,-46.860636,550.366014
-17.291089,-35.095229,544.127051
-4.298714,-24.833613,539.195412
8.844261,-14.907875,536.333604
21.707225,-4.246455,535.700746
33.744743,8.438398,536.860390
44.069971,24.904154,538.975269
51.157622,46.936764,541.116827
53.040364,73.538560,542.582108
48.990193,98.874967,543.116054
40.465145,118.657667,542.973246
29.376585,133.442740,542.803465
16.977066,145.169651,543.397765
3.986612,155.401841,545.376133
-9.118804,165.304586,548.921724
-21.914863,175.943076,553.656303
-33.866898,-171.407665,558.704375
-44.106852,-155.016652,562.926313
-52.168011,-121.796029,565.430863
-52.585500,-95.041933,564.445143
-47.324597,-70.979919,560.810724
-38.097263,-52.589071,555.200045
-26.655175,-38.702031,548.743825
-14.080951,-27.439047,542.732615
-1.010646,-17.361802,538.268719
12.104224,-7.355676,535.974210
24.820579,3.675556,535.850606
36.533144,17.120954,537.336864
46.221662,34.846981,539.541659
52.184123,58.322450,541.565273
52.556440,85.253889,542.801392
47.195983,109.379053,543.123605
37.872177,127.746250,542.902483
26.364952,141.590937,542.850880
13.763855,152.817655,543.746399
0.704776,162.867485,546.120592
-12.364461,172.851391,550.020890
-25.008035,-176.141892,554.931272
-36.632953,-162.738682,559.883113
-46.240836,-145.103251,563.720173
-52.838681,-110.213971,565.446607
-51.754114,-83.555762,563.768561
-45.310299,-60.856870,559.555055
-35.391384,-43.773529,553.614912
-23.587691,-30.704667,547.150405
-10.840645,-19.855355,541.437333
2.280171,-9.894346,537.480777
15.340013,0.259146,535.753362
27.873142,11.745659,536.102754
39.198731,26.070772,537.858273
48.142841,45.167940,540.095213
52.851381,69.954020,541.962043
51.702804,96.768205,542.961015
45.155595,119.500972,543.095443
35.146604,136.551350,542.841976
23.287099,149.578365,542.958741
10.522872,160.393747,544.189923
-2.577641,170.329114,546.963312
-15.584226,-179.539288,551.185501
-28.039446,-168.079792,556.209793
-39.276542,-153.805395,560.991447
-48.147098,-134.817082,564.378898
-53.135981,-98.484166,565.287518
-50.579823,-72.348695,562.930479
-43.081691,-51.100076,558.189472
-32.571130,-35.207910,551.996630
-20.462983,-22.843400,545.605326
-7.577587,-12.325950,540.254548
5.567316,-2.415146,536.835343
18.543860,7.955445,535.664953
30.852596,19.990325,536.444067
41.719446,35.321198,538.409381
49.799646,55.870454,540.623818
53.139751,81.731730,542.302008
50.503796,107.994682,543.064182
42.901924,129.252637,543.041593
32.308866,145.106189,542.804670
20.154456,157.430257,543.137863
7.261496,167.916087,544.732496
-5.854309,177.802740,547.899412
-18.770481,-171.848767,552.402279
-30.997032,-159.844518,557.473697
-41.776091,-144.575128,562.011498
-49.792558,-124.154739,564.890108
-53.050743,-86.720748,564.953014
-49.092313,-61.479674,561.940550
-40.668483,-41.687194,556.731516
-29.654019,-26.860636,550.366014
-17.291089,-15.095229,544.127051
-4.298714,-4.833613,539.195412
8.844261,5.092125,536.333604
21.707225,15.753545,535.700746
33.744743,28.438398,536.860390
44.069971,44.904154,538.975269
51.157622,66.936764,541.116827
53.040364,93.538560,542.582108
48.990193,118.874967,543.116054
40.465145,138.657667,542.973246
29.376585,153.442740,542.803465
16.977066,165.169651,543.397765
3.986612,175.401841,545.376133
-9.118804,-174.695414,548.921724
-21.914863,-164.056924,553.656303
-33.866898,-151.407665,558.704375
-44.106852,-135.016652,562.926313
-51.143525,-113.133381,565.243463
-52.585500,-75.041933,564.445143
-47.324597,-50.979919,560.810724
-38.097263,-32.589071,555.200045
-26.655175,-18.702031,548.743825
-14.080951,-7.439047,542.732615
-1.010646,2.638198,538.268719
12.104224,12.644324,535.974210
24.820579,23.675556,535.850606
36.533144,37.120954,537.336864
46.221662,54.846981,539.541659
52.184123,78.322450,541.565273
52.556440,105.253889,542.801392
47.195983,129.379053,543.123605
37.872177,147.746250,542.902483
26.364952,161.590937,542.850880
13.763855,172.817655,543.746399
0.704776,-177.132515,546.120592
-12.364461,-167.148609,550.020890
-25.008035,-156.141892,554.931272
-36.632953,-142.738682,559.883113
-46.240836,-125.103251,563.720173
-52.168011,-101.796029,565.430863
-51.754114,-63.555762,563.768561
-45.310299,-40.856870,559.555055
-35.391384,-23.773529,553.614912
-23.587691,-10.704667,547.150405
-10.840645,0.144645,541.437333
2.280171,10.105654,537.480777
15.340013,20.259146,535.753362
27.873142,31.745659,536.102754
39.198731,46.070772,537.858273
48.142841,65.167940,540.095213
52.851381,89.954020,541.962043
51.702804,116.768205,542.961015
45.155595,139.500972,543.095443
35.146604,156.551350,542.841976
23.287099,169.578365,542.958741
10.522872,-179.606253,544.189923
-2.577641,-169.670886,546.963312
-15.584226,-159.539288,551.185501
-28.039446,-148.079792,556.209793
-39.276542,-133.805395,560.991447
-48.147098,-114.817082,564.378898
-52.838681,-90.213971,565.446607
-50.579823,-52.348695,562.930479
-43.081691,-31.100076,558.189472
-32.571130,-15.207910,551.996630
-20.462983,-2.843400,545.605326
-7.577587,7.674050,540.254548
5.567316,17.584854,536.835343
18.543860,27.955445,535.664953
30.852596,39.990325,536.444067
41.719446,55.321198,538.409381
49.799646,75.870454,540.623818
53.139751,101.731730,542.302008
50.503796,127.994682,543.064182
42.901924,149.252637,543.041593
32.308866,165.106189,542.804670
20.154456,177.430257,543.137863
7.261496,-172.083913,544.732496
-5.854309,-162.197260,547.899412
-18.770481,-151.848767,552.402279
-30.997032,-139.844518,557.473697
-41.776091,-124.575128,562.011498
-49.792558,-104.154739,564.890108
-53.135981,-78.484166,565.287518
-49.092313,-41.479674,561.940550
-40.668483,-21.687194,556.731516
-29.654019,-6.860636,550.366014
-17.291089,4.904771,544.127051
-4.298714,15.166387,539.195412
8.844261,25.092125,536.333604
21.707225,35.753545,535.700746
33.744743,48.438398,536.860390
44.069971,64.904154,538.975269
51.157622,86.936764,541.116827
53.040364,113.538560,542.582108
48.990193,138.874967,543.116054
40.465145,158.657667,542.973246
29.376585,173.442740,542.803465
16.977066,-174.830349,543.397765
3.986612,-164.598159,545.376133
-9.118804,-154.695414,548.921724
-21.914863,-144.056924,553.656303
-33.866898,-131.407665,558.704375
-44.106852,-115.016652,562.926313
-51.143525,-93.133381,565.243463
-53.050743,-66.720748,564.953014
-47.324597,-30.979919,560.810724
-38.097263,-12.589071,555.200045
-26.655175,1.297969,548.743825
-14.080951,12.560953,542.732615
-1.010646,22.638198,538.268719
12.104224,32.644324,535.974210
24.820579,43.675556,535.850606
36.533144,57.120954,537.336864
46.221662,74.846981,539.541659
52.184123,98.322450,541.565273
52.556440,125.253889,542.801392
47.195983,149.379053,543.123605
37.872177,167.746250,542.902483
26.364952,-178.409063,542.850880
13.763855,-167.182345,543.746399
0.704776,-157.132515,546.120592
-12.364461,-147.148609,550.020890
-25.008035,-136.141892,554.931272
-36.632953,-122.738682,559.883113
-46.240836,-105.103251,563.720173
-52.168011,-81.796029,565.430863
-52.585500,-55.041933,564.445143
-45.310299,-20.856870,559.555055
-35.391384,-3.773529,553.614912
-23.587691,9.295333,547.150405
-10.840645,20.144645,541.437333
2.280171,30.105654,537.480777
15.340013,40.259146,535.753362
27.873142,51.745659,536.102754
39.198731,66.070772,537.858273
48.142841,85.167940,540.095213
52.851381,109.954020,541.962043
51.702804,136.768205,542.961015
45.155595,159.500972,543.095443
35.146604,176.551350,542.841976
23.287099,-170.421635,542.958741
10.522872,-159.606253,544.189923
-2.577641,-149.670886,546.963312
-15.584226,-139.539288,551.185501
-28.039446,-128.079792,556.209793
-39.276542,-113.805395,560.991447
-48.147098,-94.817082,564.378898
-52.838681,-70.213971,565.446607
-51.754114,-43.555762,563.768561
-43.081691,-11.100076,558.189472
-32.571130,4.792090,551.996630
-20.462983,17.156600,545.605326
-7.577587,27.674050,540.254548
5.567316,37.584854,536.835343
18.543860,47.955445,535.664953
30.852596,59.990325,536.444067
41.719446,75.321198,538.409381
49.799646,95.870454,540.623818
53.139751,121.731730,542.302008
50.503796,147.994682,543.064182
42.901924,169.252637,543.041593
32.308866,-174.893811,542.804670
20.154456,-162.569743,543.137863
7.261496,-152.083913,544.732496
-5.854309,-142.197260,547.899412
-18.770481,-131.848767,552.402279
-30.997032,-119.844518,557.473697
-41.776091,-104.575128,562.011498
-49.792558,-84.154739,564.890108
-53.135981,-58.484166,565.287518
-50.579823,-32.348695,562.930479
-40.668483,-1.687194,556.731516
-29.654019,13.139364,550.366014
-17.291089,24.904771,544.127051
-4.298714,35.166387,539.195412
8.844261,45.092125,536.333604
21.707225,55.753545,535.700746
33.744743,68.438398,536.860390
44.069971,84.904154,538.975269
51.157622,106.936764,541.116827
53.040364,133.538560,542.582108
48.990193,158.874967,543.116054
40.465145,178.657667,542.973246
29.376585,-166.557260,542.803465
16.977066,-154.830349,543.397765
3.986612,-144.598159,545.376133
-9.118804,-134.695414,548.921724
-21.914863,-124.056924,553.656303
-33.866898,-111.407665,558.704375
-44.106852,-95.016652,562.926313
-51.143525,-73.133381,565.243463
-53.050743,-46.720748,564.953014
-49.092313,-21.479674,561.940550
-38.097263,7.410929,555.200045
-26.655175,21.297969,548.743825
-14.080951,32.560953,542.732615
-1.010646,42.638198,538.268719
12.104224,52.644324,535.974210
24.820579,63.675556,535.850606
36.533144,77.120954,537.336864
46.221662,94.846981,539.541659
52.184123,118.322450,541.565273
52.556440,145.253889,542.801392
47.195983,169.379053,543.123605
37.872177,-172.253750,542.902483
26.364952,-158.409063,542.850880
13.763855,-147.182345,543.746399
0.704776,-137.132515,546.120592
-12.364461,-127.148609,550.020890
-25.008035,-116.141892,554.931272
-36.632953,-102.738682,559.883113
-46.240836,-85.103251,563.720173
-52.168011,-61.796029,565.430863
-52.585500,-35.041933,564.445143
-47.324597,-10.979919,560.810724
-35.391384,16.226471,553.614912
-23.587691,29.295333,547.150405
-10.840645,40.144645,541.437333
2.280171,50.105654,537.480777
15.340013,60.259146,535.753362
27.873142,71.745659,536.102754
39.198731,86.070772,537.858273
48.142841,105.167940,540.095213
52.851381,129.954020,541.962043
51.702804,156.768205,542.961015
45.155595,179.500972,543.095443
35.146604,-163.448650,542.841976
23.287099,-150.421635,542.958741
10.522872,-139.606253,544.189923
-2.577641,-129.670886,546.963312
-15.584226,-119.539288,551.185501
-28.039446,-108.079792,556.209793
-39.276542,-93.805395,560.991447
-48.147098,-74.817082,564.378898
-52.838681,-50.213971,565.446607
-51.754114,-23.555762,563.768561
-45.310299,-0.856870,559.555055
-32.571130,24.792090,551.996630
-20.462983,37.156600,545.605326
-7.577587,47.674050,540.254548
5.567316,57.584854,536.835343
18.543860,67.955445,535.664953
30.852596,79.990325,536.444067
41.719446,95.321198,538.409381
49.799646,115.870454,540.623818
53.139751,141.731730,542.302008
50.503796,167.994682,543.064182
42.901924,-170.747363,543.041593
32.308866,-154.893811,542.804670
20.154456,-142.569743,543.137863
7.261496,-132.083913,544.732496
-5.854309,-122.197260,547.899412
-18.770481,-111.848767,552.402279
-30.997032,-99.844518,557.473697
-41.776091,-84.575128,562.011498
-49.792558,-64.154739,564.890108
-53.135981,-38.484166,565.287518
-50.579823,-12.348695,562.930479
-43.081691,8.899924,558.189472
-29.654019,33.139364,550.366014
-17.291089,44.904771,544.127051
-4.298714,55.166387,539.195412
8.844261,65.092125,536.333604
21.707225,75.753545,535.700746
33.744743,88.438398,536.860390
44.069971,104.904154,538.975269
51.157622,126.936764,541.116827
53.040364,153.538560,542.582108
48.990193,178.874967,543.116054
40.465145,-161.342333,542.973246
29.376585,-146.557260,542.803465
16.977066,-134.830349,543.397765
3.986612,-124.598159,545.376133
-9.118804,-114.695414,548.921724
-21.914863,-104.056924,553.656303
-33.866898,-91.407665,558.704375
-44.106852,-75.016652,562.926313
-51.143525,-53.133381,565.243463
-53.050743,-26.720748,564.953014
-49.092313,-1.479674,561.940550
-40.668483,18.312806,556.731516
-26.655175,41.297969,548.743825
-14.080951,52.560953,542.732615
-1.010646,62.638198,538.268719
12.104224,72.644324,535.974210
24.820579,83.675556,535.850606
36.533144,97.120954,537.336864
46.221662,114.846981,539.541659
52.184123,138.322450,541.565273
52.556440,165.253889,542.801392
47.195983,-170.620947,543.123605
37.872177,-152.253750,542.902483
26.364952,-138.409063,542.850880
13.763855,-127.182345,543.746399
0.704776,-117.132515,546.120592
-12.364461,-107.148609,550.020890
-25.008035,-96.141892,554.931272
-36.632953,-82.738682,559.883113
-46.240836,-65.103251,563.720173
-52.168011,-41.796029,565.430863
-52.585500,-15.041933,564.445143
-47.324597,9.020081,560.810724
-38.097263,27.410929,555.200045
-23.587691,49.295333,547.150405
-10.840645,60.144645,541.437333
2.280171,70.105654,537.480777
15.340013,80.259146,535.753362
27.873142,91.745659,536.102754
39.198731,106.070772,537.858273
48.142841,125.167940,540.095213
52.851381,149.954020,541.962043
51.702804,176.768205,542.961015
45.155595,-160.499028,543.095443
35.146604,-143.448650,542.841976
23.287099,-130.421635,542.958741
10.522872,-119.606253,544.189923
-2.577641,-109.670886,546.963312
-15.584226,-99.539288,551.185501
-28.039446,-88.079792,556.209793
-39.276542,-73.805395,560.991447
-48.147098,-54.817082,564.378898
-52.838681,-30.213971,565.446607
-51.754114,-3.555762,563.768561
-45.310299,19.143130,559.555055
-35.391384,36.226471,553.614912
-20.462983,57.156600,545.605326
-7.577587,67.674050,540.254548
5.567316,77.584854,536.835343
18.543860,87.955445,535.664953
30.852596,99.990325,536.444067
41.719446,115.321198,538.409381
49.799646,135.870454,540.623818
53.139751,161.731730,542.302008
50.503796,-172.005318,543.064182
42.901924,-150.747363,543.041593
32.308866,-134.893811,542.804670
20.154456,-122.569743,543.137863
7.261496,-112.083913,544.732496
-5.854309,-102.197260,547.899412
-18.770481,-91.848767,552.402279
-30.997032,-79.844518,557.473697
-41.776091,-64.575128,562.011498
-49.792558,-44.154739,564.890108
-53.135981,-18.484166,565.287518
-50.579823,7.651305,562.930479
-43.081691,28.899924,558.189472
-32.571130,44.792090,551.996630
-17.291089,64.904771,544.127051
-4.298714,75.166387,539.195412
8.844261,85.092125,536.333604
21.707225,95.753545,535.700746
33.744743,108.438398,536.860390
44.069971,124.904154,538.975269
51.157622,146.936764,541.116827
53.040364,173.538560,542.582108
48.990193,-161.125033,543.116054
40.465145,-141.342333,542.973246
29.376585,-126.557260,542.803465
16.977066,-114.830349,543.397765
3.986612,-104.598159,545.376133
-9.118804,-94.695414,548.921724
-21.914863,-84.056924,553.656303
-33.866898,-71.407665,558.704375
-44.106852,-55.016652,562.926313
-51.143525,-33.133381,565.243463
-53.050743,-6.720748,564.953014
-49.092313,18.520326,561.940550
-40.668483,38.312806,556.731516
-29.654019,53.139364,550.366014
-14.080951,72.560953,542.732615
-1.010646,82.638198,538.268719
12.104224,92.644324,535.974210
24.820579,103.675556,535.850606
36.533144,117.120954,537.336864
46.221662,134.846981,539.541659
52.184123,158.322450,541.565273
52.556440,-174.746111,542.801392
47.195983,-150.620947,543.123605
37.872177,-132.253750,542.902483
26.364952,-118.409063,542.850880
13.763855,-107.182345,543.746399
0.704776,-97.132515,546.120592
-12.364461,-87.148609,550.020890
-25.008035,-76.141892,554.931272
-36.632953,-62.738682,559.883113
-46.240836,-45.103251,563.720173
-52.168011,-21.796029,565.430863
-52.585500,4.958067,564.445143
-47.324597,29.020081,560.810724
-38.097263,47.410929,555.200045
-26.655175,61.297969,548.743825
-10.840645,80.144645,541.437333
2.280171,90.105654,537.480777
15.340013,100.259146,535.753362
27.873142,111.745659,536.102754
39.198731,126.070772,537.858273
48.142841,145.167940,540.095213
52.851381,169.954020,541.962043
51.702804,-163.231795,542.961015
45.155595,-140.499028,543.095443
35.146604,-123.448650,542.841976
23.287099,-110.421635,542.958741
10.522872,-99.606253,544.189923
-2.577641,-89.670886,546.963312
-15.584226,-79.539288,551.185501
-28.039446,-68.079792,556.209793
-39.276542,-53.805395,560.991447
-48.147098,-34.817082,564.378898
-52.838681,-10.213971,565.446607
-51.754114,16.444238,563.768561
-45.310299,39.143130,559.555055
-35.391384,56.226471,553.614912
-23.587691,69.295333,547.150405
-7.577587,87.674050,540.254548
5.567316,97.584854,536.835343
18.543860,107.955445,535.664953
30.852596,119.990325,536.444067
41.719446,135.321198,538.409381
49.799646,155.870454,540.623818
53.139751,-178.268270,542.302008
50.503796,-152.005318,543.064182
42.901924,-130.747363,543.041593
32.308866,-114.893811,542.804670
20.154456,-102.569743,543.137863
7.261496,-92.083913,544.732496
-5.854309,-82.197260,547.899412
-18.770481,-71.848767,552.402279
-30.997032,-59.844518,557.473697
-41.776091,-44.575128,562.011498
-49.792558,-24.154739,564.890108
-53.135981,1.515834,565.287518
-50.579823,27.651305,562.930479
-43.081691,48.899924,558.189472
-32.571130,64.792090,551.996630
-20.462983,77.156600,545.605326
-4.298714,95.166387,539.195412
8.844261,105.092125,536.333604
21.707225,115.753545,535.700746
33.744743,128.438398,536.860390
44.069971,144.904154,538.975269
51.157622,166.936764,541.116827
53.040364,-166.461440,542.582108
48.990193,-141.125033,543.116054
40.465145,-121.342333,542.973246
29.376585,-106.557260,542.803465
16.977066,-94.830349,543.397765
3.986612,-84.598159,545.376133
-9.118804,-74.695414,548.921724
-21.914863,-64.056924,553.656303
-33.866898,-51.407665,558.704375
-44.106852,-35.016652,562.926313
-51.143525,-13.133381,565.243463
-53.050743,13.279252,564.953014
-49.092313,38.520326,561.940550
-40.668483,58.312806,556.731516
-29.654019,73.139364,550.366014
-17.291089,84.904771,544.127051
-1.010646,102.638198,538.268719
12.104224,112.644324,535.974210
24.820579,123.675556,535.850606
36.533144,137.120954,537.336864
46.221662,154.846981,539.541659
52.184123,178.322450,541.565273
52.556440,-154.746111,542.801392
47.195983,-130.620947,543.123605
37.872177,-112.253750,542.902483
26.364952,-98.409063,542.850880
13.763855,-87.182345,543.746399
0.704776,-77.132515,546.120592
-12.364461,-67.148609,550.020890
-25.008035,-56.141892,554.931272
-36.632953,-42.738682,559.883113
-46.240836,-25.103251,563.720173
-52.168011,-1.796029,565.430863
-52.585500,24.958067,564.445143
-47.324597,49.020081,560.810724
-38.097263,67.410929,555.200045
-26.655175,81.297969,548.743825
-14.080951,92.560953,542.732615
2.280171,110.105654,537.480777
15.340013,120.259146,535.753362
27.873142,131.745659,536.102754
39.198731,146.070772,537.858273
48.142841,165.167940,540.095213
52.851381,-170.045980,541.962043
51.702804,-143.231795,542.961015
45.155595,-120.499028,543.095443
35.146604,-103.448650,542.841976
23.287099,-90.421635,542.958741
10.522872,-79.606253,544.189923
-2.577641,-69.670886,546.963312
-15.584226,-59.539288,551.185501
-28.039446,-48.079792,556.209793
-39.276542,-33.805395,560.991447
-48.147098,-14.817082,564.378898
-52.838681,9.786029,565.446607
-51.754114,36.444238,563.768561
-45.310299,59.143130,559.555055
-35.391384,76.226471,553.614912
-23.587691,89.295333,547.150405
-10.840645,100.144645,541.437333
5.567316,117.584854,536.835343
18.543860,127.955445,535.664953
30.852596,139.990325,536.444067
41.719446,155.321198,538.409381
49.799646,175.870454,540.623818
53.139751,-158.268270,542.302008
50.503796,-132.005318,543.064182
42.901924,-110.747363,543.041593
32.308866,-94.893811,542.804670
20.154456,-82.569743,543.137863
7.261496,-72.083913,544.732496
-5.854309,-62.197260,547.899412
-18.770481,-51.848767,552.402279
-30.997032,-39.844518,557.473697
-41.776091,-24.575128,562.011498
-49.792558,-4.154739,564.890108
-53.135981,21.515834,565.287518
-50.579823,47.651305,562.930479
-43.081691,68.899924,558.189472
-32.571130,84.792090,551.996630
-20.462983,97.156600,545.605326
-7.577587,107.674050,540.254548
8.844261,125.092125,536.333604
21.707225,135.753545,535.700746
33.744743,148.438398,536.860390
44.069971,164.904154,538.975269
51.157622,-173.063236,541.116827
53.040364,-146.461440,542.582108
48.990193,-121.125033,543.116054
40.465145,-101.342333,542.973246
29.376585,-86.557260,542.803465
16.977066,-74.830349,543.397765
3.986612,-64.598159,545.376133
-9.118804,-54.695414,548.921724
-21.914863,-44.056924,553.656303
-33.866898,-31.407665,558.704375
-44.106852,-15.016652,562.926313
-51.143525,6.866619,565.243463
-53.050743,33.279252,564.953014
-49.092313,58.520326,561.940550
-40.668483,78.312806,556.731516
-29.654019,93.139364,550.366014
-17.291089,104.904771,544.127051
-4.298714,115.166387,539.195412
12.104224,132.644324,535.974210
24.820579,143.675556,535.850606
36.533144,157.120954,537.336864
46.221662,174.846981,539.541659
52.184123,-161.677550,541.565273
52.556440,-134.746111,542.801392
47.195983,-110.620947,543.123605
37.872177,-92.253750,542.902483
26.364952,-78.409063,542.850880
13.763855,-67.182345,543.746399
0.704776,-57.132515,546.120592
-12.364461,-47.148609,550.020890
-25.008035,-36.141892,554.931272
-36.632953,-22.738682,559.883113
-46.240836,-5.103251,563.720173
-52.168011,18.203971,565.430863
-52.585500,44.958067,564.445143
-47.324597,69.020081,560.810724
-38.097263,87.410929,555.200045
-26.655175,101.297969,548.743825
-14.080951,112.560953,542.732615
-1.010646,122.638198,538.268719
15.340013,140.259146,535.753362
27.873142,151.745659,536.102754
39.198731,166.070772,537.858273
48.142841,-174.832060,540.095213
52.851381,-150.045980,541.962043
51.702804,-123.231795,542.961015
45.155595,-100.499028,543.095443
35.146604,-83.448650,542.841976
23.287099,-70.421635,542.958741
10.522872,-59.606253,544.189923
-2.577641,-49.670886,546.963312
-15.584226,-39.539288,551.185501
-28.039446,-28.079792,556.209793
-39.276542,-13.805395,560.991447
-48.147098,5.182918,564.378898
-52.838681,29.786029,565.446607
-51.754114,56.444238,563.768561
-45.310299,79.143130,559.555055
-35.391384,96.226471,553.614912
-23.587691,109.295333,547.150405
-10.840645,120.144645,541.437333
2.280171,130.105654,537.480777
18.543860,147.955445,535.664953
30.852596,159.990325,536.444067
41.719446,175.321198,538.409381
49.799646,-164.129546,540.623818
53.139751,-138.268270,542.302008
50.503796,-112.005318,543.064182
42.901924,-90.747363,543.041593
32.308866,-74.893811,542.804670
20.154456,-62.569743,543.137863
7.261496,-52.083913,544.732496
-5.854309,-42.197260,547.899412
-18.770481,-31.848767,552.402279
-30.997032,-19.844518,557.473697
-41.776091,-4.575128,562.011498
-49.792558,15.845261,564.890108
-53.135981,41.515834,565.287518
-50.579823,67.651305,562.930479
-43.081691,88.899924,558.189472
-32.571130,104.792090,551.996630
-20.462983,117.156600,545.605326
-7.577587,127.674050,540.254548
5.567316,137.584854,536.835343
21.707225,155.753545,535.700746
33.744743,168.438398,536.860390
44.069971,-175.095846,538.975269
51.157622,-153.063236,541.116827
53.040364,-126.461440,542.582108
48.990193,-101.125033,543.116054
40.465145,-81.342333,542.973246
29.376585,-66.557260,542.803465
16.977066,-54.830349,543.397765
3.986612,-44.598159,545.376133
-9.118804,-34.695414,548.921724
-21.914863,-24.056924,553.656303
-33.866898,-11.407665,558.704375
-44.106852,4.983348,562.926313
-51.143525,26.866619,565.243463
-53.050743,53.279252,564.953014
-49.092313,78.520326,561.940550
-40.668483,98.312806,556.731516
-29.654019,113.139364,550.366014
-17.291089,124.904771,544.127051
-4.298714,135.166387,539.195412
8.844261,145.092125,536.333604
24.820579,163.675556,535.850606
36.533144,177.120954,537.336864
46.221662,-165.153019,539.541659
52.184123,-141.677550,541.565273
52.556440,-114.746111,542.801392
47.195983,-90.620947,543.123605
37.872177,-72.253750,542.902483
26.364952,-58.409063,542.850880
13.763855,-47.182345,543.746399
0.704776,-37.132515,546.120592
-12.364461,-27.148609,550.020890
-25.008035,-16.141892,554.931272
-36.632953,-2.738682,559.883113
-46.240836,14.896749,563.720173
-52.168011,38.203971,565.430863
-52.585500,64.958067,564.445143
-47.324597,89.020081,560.810724
-38.097263,107.410929,555.200045
-26.655175,121.297969,548.743825
-14.080951,132.560953,542.732615
-1.010646,142.638198,538.268719
12.104224,152.644324,535.974210
27.873142,171.745659,536.102754
39.198731,-173.929228,537.858273
48.142841,-154.832060,540.095213
52.851381,-130.045980,541.962043
51.702804,-103.231795,542.961015
45.155595,-80.499028,543.095443
35.146604,-63.448650,542.841976
23.287099,-50.421635,542.958741
10.522872,-39.606253,544.189923
-2.577641,-29.670886,546.963312
-15.584226,-19.539288,551.185501
-28.039446,-8.079792,556.209793
-39.276542,6.194605,560.991447
-48.147098,25.182918,564.378898
-52.838681,49.786029,565.446607
-51.754114,76.444238,563.768561
-45.310299,99.143130,559.555055
-35.391384,116.226471,553.614912
-23.587691,129.295333,547.150405
-10.840645,140.144645,541.437333
2.280171,150.105654,537.480777
15.340013,160.259146,535.753362
30.852596,179.990325,536.444067
41.719446,-164.678802,538.409381
49.799646,-144.129546,540.623818
53.139751,-118.268270,542.302008
50.503796,-92.005318,543.064182
42.901924,-70.747363,543.041593
32.308866,-54.893811,542.804670
20.154456,-42.569743,543.137863
7.261496,-32.083913,544.732496
-5.854309,-22.197260,547.899412
-18.770481,-11.848767,552.402279
-30.997032,0.155482,557.473697
-41.776091,15.424872,562.011498
-49.792558,35.845261,564.890108
-53.135981,61.515834,565.287518
-50.579823,87.651305,562.930479
-43.081691,108.899924,558.189472
-32.571130,124.792090,551.996630
-20.462983,137.156600,545.605326
-7.577587,147.674050,540.254548
5.567316,157.584854,536.835343
18.543860,167.955445,535.664953
33.744743,-171.561602,536.860390
44.069971,-155.095846,538.975269
51.157622,-133.063236,541.116827
53.040364,-106.461440,542.582108
48.990193,-81.125033,543.116054
40.465145,-61.342333,542.973246
29.376585,-46.557260,542.803465
16.977066,-34.830349,543.397765
3.986612,-24.598159,545.376133
-9.118804,-14.695414,548.921724
-21.914863,-4.056924,553.656303
-33.866898,8.592335,558.704375
-44.106852,24.983348,562.926313
-51.143525,46.866619,565.243463
-53.050743,73.279252,564.953014
-49.092313,98.520326,561.940550
-40.668483,118.312806,556.731516
-29.654019,133.139364,550.366014
-17.291089,144.904771,544.127051
-4.298714,155.166387,539.195412
8.844261,165.092125,536.333604
21.707225,175.753545,535.700746
36.533144,-162.879046,537.336864
46.221662,-145.153019,539.541659
52.184123,-121.677550,541.565273
52.556440,-94.746111,542.801392
47.195983,-70.620947,543.123605
37.872177,-52.253750,542.902483
26.364952,-38.409063,542.850880
13.763855,-27.182345,543.746399
0.704776,-17.132515,546.120592
-12.364461,-7.148609,550.020890
-25.008035,3.858108,554.931272
-36.632953,17.261318,559.883113
-46.240836,34.896749,563.720173
-52.168011,58.203971,565.430863
-52.585500,84.958067,564.445143
-47.324597,109.020081,560.810724
-38.097263,127.410929,555.200045
-26.655175,141.297969,548.743825
-14.080951,152.560953,542.732615
-1.010646,162.638198,538.268719
12.104224,172.644324,535.974210
24.820579,-176.324444,535.850606
39.198731,-153.929228,537.858273
48.142841,-134.832060,540.095213
52.851381,-110.045980,541.962043
51.702804,-83.231795,542.961015
45.155595,-60.499028,543.095443
35.146604,-43.448650,542.841976
23.287099,-30.421635,542.958741
10.522872,-19.606253,544.189923
-2.577641,-9.670886,546.963312
-15.584226,0.460712,551.185501
-28.039446,11.920208,556.209793
-39.276542,26.194605,560.991447
-48.147098,45.182918,564.378898
-52.838681,69.786029,565.446607
-51.754114,96.444238,563.768561
-45.310299,119.143130,559.555055
-35.391384,136.226471,553.614912
-23.587691,149.295333,547.150405
-10.840645,160.144645,541.437333
2.280171,170.105654,537.480777
15.340013,-179.740854,535.753362
27.873142,-168.254341,536.102754
41.719446,-144.678802,538.409381
49.799646,-124.129546,540.623818
53.139751,-98.268270,542.302008
50.503796,-72.005318,543.064182
42.901924,-50.747363,543.041593
32.308866,-34.893811,542.804670
20.154456,-22.569743,543.137863
7.261496,-12.083913,544.732496
-5.854309,-2.197260,547.899412
-18.770481,8.151233,552.402279
-30.997032,20.155482,557.473697
-41.776091,35.424872,562.011498
-49.792558,55.845261,564.890108
-53.135981,81.515834,565.287518
-50.579823,107.651305,562.930479
-43.081691,128.899924,558.189472
-32.571130,144.792090,551.996630
-20.462983,157.156600,545.605326
-7.577587,167.674050,540.254548
5.567316,177.584854,536.835343
18.543860,-172.044555,535.664953
30.852596,-160.009675,536.444067
44.069971,-135.095846,538.975269
51.157622,-113.063236,541.116827
53.040364,-86.461440,542.582108
48.990193,-61.125033,543.116054
40.465145,-41.342333,542.973246
29.376585,-26.557260,542.803465
16.977066,-14.830349,543.397765
3.986612,-4.598159,545.376133
-9.118804,5.304586,548.921724
-21.914863,15.943076,553.656303
-33.866898,28.592335,558.704375
-44.106852,44.983348,562.926313
-51.143525,66.866619,565.243463
-53.050743,93.279252,564.953014
-49.092313,118.520326,561.940550
-40.668483,138.312806,556.731516
-29.654019,153.139364,550.366014
-17.291089,164.904771,544.127051
-4.298714,175.166387,539.195412
8.844261,-174.907875,536.333604
21.707225,-164.246455,535.700746
33.744743,-151.561602,536.860390
46.221662,-125.153019,539.541659
52.184123,-101.677550,541.565273
52.556440,-74.746111,542.801392
47.195983,-50.620947,543.123605
37.872177,-32.253750,542.902483
26.364952,-18.409063,542.850880
13.763855,-7.182345,543.746399
0.704776,2.867485,546.120592
-12.364461,12.851391,550.020890
-25.008035,23.858108,554.931272
-36.632953,37.261318,559.883113
-46.240836,54.896749,563.720173
-52.168011,78.203971,565.430863
-52.585500,104.958067,564.445143
-47.324597,129.020081,560.810724
-38.097263,147.410929,555.200045
-26.655175,161.297969,548.743825
-14.080951,172.560953,542.732615
-1.010646,-177.361802,538.268719
12.104224,-167.355676,535.974210
24.820579,-156.324444,535.850606
36.533144,-142.879046,537.336864
