41.867601,-33.092612,543.013750
31.049831,-17.717617,542.799673
18.783573,-5.664582,543.240666
5.844721,4.702400,544.999362
-7.269729,14.588076,548.332484
-20.137675,25.052892,552.941961
-32.251353,37.323618,558.011904
-42.807608,53.063164,562.421430
-50.415628,74.116801,565.062766
-53.146156,100.153756,565.163724
-49.972280,125.943012,562.519260
-42.057784,146.557799,557.567773
-31.318953,161.972951,551.290159
-19.094774,174.065639,544.955309
-6.159355,-175.536724,539.779579
6.987905,-165.627439,536.599987
19.919130,-155.140245,535.665439
32.116549,-142.836915,536.615858
42.759742,-127.030454,538.653524
50.426333,-105.839033,540.842492
53.144408,-79.610809,542.431180
49.885058,-53.707775,543.093143
39.360084,-23.828546,542.942847
28.081455,-9.466165,542.818018
15.589633,2.032751,543.538101
2.566037,12.177452,545.686794
-10.526904,22.107293,549.389310
-23.261094,32.895280,554.207081
-35.078385,45.857121,559.222332
-45.056784,62.772450,563.285667
-51.628955,85.281918,565.345073
-52.895370,111.894770,564.753708
-48.359296,136.654456,561.467132
-39.573082,155.830561,556.075588
-28.364721,170.235016,549.660658
-15.905278,-178.228511,543.511354
-2.875701,-168.055277,538.776882
10.258350,-158.102825,536.160233
23.062077,-147.291320,535.752016
34.965937,-134.291241,537.060128
45.027876,-117.294613,539.221383
51.644574,-94.627280,541.317246
52.877406,-67.829124,542.684977
48.245696,-42.988244,543.124894
36.706994,-14.866822,542.874958
25.039644,-1.390829,542.890205
12.363453,9.647309,543.927163
-0.716827,19.639394,546.474222
-13.762245,29.678954,550.518290
-26.328900,40.870934,555.485729
-37.793866,54.636537,560.372776
-47.096113,72.845779,564.022605
-52.503206,96.735611,565.458654
-52.269275,123.502376,564.172024
-46.480724,146.990817,560.280950
-36.940873,164.802301,554.518386
-25.334654,178.320572,548.048469
-12.681128,-170.606027,542.158098
0.414345,-160.587325,537.909673
13.508758,-150.525742,535.861475
26.150514,-139.308282,535.947745
37.703667,-125.497049,537.557986
47.083797,-107.189567,539.783835
52.518524,-83.124429,541.744120
52.230952,-56.188516,542.878200
46.340716,-32.650106,543.115861
33.930518,-6.174118,542.822911
21.936752,6.534947,543.027658
9.112768,17.197962,544.413168
-3.997533,27.104246,547.358078
-16.968473,37.321064,551.707180
-29.329924,49.004680,556.760137
-40.377915,63.694435,561.444981
-48.893588,83.295480,564.618813
-53.014045,108.394813,565.398891
-51.286105,134.876762,563.424447
-44.369797,156.953165,558.975609
-34.183149,173.505654,552.916347
-22.241077,-173.743951,546.473642
-9.430091,-163.048011,540.910034
3.704363,-153.116766,537.183160
16.731710,-142.878032,535.698896
29.173035,-131.165979,536.240230
40.309417,-116.421132,538.094165
48.894737,-96.702715,540.328041
53.023549,-71.416051,542.116845
51.224326,-44.789787,543.012900
44.204078,-22.690793,543.075292
31.049831,2.282383,542.799673
18.783573,14.335418,543.240666
5.844721,24.702400,544.999362
-7.269729,34.588076,548.332484
-20.137675,45.052892,552.941961
-32.251353,57.323618,558.011904
-42.807608,73.063164,562.421430
-50.415628,94.116801,565.062766
-53.146156,120.153756,565.163724
-49.972280,145.943012,562.519260
-42.057784,166.557799,557.567773
-31.318953,-178.027049,551.290159
-19.094774,-165.934361,544.955309
-6.159355,-155.536724,539.779579
6.987905,-145.627439,536.599987
19.919130,-135.140245,535.665439
32.116549,-122.836915,536.615858
42.759742,-107.030454,538.653524
50.426333,-85.839033,540.842492
53.144408,-59.610809,542.431180
49.885058,-33.707775,543.093143
41.867601,-13.092612,543.013750
28.081455,10.533835,542.818018
15.589633,22.032751,543.538101
2.566037,32.177452,545.686794
-10.526904,42.107293,549.389310
-23.261094,52.895280,554.207081
-35.078385,65.857121,559.222332
-45.056784,82.772450,563.285667
-51.628955,105.281918,565.345073
-52.895370,131.894770,564.753708
-48.359296,156.654456,561.467132
-39.573082,175.830561,556.075588
-28.364721,-169.764984,549.660658
-15.905278,-158.228511,543.511354
-2.875701,-148.055277,538.776882
10.258350,-138.102825,536.160233
23.062077,-127.291320,535.752016
34.965937,-114.291241,537.060128
45.027876,-97.294613,539.221383
51.644574,-74.627280,541.317246
52.877406,-47.829124,542.684977
48.245696,-22.988244,543.124894
39.360084,-3.828546,542.942847
25.039644,18.609171,542.890205
12.363453,29.647309,543.927163
-0.716827,39.639394,546.474222
-13.762245,49.678954,550.518290
-26.328900,60.870934,555.485729
-37.793866,74.636537,560.372776
-47.096113,92.845779,564.022605
-52.503206,116.735611,565.458654
-52.269275,143.502376,564.172024
-46.480724,166.990817,560.280950
-36.940873,-175.197699,554.518386
-25.334654,-161.679428,548.048469
-12.681128,-150.606027,542.158098
0.414345,-140.587325,537.909673
13.508758,-130.525742,535.861475
26.150514,-119.308282,535.947745
37.703667,-105.497049,537.557986
47.083797,-87.189567,539.783835
52.518524,-63.124429,541.744120
52.230952,-36.188516,542.878200
46.340716,-12.650106,543.115861
36.706994,5.133178,542.874958
21.936752,26.534947,543.027658
9.112768,37.197962,544.413168
-3.997533,47.104246,547.358078
-16.968473,57.321064,551.707180
-29.329924,69.004680,556.760137
-40.377915,83.694435,561.444981
-48.893588,103.295480,564.618813
-53.014045,128.394813,565.398891
-51.286105,154.876762,563.424447
-44.369797,176.953165,558.975609
-34.183149,-166.494346,552.916347
-22.241077,-153.743951,546.473642
-9.430091,-143.048011,540.910034
3.704363,-133.116766,537.183160
16.731710,-122.878032,535.698896
29.173035,-111.165979,536.240230
40.309417,-96.421132,538.094165
48.894737,-76.702715,540.328041
53.023549,-51.416051,542.116845
51.224326,-24.789787,543.012900
44.204078,-2.690793,543.075292
33.930518,13.825882,542.822911
18.783573,34.335418,543.240666
5.844721,44.702400,544.999362
-7.269729,54.588076,548.332484
-20.137675,65.052892,552.941961
-32.251353,77.323618,558.011904
-42.807608,93.063164,562.421430
-50.415628,114.116801,565.062766
-53.146156,140.153756,565.163724
-49.972280,165.943012,562.519260
-42.057784,-173.442201,557.567773
-31.318953,-158.027049,551.290159
-19.094774,-145.934361,544.955309
-6.159355,-135.536724,539.779579
6.987905,-125.627439,536.599987
19.919130,-115.140245,535.665439
32.116549,-102.836915,536.615858
42.759742,-87.030454,538.653524
50.426333,-65.839033,540.842492
53.144408,-39.610809,542.431180
49.885058,-13.707775,543.093143
41.867601,6.907388,543.013750
31.049831,22.282383,542.799673
15.589633,42.032751,543.538101
2.566037,52.177452,545.686794
-10.526904,62.107293,549.389310
-23.261094,72.895280,554.207081
-35.078385,85.857121,559.222332
-45.056784,102.772450,563.285667
-51.628955,125.281918,565.345073
-52.895370,151.894770,564.753708
-48.359296,176.654456,561.467132
-39.573082,-164.169439,556.075588
-28.364721,-149.764984,549.660658
-15.905278,-138.228511,543.511354
-2.875701,-128.055277,538.776882
10.258350,-118.102825,536.160233
23.062077,-107.291320,535.752016
34.965937,-94.291241,537.060128
45.027876,-77.294613,539.221383
51.644574,-54.627280,541.317246
52.877406,-27.829124,542.684977
48.245696,-2.988244,543.124894
39.360084,16.171454,542.942847
28.081455,30.533835,542.818018
12.363453,49.647309,543.927163
-0.716827,59.639394,546.474222
-13.762245,69.678954,550.518290
-26.328900,80.870934,555.485729
-37.793866,94.636537,560.372776
-47.096113,112.845779,564.022605
-52.503206,136.735611,565.458654
-52.269275,163.502376,564.172024
-46.480724,-173.009183,560.280950
-36.940873,-155.197699,554.518386
-25.334654,-141.679428,548.048469
-12.681128,-130.606027,542.158098
0.414345,-120.587325,537.909673
13.508758,-110.525742,535.861475
26.150514,-99.308282,535.947745
37.703667,-85.497049,537.557986
47.083797,-67.189567,539.783835
52.518524,-43.124429,541.744120
52.230952,-16.188516,542.878200
46.340716,7.349894,543.115861
36.706994,25.133178,542.874958
25.039644,38.609171,542.890205
9.112768,57.197962,544.413168
-3.997533,67.104246,547.358078
-16.968473,77.321064,551.707180
-29.329924,89.004680,556.760137
-40.377915,103.694435,561.444981
-48.893588,123.295480,564.618813
-53.014045,148.394813,565.398891
-51.286105,174.876762,563.424447
-44.369797,-163.046835,558.975609
-34.183149,-146.494346,552.916347
-22.241077,-133.743951,546.473642
-9.430091,-123.048011,540.910034
3.704363,-113.116766,537.183160
16.731710,-102.878032,535.698896
29.173035,-91.165979,536.240230
40.309417,-76.421132,538.094165
48.894737,-56.702715,540.328041
53.023549,-31.416051,542.116845
51.224326,-4.789787,543.012900
44.204078,17.309207,543.075292
33.930518,33.825882,542.822911
21.936752,46.534947,543.027658
5.844721,64.702400,544.999362
-7.269729,74.588076,548.332484
-20.137675,85.052892,552.941961
-32.251353,97.323618,558.011904
-42.807608,113.063164,562.421430
-50.415628,134.116801,565.062766
-53.146156,160.153756,565.163724
-49.972280,-174.056988,562.519260
-42.057784,-153.442201,557.567773
-31.318953,-138.027049,551.290159
-19.094774,-125.934361,544.955309
-6.159355,-115.536724,539.779579
6.987905,-105.627439,536.599987
19.919130,-95.140245,535.665439
32.116549,-82.836915,536.615858
42.759742,-67.030454,538.653524
50.426333,-45.839033,540.842492
53.144408,-19.610809,542.431180
49.885058,6.292225,543.093143
41.867601,26.907388,543.013750
31.049831,42.282383,542.799673
18.783573,54.335418,543.240666
2.566037,72.177452,545.686794
-10.526904,82.107293,549.389310
-23.261094,92.895280,554.207081
-35.078385,105.857121,559.222332
-45.056784,122.772450,563.285667
-51.628955,145.281918,565.345073
-52.895370,171.894770,564.753708
-48.359296,-163.345544,561.467132
-39.573082,-144.169439,556.075588
-28.364721,-129.764984,549.660658
-15.905278,-118.228511,543.511354
-2.875701,-108.055277,538.776882
10.258350,-98.102825,536.160233
23.062077,-87.291320,535.752016
34.965937,-74.291241,537.060128
45.027876,-57.294613,539.221383
51.644574,-34.627280,541.317246
52.877406,-7.829124,542.684977
48.245696,17.011756,543.124894
39.360084,36.171454,542.942847
28.081455,50.533835,542.818018
15.589633,62.032751,543.538101
-0.716827,79.639394,546.474222
-13.762245,89.678954,550.518290
-26.328900,100.870934,555.485729
-37.793866,114.636537,560.372776
-47.096113,132.845779,564.022605
-52.503206,156.735611,565.458654
-52.269275,-176.497624,564.172024
-46.480724,-153.009183,560.280950
-36.940873,-135.197699,554.518386
-25.334654,-121.679428,548.048469
-12.681128,-110.606027,542.158098
0.414345,-100.587325,537.909673
13.508758,-90.525742,535.861475
26.150514,-79.308282,535.947745
37.703667,-65.497049,537.557986
47.083797,-47.189567,539.783835
52.518524,-23.124429,541.744120
52.230952,3.811484,542.878200
46.340716,27.349894,543.115861
36.706994,45.133178,542.874958
25.039644,58.609171,542.890205
12.363453,69.647309,543.927163
-3.997533,87.104246,547.358078
-16.968473,97.321064,551.707180
-29.329924,109.004680,556.760137
-40.377915,123.694435,561.444981
-48.893588,143.295480,564.618813
-53.014045,168.394813,565.398891
-51.286105,-165.123238,563.424447
-44.369797,-143.046835,558.975609
-34.183149,-126.494346,552.916347
-22.241077,-113.743951,546.473642
-9.430091,-103.048011,540.910034
3.704363,-93.116766,537.183160
16.731710,-82.878032,535.698896
29.173035,-71.165979,536.240230
40.309417,-56.421132,538.094165
48.894737,-36.702715,540.328041
53.023549,-11.416051,542.116845
51.224326,15.210213,543.012900
44.204078,37.309207,543.075292
33.930518,53.825882,542.822911
21.936752,66.534947,543.027658
9.112768,77.197962,544.413168
-7.269729,94.588076,548.332484
-20.137675,105.052892,552.941961
-32.251353,117.323618,558.011904
-42.807608,133.063164,562.421430
-50.415628,154.116801,565.062766
-53.146156,-179.846244,565.163724
-49.972280,-154.056988,562.519260
-42.057784,-133.442201,557.567773
-31.318953,-118.027049,551.290159
-19.094774,-105.934361,544.955309
-6.159355,-95.536724,539.779579
6.987905,-85.627439,536.599987
19.919130,-75.140245,535.665439
32.116549,-62.836915,536.615858
42.759742,-47.030454,538.653524
50.426333,-25.839033,540.842492
53.144408,0.389191,542.431180
49.885058,26.292225,543.093143
41.867601,46.907388,543.013750
31.049831,62.282383,542.799673
18.783573,74.335418,543.240666
5.844721,84.702400,544.999362
-10.526904,102.107293,549.389310
-23.261094,112.895280,554.207081
-35.078385,125.857121,559.222332
-45.056784,142.772450,563.285667
-51.628955,165.281918,565.345073
-52.895370,-168.105230,564.753708
-48.359296,-143.345544,561.467132
-39.573082,-124.169439,556.075588
-28.364721,-109.764984,549.660658
-15.905278,-98.228511,543.511354
-2.875701,-88.055277,538.776882
10.258350,-78.102825,536.160233
23.062077,-67.291320,535.752016
34.965937,-54.291241,537.060128
45.027876,-37.294613,539.221383
51.644574,-14.627280,541.317246
52.877406,12.170876,542.684977
48.245696,37.011756,543.124894
39.360084,56.171454,542.942847
28.081455,70.533835,542.818018
15.589633,82.032751,543.538101
2.566037,92.177452,545.686794
-13.762245,109.678954,550.518290
-26.328900,120.870934,555.485729
-37.793866,134.636537,560.372776
-47.096113,152.845779,564.022605
-52.503206,176.735611,565.458654
-52.269275,-156.497624,564.172024
-46.480724,-133.009183,560.280950
-36.940873,-115.197699,554.518386
-25.334654,-101.679428,548.048469
-12.681128,-90.606027,542.158098
0.414345,-80.587325,537.909673
13.508758,-70.525742,535.861475
26.150514,-59.308282,535.947745
37.703667,-45.497049,537.557986
47.083797,-27.189567,539.783835
52.518524,-3.124429,541.744120
52.230952,23.811484,542.878200
46.340716,47.349894,543.115861
36.706994,65.133178,542.874958
25.039644,78.609171,542.890205
12.363453,89.647309,543.927163
-0.716827,99.639394,546.474222
-16.968473,117.321064,551.707180
-29.329924,129.004680,556.760137
-40.377915,143.694435,561.444981
-48.893588,163.295480,564.618813
-53.014045,-171.605187,565.398891
-51.286105,-145.123238,563.424447
-44.369797,-123.046835,558.975609
-34.183149,-106.494346,552.916347
-22.241077,-93.743951,546.473642
-9.430091,-83.048011,540.910034
3.704363,-73.116766,537.183160
16.731710,-62.878032,535.698896
29.173035,-51.165979,536.240230
40.309417,-36.421132,538.094165
48.894737,-16.702715,540.328041
53.023549,8.583949,542.116845
51.224326,35.210213,543.012900
44.204078,57.309207,543.075292
33.930518,73.825882,542.822911
21.936752,86.534947,543.027658
9.112768,97.197962,544.413168
-3.997533,107.104246,547.358078
-20.137675,125.052892,552.941961
-32.251353,137.323618,558.011904
-42.807608,153.063164,562.421430
-50.415628,174.116801,565.062766
-53.146156,-159.846244,565.163724
-49.972280,-134.056988,562.519260
-42.057784,-113.442201,557.567773
-31.318953,-98.027049,551.290159
-19.094774,-85.934361,544.955309
-6.159355,-75.536724,539.779579
6.987905,-65.627439,536.599987
19.919130,-55.140245,535.665439
32.116549,-42.836915,536.615858
42.759742,-27.030454,538.653524
50.426333,-5.839033,540.842492
53.144408,20.389191,542.431180
49.885058,46.292225,543.093143
41.867601,66.907388,543.013750
31.049831,82.282383,542.799673
18.783573,94.335418,543.240666
5.844721,104.702400,544.999362
-7.269729,114.588076,548.332484
-23.261094,132.895280,554.207081
-35.078385,145.857121,559.222332
-45.056784,162.772450,563.285667
-51.628955,-174.718082,565.345073
-52.895370,-148.105230,564.753708
-48.359296,-123.345544,561.467132
-39.573082,-104.169439,556.075588
-28.364721,-89.764984,549.660658
-15.905278,-78.228511,543.511354
-2.875701,-68.055277,538.776882
10.258350,-58.102825,536.160233
23.062077,-47.291320,535.752016
34.965937,-34.291241,537.060128
45.027876,-17.294613,539.221383
51.644574,5.372720,541.317246
52.877406,32.170876,542.684977
48.245696,57.011756,543.124894
39.360084,76.171454,542.942847
28.081455,90.533835,542.818018
15.589633,102.032751,543.538101
2.566037,112.177452,545.686794
-10.526904,122.107293,549.389310
-26.328900,140.870934,555.485729
-37.793866,154.636537,560.372776
-47.096113,172.845779,564.022605
-52.503206,-163.264389,565.458654
-52.269275,-136.497624,564.172024
-46.480724,-113.009183,560.280950
-36.940873,-95.197699,554.518386
-25.334654,-81.679428,548.048469
-12.681128,-70.606027,542.158098
0.414345,-60.587325,537.909673
13.508758,-50.525742,535.861475
26.150514,-39.308282,535.947745
37.703667,-25.497049,537.557986
47.083797,-7.189567,539.783835
52.518524,16.875571,541.744120
52.230952,43.811484,542.878200
46.340716,67.349894,543.115861
36.706994,85.133178,542.874958
25.039644,98.609171,542.890205
12.363453,109.647309,543.927163
-0.716827,119.639394,546.474222
-13.762245,129.678954,550.518290
-29.329924,149.004680,556.760137
-40.377915,163.694435,561.444981
-48.893588,-176.704520,564.618813
-53.014045,-151.605187,565.398891
-51.286105,-125.123238,563.424447
-44.369797,-103.046835,558.975609
-34.183149,-86.494346,552.916347
-22.241077,-73.743951,546.473642
-9.430091,-63.048011,540.910034
3.704363,-53.116766,537.183160
16.731710,-42.878032,535.698896
29.173035,-31.165979,536.240230
40.309417,-16.421132,538.094165
48.894737,3.297285,540.328041
53.023549,28.583949,542.116845
51.224326,55.210213,543.012900
44.204078,77.309207,543.075292
33.930518,93.825882,542.822911
21.936752,106.534947,543.027658
9.112768,117.197962,544.413168
-3.997533,127.104246,547.358078
-16.968473,137.321064,551.707180
-32.251353,157.323618,558.011904
-42.807608,173.063164,562.421430
-50.415628,-165.883199,565.062766
-53.146156,-139.846244,565.163724
-49.972280,-114.056988,562.519260
-42.057784,-93.442201,557.567773
-31.318953,-78.027049,551.290159
-19.094774,-65.934361,544.955309
-6.159355,-55.536724,539.779579
6.987905,-45.627439,536.599987
19.919130,-35.140245,535.665439
32.116549,-22.836915,536.615858
42.759742,-7.030454,538.653524
50.426333,14.160967,540.842492
53.144408,40.389191,542.431180
49.885058,66.292225,543.093143
41.867601,86.907388,543.013750
31.049831,102.282383,542.799673
18.783573,114.335418,543.240666
5.844721,124.702400,544.999362
-7.269729,134.588076,548.332484
-20.137675,145.052892,552.941961
-35.078385,165.857121,559.222332
-45.056784,-177.227550,563.285667
-51.628955,-154.718082,565.345073
-52.895370,-128.105230,564.753708
-48.359296,-103.345544,561.467132
-39.573082,-84.169439,556.075588
-28.364721,-69.764984,549.660658
-15.905278,-58.228511,543.511354
-2.875701,-48.055277,538.776882
10.258350,-38.102825,536.160233
23.062077,-27.291320,535.752016
34.965937,-14.291241,537.060128
45.027876,2.705387,539.221383
51.644574,25.372720,541.317246
52.877406,52.170876,542.684977
48.245696,77.011756,543.124894
39.360084,96.171454,542.942847
28.081455,110.533835,542.818018
15.589633,122.032751,543.538101
2.566037,132.177452,545.686794
-10.526904,142.107293,549.389310
-23.261094,152.895280,554.207081
-37.793866,174.636537,560.372776
-47.096113,-167.154221,564.022605
-52.503206,-143.264389,565.458654
-52.269275,-116.497624,564.172024
-46.480724,-93.009183,560.280950
-36.940873,-75.197699,554.518386
-25.334654,-61.679428,548.048469
-12.681128,-50.606027,542.158098
0.414345,-40.587325,537.909673
13.508758,-30.525742,535.861475
26.150514,-19.308282,535.947745
37.703667,-5.497049,537.557986
47.083797,12.810433,539.783835
52.518524,36.875571,541.744120
52.230952,63.811484,542.878200
46.340716,87.349894,543.115861
36.706994,105.133178,542.874958
25.039644,118.609171,542.890205
12.363453,129.647309,543.927163
-0.716827,139.639394,546.474222
-13.762245,149.678954,550.518290
-26.328900,160.870934,555.485729
-40.377915,-176.305565,561.444981
-48.893588,-156.704520,564.618813
-53.014045,-131.605187,565.398891
-51.286105,-105.123238,563.424447
-44.369797,-83.046835,558.975609
-34.183149,-66.494346,552.916347
-22.241077,-53.743951,546.473642
-9.430091,-43.048011,540.910034
3.704363,-33.116766,537.183160
16.731710,-22.878032,535.698896
29.173035,-11.165979,536.240230
40.309417,3.578868,538.094165
48.894737,23.297285,540.328041
53.023549,48.583949,542.116845
51.224326,75.210213,543.012900
44.204078,97.309207,543.075292
33.930518,113.825882,542.822911
21.936752,126.534947,543.027658
9.112768,137.197962,544.413168
-3.997533,147.104246,547.358078
-16.968473,157.321064,551.707180
-29.329924,169.004680,556.760137
-42.807608,-166.936836,562.421430
-50.415628,-145.883199,565.062766
-53.146156,-119.846244,565.163724
-49.972280,-94.056988,562.519260
-42.057784,-73.442201,557.567773
-31.318953,-58.027049,551.290159
-19.094774,-45.934361,544.955309
-6.159355,-35.536724,539.779579
6.987905,-25.627439,536.599987
19.919130,-15.140245,535.665439
32.116549,-2.836915,536.615858
42.759742,12.969546,538.653524
50.426333,34.160967,540.842492
53.144408,60.389191,542.431180
49.885058,86.292225,543.093143
41.867601,106.907388,543.013750
31.049831,122.282383,542.799673
18.783573,134.335418,543.240666
5.844721,144.702400,544.999362
-7.269729,154.588076,548.332484
-20.137675,165.052892,552.941961
-32.251353,177.323618,558.011904
-45.056784,-157.227550,563.285667
-51.628955,-134.718082,565.345073
-52.895370,-108.105230,564.753708
-48.359296,-83.345544,561.467132
-39.573082,-64.169439,556.075588
-28.364721,-49.764984,549.660658
-15.905278,-38.228511,543.511354
-2.875701,-28.055277,538.776882
10.258350,-18.102825,536.160233
23.062077,-7.291320,535.752016
34.965937,5.708759,537.060128
45.027876,22.705387,539.221383
51.644574,45.372720,541.317246
52.877406,72.170876,542.684977
48.245696,97.011756,543.124894
39.360084,116.171454,542.942847
28.081455,130.533835,542.818018
15.589633,142.032751,543.538101
2.566037,152.177452,545.686794
-10.526904,162.107293,549.389310
-23.261094,172.895280,554.207081
-35.078385,-174.142879,559.222332
-47.096113,-147.154221,564.022605
-52.503206,-123.264389,565.458654
-52.269275,-96.497624,564.172024
-46.480724,-73.009183,560.280950
-36.940873,-55.197699,554.518386
-25.334654,-41.679428,548.048469
-12.681128,-30.606027,542.158098
0.414345,-20.587325,537.909673
13.508758,-10.525742,535.861475
26.150514,0.691718,535.947745
37.703667,14.502951,537.557986
47.083797,32.810433,539.783835
52.518524,56.875571,541.744120
52.230952,83.811484,542.878200
46.340716,107.349894,543.115861
36.706994,125.133178,542.874958
25.039644,138.609171,542.890205
12.363453,149.647309,543.927163
-0.716827,159.639394,546.474222
-13.762245,169.678954,550.518290
-26.328900,-179.129066,555.485729
-37.793866,-165.363463,560.372776
-48.893588,-136.704520,564.618813
-53.014045,-111.605187,565.398891
-51.286105,-85.123238,563.424447
-44.369797,-63.046835,558.975609
-34.183149,-46.494346,552.916347
-22.241077,-33.743951,546.473642
-9.430091,-23.048011,540.910034
3.704363,-13.116766,537.183160
16.731710,-2.878032,535.698896
29.173035,8.834021,536.240230
40.309417,23.578868,538.094165
48.894737,43.297285,540.328041
53.023549,68.583949,542.116845
51.224326,95.210213,543.012900
44.204078,117.309207,543.075292
33.930518,133.825882,542.822911
21.936752,146.534947,543.027658
9.112768,157.197962,544.413168
-3.997533,167.104246,547.358078
-16.968473,177.321064,551.707180
-29.329924,-170.995320,556.760137
-40.377915,-156.305565,561.444981
-50.415628,-125.883199,565.062766
-53.146156,-99.846244,565.163724
-49.972280,-74.056988,562.519260
-42.057784,-53.442201,557.567773
-31.318953,-38.027049,551.290159
-19.094774,-25.934361,544.955309
-6.159355,-15.536724,539.779579
6.987905,-5.627439,536.599987
19.919130,4.859755,535.665439
32.116549,17.163085,536.615858
42.759742,32.969546,538.653524
50.426333,54.160967,540.842492
53.144408,80.389191,542.431180
49.885058,106.292225,543.093143
41.867601,126.907388,543.013750
31.049831,142.282383,542.799673
18.783573,154.335418,543.240666
5.844721,164.702400,544.999362
-7.269729,174.588076,548.332484
-20.137675,-174.947108,552.941961
-32.251353,-162.676382,558.011904
-42.807608,-146.936836,562.421430
-51.628955,-114.718082,565.345073
-52.895370,-88.105230,564.753708
-48.359296,-63.345544,561.467132
-39.573082,-44.169439,556.075588
-28.364721,-29.764984,549.660658
-15.905278,-18.228511,543.511354
-2.875701,-8.055277,538.776882
10.258350,1.897175,536.160233
23.062077,12.708680,535.752016
34.965937,25.708759,537.060128
45.027876,42.705387,539.221383
51.644574,65.372720,541.317246
52.877406,92.170876,542.684977
48.245696,117.011756,543.124894
39.360084,136.171454,542.942847
28.081455,150.533835,542.818018
15.589633,162.032751,543.538101
2.566037,172.177452,545.686794
-10.526904,-177.892707,549.389310
-23.261094,-167.104720,554.207081
-35.078385,-154.142879,559.222332
-45.056784,-137.227550,563.285667
-52.503206,-103.264389,565.458654
-52.269275,-76.497624,564.172024
-46.480724,-53.009183,560.280950
-36.940873,-35.197699,554.518386
-25.334654,-21.679428,548.048469
-12.681128,-10.606027,542.158098
0.414345,-0.587325,537.909673
13.508758,9.474258,535.861475
26.150514,20.691718,535.947745
37.703667,34.502951,537.557986
47.083797,52.810433,539.783835
52.518524,76.875571,541.744120
52.230952,103.811484,542.878200
46.340716,127.349894,543.115861
36.706994,145.133178,542.874958
25.039644,158.609171,542.890205
12.363453,169.647309,543.927163
-0.716827,179.639394,546.474222
-13.762245,-170.321046,550.518290
-26.328900,-159.129066,555.485729
-37.793866,-145.363463,560.372776
-47.096113,-127.154221,564.022605
-53.014045,-91.605187,565.398891
-51.286105,-65.123238,563.424447
-44.369797,-43.046835,558.975609
-34.183149,-26.494346,552.916347
-22.241077,-13.743951,546.473642
-9.430091,-3.048011,540.910034
3.704363,6.883234,537.183160
16.731710,17.121968,535.698896
29.173035,28.834021,536.240230
40.309417,43.578868,538.094165
48.894737,63.297285,540.328041
53.023549,88.583949,542.116845
51.224326,115.210213,543.012900
44.204078,137.309207,543.075292
33.930518,153.825882,542.822911
21.936752,166.534947,543.027658
9.112768,177.197962,544.413168
-3.997533,-172.895754,547.358078
-16.968473,-162.678936,551.707180
-29.329924,-150.995320,556.760137
-40.377915,-136.305565,561.444981
-48.893588,-116.704520,564.618813
-53.146156,-79.846244,565.163724
-49.972280,-54.056988,562.519260
-42.057784,-33.442201,557.567773
-31.318953,-18.027049,551.290159
-19.094774,-5.934361,544.955309
-6.159355,4.463276,539.779579
6.987905,14.372561,536.599987
19.919130,24.859755,535.665439
32.116549,37.163085,536.615858
42.759742,52.969546,538.653524
50.426333,74.160967,540.842492
53.144408,100.389191,542.431180
49.885058,126.292225,543.093143
41.867601,146.907388,543.013750
31.049831,162.282383,542.799673
18.783573,174.335418,543.240666
5.844721,-175.297600,544.999362
-7.269729,-165.411924,548.332484
-20.137675,-154.947108,552.941961
-32.251353,-142.676382,558.011904
-42.807608,-126.936836,562.421430
-50.415628,-105.883199,565.062766
-52.895370,-68.105230,564.753708
-48.359296,-43.345544,561.467132
-39.573082,-24.169439,556.075588
-28.364721,-9.764984,549.660658
-15.905278,1.771489,543.511354
-2.875701,11.944723,538.776882
10.258350,21.897175,536.160233
23.062077,32.708680,535.752016
34.965937,45.708759,537.060128
45.027876,62.705387,539.221383
51.644574,85.372720,541.317246
52.877406,112.170876,542.684977
48.245696,137.011756,543.124894
39.360084,156.171454,542.942847
28.081455,170.533835,542.818018
15.589633,-177.967249,543.538101
2.566037,-167.822548,545.686794
-10.526904,-157.892707,549.389310
-23.261094,-147.104720,554.207081
-35.078385,-134.142879,559.222332
-45.056784,-117.227550,563.285667
-51.628955,-94.718082,565.345073
-52.269275,-56.497624,564.172024
-46.480724,-33.009183,560.280950
-36.940873,-15.197699,554.518386
-25.334654,-1.679428,548.048469
-12.681128,9.393973,542.158098
0.414345,19.412675,537.909673
13.508758,29.474258,535.861475
26.150514,40.691718,535.947745
37.703667,54.502951,537.557986
47.083797,72.810433,539.783835
52.518524,96.875571,541.744120
52.230952,123.811484,542.878200
46.340716,147.349894,543.115861
36.706994,165.133178,542.874958
25.039644,178.609171,542.890205
12.363453,-170.352691,543.927163
-0.716827,-160.360606,546.474222
-13.762245,-150.321046,550.518290
-26.328900,-139.129066,555.485729
-37.793866,-125.363463,560.372776
-47.096113,-107.154221,564.022605
-52.503206,-83.264389,565.458654
-51.286105,-45.123238,563.424447
-44.369797,-23.046835,558.975609
-34.183149,-6.494346,552.916347
-22.241077,6.256049,546.473642
-9.430091,16.951989,540.910034
3.704363,26.883234,537.183160
16.731710,37.121968,535.698896
29.173035,48.834021,536.240230
40.309417,63.578868,538.094165
48.894737,83.297285,540.328041
53.023549,108.583949,542.116845
51.224326,135.210213,543.012900
44.204078,157.309207,543.075292
33.930518,173.825882,542.822911
21.936752,-173.465053,543.027658
9.112768,-162.802038,544.413168
-3.997533,-152.895754,547.358078
-16.968473,-142.678936,551.707180
-29.329924,-130.995320,556.760137
-40.377915,-116.305565,561.444981
-48.893588,-96.704520,564.618813
-53.014045,-71.605187,565.398891
-49.972280,-34.056988,562.519260
-42.057784,-13.442201,557.567773
-31.318953,1.972951,551.290159
-19.094774,14.065639,544.955309
-6.159355,24.463276,539.779579
6.987905,34.372561,536.599987
19.919130,44.859755,535.665439
32.116549,57.163085,536.615858
42.759742,72.969546,538.653524
50.426333,94.160967,540.842492
53.144408,120.389191,542.431180
49.885058,146.292225,543.093143
41.867601,166.907388,543.013750
31.049831,-177.717617,542.799673
18.783573,-165.664582,543.240666
5.844721,-155.297600,544.999362
-7.269729,-145.411924,548.332484
-20.137675,-134.947108,552.941961
-32.251353,-122.676382,558.011904
-42.807608,-106.936836,562.421430
-50.415628,-85.883199,565.062766
-53.146156,-59.846244,565.163724
-48.359296,-23.345544,561.467132
-39.573082,-4.169439,556.075588
-28.364721,10.235016,549.660658
-15.905278,21.771489,543.511354
-2.875701,31.944723,538.776882
10.258350,41.897175,536.160233
23.062077,52.708680,535.752016
34.965937,65.708759,537.060128
45.027876,82.705387,539.221383
51.644574,105.372720,541.317246
52.877406,132.170876,542.684977
48.245696,157.011756,543.124894
39.360084,176.171454,542.942847
28.081455,-169.466165,542.818018
15.589633,-157.967249,543.538101
2.566037,-147.822548,545.686794
-10.526904,-137.892707,549.389310
-23.261094,-127.104720,554.207081
-35.078385,-114.142879,559.222332
-45.056784,-97.227550,563.285667
-51.628955,-74.718082,565.345073
-52.895370,-48.105230,564.753708
-46.480724,-13.009183,560.280950
-36.940873,4.802301,554.518386
-25.334654,18.320572,548.048469
-12.681128,29.393973,542.158098
0.414345,39.412675,537.909673
13.508758,49.474258,535.861475
26.150514,60.691718,535.947745
37.703667,74.502951,537.557986
47.083797,92.810433,539.783835
52.518524,116.875571,541.744120
52.230952,143.811484,542.878200
46.340716,167.349894,543.115861
36.706994,-174.866822,542.874958
25.039644,-161.390829,542.890205
12.363453,-150.352691,543.927163
-0.716827,-140.360606,546.474222
-13.762245,-130.321046,550.518290
-26.328900,-119.129066,555.485729
-37.793866,-105.363463,560.372776
-47.096113,-87.154221,564.022605
-52.503206,-63.264389,565.458654
-52.269275,-36.497624,564.172024
-44.369797,-3.046835,558.975609
-34.183149,13.505654,552.916347
-22.241077,26.256049,546.473642
-9.430091,36.951989,540.910034
3.704363,46.883234,537.183160
16.731710,57.121968,535.698896
29.173035,68.834021,536.240230
40.309417,83.578868,538.094165
48.894737,103.297285,540.328041
53.023549,128.583949,542.116845
51.224326,155.210213,543.012900
44.204078,177.309207,543.075292
33.930518,-166.174118,542.822911
21.936752,-153.465053,543.027658
9.112768,-142.802038,544.413168
-3.997533,-132.895754,547.358078
-16.968473,-122.678936,551.707180
-29.329924,-110.995320,556.760137
-40.377915,-96.305565,561.444981
-48.893588,-76.704520,564.618813
-53.014045,-51.605187,565.398891
-51.286105,-25.123238,563.424447
-42.057784,6.557799,557.567773
-31.318953,21.972951,551.290159
-19.094774,34.065639,544.955309
-6.159355,44.463276,539.779579
6.987905,54.372561,536.599987
19.919130,64.859755,535.665439
32.116549,77.163085,536.615858
42.759742,92.969546,538.653524
50.426333,114.160967,540.842492
53.144408,140.389191,542.431180
49.885058,166.292225,543.093143
41.867601,-173.092612,543.013750
31.049831,-157.717617,542.799673
18.783573,-145.664582,543.240666
5.844721,-135.297600,544.999362
-7.269729,-125.411924,548.332484
-20.137675,-114.947108,552.941961
-32.251353,-102.676382,558.011904
-42.807608,-86.936836,562.421430
-50.415628,-65.883199,565.062766
-53.146156,-39.846244,565.163724
-49.972280,-14.056988,562.519260
-39.573082,15.830561,556.075588
-28.364721,30.235016,549.660658
-15.905278,41.771489,543.511354
-2.875701,51.944723,538.776882
10.258350,61.897175,536.160233
23.062077,72.708680,535.752016
34.965937,85.708759,537.060128
45.027876,102.705387,539.221383
51.644574,125.372720,541.317246
52.877406,152.170876,542.684977
48.245696,177.011756,543.124894
39.360084,-163.828546,542.942847
28.081455,-149.466165,542.818018
15.589633,-137.967249,543.538101
2.566037,-127.822548,545.686794
-10.526904,-117.892707,549.389310
-23.261094,-107.104720,554.207081
-35.078385,-94.142879,559.222332
-45.056784,-77.227550,563.285667
-51.628955,-54.718082,565.345073
-52.895370,-28.105230,564.753708
-48.359296,-3.345544,561.467132
-36.940873,24.802301,554.518386
-25.334654,38.320572,548.048469
-12.681128,49.393973,542.158098
0.414345,59.412675,537.909673
13.508758,69.474258,535.861475
26.150514,80.691718,535.947745
37.703667,94.502951,537.557986
47.083797,112.810433,539.783835
52.518524,136.875571,541.744120
52.230952,163.811484,542.878200
46.340716,-172.650106,543.115861
36.706994,-154.866822,542.874958
25.039644,-141.390829,542.890205
12.363453,-130.352691,543.927163
-0.716827,-120.360606,546.474222
-13.762245,-110.321046,550.518290
-26.328900,-99.129066,555.485729
-37.793866,-85.363463,560.372776
-47.096113,-67.154221,564.022605
-52.503206,-43.264389,565.458654
-52.269275,-16.497624,564.172024
-46.480724,6.990817,560.280950
-34.183149,33.505654,552.916347
-22.241077,46.256049,546.473642
-9.430091,56.951989,540.910034
3.704363,66.883234,537.183160
16.731710,77.121968,535.698896
29.173035,88.834021,536.240230
40.309417,103.578868,538.094165
48.894737,123.297285,540.328041
53.023549,148.583949,542.116845
51.224326,175.210213,543.012900
44.204078,-162.690793,543.075292
33.930518,-146.174118,542.822911
21.936752,-133.465053,543.027658
9.112768,-122.802038,544.413168
-3.997533,-112.895754,547.358078
-16.968473,-102.678936,551.707180
-29.329924,-90.995320,556.760137
-40.377915,-76.305565,561.444981
-48.893588,-56.704520,564.618813
-53.014045,-31.605187,565.398891
-51.286105,-5.123238,563.424447
-44.369797,16.953165,558.975609
-31.318953,41.972951,551.290159
-19.094774,54.065639,544.955309
-6.159355,64.463276,539.779579
6.987905,74.372561,536.599987
19.919130,84.859755,535.665439
32.116549,97.163085,536.615858
42.759742,112.969546,538.653524
50.426333,134.160967,540.842492
53.144408,160.389191,542.431180
49.885058,-173.707775,543.093143
41.867601,-153.092612,543.013750
31.049831,-137.717617,542.799673
18.783573,-125.664582,543.240666
5.844721,-115.297600,544.999362
-7.269729,-105.411924,548.332484
-20.137675,-94.947108,552.941961
-32.251353,-82.676382,558.011904
-42.807608,-66.936836,562.421430
-50.415628,-45.883199,565.062766
-53.146156,-19.846244,565.163724
-49.972280,5.943012,562.519260
-42.057784,26.557799,557.567773
-28.364721,50.235016,549.660658
-15.905278,61.771489,543.511354
-2.875701,71.944723,538.776882
10.258350,81.897175,536.160233
23.062077,92.708680,535.752016
34.965937,105.708759,537.060128
45.027876,122.705387,539.221383
51.644574,145.372720,541.317246
52.877406,172.170876,542.684977
48.245696,-162.988244,543.124894
39.360084,-143.828546,542.942847
28.081455,-129.466165,542.818018
15.589633,-117.967249,543.538101
2.566037,-107.822548,545.686794
-10.526904,-97.892707,549.389310
-23.261094,-87.104720,554.207081
-35.078385,-74.142879,559.222332
-45.056784,-57.227550,563.285667
-51.628955,-34.718082,565.345073
-52.895370,-8.105230,564.753708
-48.359296,16.654456,561.467132
-39.573082,35.830561,556.075588
-25.334654,58.320572,548.048469
-12.681128,69.393973,542.158098
0.414345,79.412675,537.909673
13.508758,89.474258,535.861475
26.150514,100.691718,535.947745
37.703667,114.502951,537.557986
47.083797,132.810433,539.783835
52.518524,156.875571,541.744120
52.230952,-176.188516,542.878200
46.340716,-152.650106,543.115861
36.706994,-134.866822,542.874958
25.039644,-121.390829,542.890205
12.363453,-110.352691,543.927163
-0.716827,-100.360606,546.474222
-13.762245,-90.321046,550.518290
-26.328900,-79.129066,555.485729
-37.793866,-65.363463,560.372776
-47.096113,-47.154221,564.022605
-52.503206,-23.264389,565.458654
-52.269275,3.502376,564.172024
-46.480724,26.990817,560.280950
-36.940873,44.802301,554.518386
-22.241077,66.256049,546.473642
-9.430091,76.951989,540.910034
3.704363,86.883234,537.183160
16.731710,97.121968,535.698896
29.173035,108.834021,536.240230
40.309417,123.578868,538.094165
48.894737,143.297285,540.328041
53.023549,168.583949,542.116845
51.224326,-164.789787,543.012900
44.204078,-142.690793,543.075292
33.930518,-126.174118,542.822911
21.936752,-113.465053,543.027658
9.112768,-102.802038,544.413168
-3.997533,-92.895754,547.358078
-16.968473,-82.678936,551.707180
-29.329924,-70.995320,556.760137
-40.377915,-56.305565,561.444981
-48.893588,-36.704520,564.618813
-53.014045,-11.605187,565.398891
-51.286105,14.876762,563.424447
-44.369797,36.953165,558.975609
-34.183149,53.505654,552.916347
-19.094774,74.065639,544.955309
-6.159355,84.463276,539.779579
6.987905,94.372561,536.599987
19.919130,104.859755,535.665439
32.116549,117.163085,536.615858
42.759742,132.969546,538.653524
50.426333,154.160967,540.842492
53.144408,-179.610809,542.431180
49.885058,-153.707775,543.093143
41.867601,-133.092612,543.013750
31.049831,-117.717617,542.799673
18.783573,-105.664582,543.240666
5.844721,-95.297600,544.999362
-7.269729,-85.411924,548.332484
-20.137675,-74.947108,552.941961
-32.251353,-62.676382,558.011904
-42.807608,-46.936836,562.421430
-50.415628,-25.883199,565.062766
-53.146156,0.153756,565.163724
-49.972280,25.943012,562.519260
-42.057784,46.557799,557.567773
-31.318953,61.972951,551.290159
-15.905278,81.771489,543.511354
-2.875701,91.944723,538.776882
10.258350,101.897175,536.160233
23.062077,112.708680,535.752016
34.965937,125.708759,537.060128
45.027876,142.705387,539.221383
51.644574,165.372720,541.317246
52.877406,-167.829124,542.684977
48.245696,-142.988244,543.124894
39.360084,-123.828546,542.942847
28.081455,-109.466165,542.818018
15.589633,-97.967249,543.538101
2.566037,-87.822548,545.686794
-10.526904,-77.892707,549.389310
-23.261094,-67.104720,554.207081
-35.078385,-54.142879,559.222332
-45.056784,-37.227550,563.285667
-51.628955,-14.718082,565.345073
-52.895370,11.894770,564.753708
-48.359296,36.654456,561.467132
-39.573082,55.830561,556.075588
-28.364721,70.235016,549.660658
-12.681128,89.393973,542.158098
0.414345,99.412675,537.909673
13.508758,109.474258,535.861475
26.150514,120.691718,535.947745
37.703667,134.502951,537.557986
47.083797,152.810433,539.783835
52.518524,176.875571,541.744120
52.230952,-156.188516,542.878200
46.340716,-132.650106,543.115861
36.706994,-114.866822,542.874958
25.039644,-101.390829,542.890205
12.363453,-90.352691,543.927163
-0.716827,-80.360606,546.474222
-13.762245,-70.321046,550.518290
-26.328900,-59.129066,555.485729
-37.793866,-45.363463,560.372776
-47.096113,-27.154221,564.022605
-52.503206,-3.264389,565.458654
-52.269275,23.502376,564.172024
-46.480724,46.990817,560.280950
-36.940873,64.802301,554.518386
-25.334654,78.320572,548.048469
-9.430091,96.951989,540.910034
3.704363,106.883234,537.183160
16.731710,117.121968,535.698896
29.173035,128.834021,536.240230
40.309417,143.578868,538.094165
48.894737,163.297285,540.328041
53.023549,-171.416051,542.116845
51.224326,-144.789787,543.012900
44.204078,-122.690793,543.075292
33.930518,-106.174118,542.822911
21.936752,-93.465053,543.027658
9.112768,-82.802038,544.413168
-3.997533,-72.895754,547.358078
-16.968473,-62.678936,551.707180
-29.329924,-50.995320,556.760137
-40.377915,-36.305565,561.444981
-48.893588,-16.704520,564.618813
-53.014045,8.394813,565.398891
-51.286105,34.876762,563.424447
-44.369797,56.953165,558.975609
-34.183149,73.505654,552.916347
-22.241077,86.256049,546.473642
-6.159355,104.463276,539.779579
6.987905,114.372561,536.599987
19.919130,124.859755,535.665439
32.116549,137.163085,536.615858
42.759742,152.969546,538.653524
50.426333,174.160967,540.842492
53.144408,-159.610809,542.431180
49.885058,-133.707775,543.093143
41.867601,-113.092612,543.013750
31.049831,-97.717617,542.799673
18.783573,-85.664582,543.240666
5.844721,-75.297600,544.999362
-7.269729,-65.411924,548.332484
-20.137675,-54.947108,552.941961
-32.251353,-42.676382,558.011904
-42.807608,-26.936836,562.421430
-50.415628,-5.883199,565.062766
-53.146156,20.153756,565.163724
-49.972280,45.943012,562.519260
-42.057784,66.557799,557.567773
-31.318953,81.972951,551.290159
-19.094774,94.065639,544.955309
-2.875701,111.944723,538.776882
10.258350,121.897175,536.160233
23.062077,132.708680,535.752016
34.965937,145.708759,537.060128
45.027876,162.705387,539.221383
51.644574,-174.627280,541.317246
52.877406,-147.829124,542.684977
48.245696,-122.988244,543.124894
39.360084,-103.828546,542.942847
28.081455,-89.466165,542.818018
15.589633,-77.967249,543.538101
2.566037,-67.822548,545.686794
-10.526904,-57.892707,549.389310
-23.261094,-47.104720,554.207081
-35.078385,-34.142879,559.222332
-45.056784,-17.227550,563.285667
-51.628955,5.281918,565.345073
-52.895370,31.894770,564.753708
-48.359296,56.654456,561.467132
-39.573082,75.830561,556.075588
-28.364721,90.235016,549.660658
-15.905278,101.771489,543.511354
0.414345,119.412675,537.909673
13.508758,129.474258,535.861475
26.150514,140.691718,535.947745
37.703667,154.502951,537.557986
47.083797,172.810433,539.783835
52.518524,-163.124429,541.744120
52.230952,-136.188516,542.878200
46.340716,-112.650106,543.115861
36.706994,-94.866822,542.874958
25.039644,-81.390829,542.890205
12.363453,-70.352691,543.927163
-0.716827,-60.360606,546.474222
-13.762245,-50.321046,550.518290
-26.328900,-39.129066,555.485729
-37.793866,-25.363463,560.372776
-47.096113,-7.154221,564.022605
-52.503206,16.735611,565.458654
-52.269275,43.502376,564.172024
-46.480724,66.990817,560.280950
-36.940873,84.802301,554.518386
-25.334654,98.320572,548.048469
-12.681128,109.393973,542.158098
3.704363,126.883234,537.183160
16.731710,137.121968,535.698896
29.173035,148.834021,536.240230
40.309417,163.578868,538.094165
48.894737,-176.702715,540.328041
53.023549,-151.416051,542.116845
51.224326,-124.789787,543.012900
44.204078,-102.690793,543.075292
33.930518,-86.174118,542.822911
21.936752,-73.465053,543.027658
9.112768,-62.802038,544.413168
-3.997533,-52.895754,547.358078
-16.968473,-42.678936,551.707180
-29.329924,-30.995320,556.760137
-40.377915,-16.305565,561.444981
-48.893588,3.295480,564.618813
-53.014045,28.394813,565.398891
-51.286105,54.876762,563.424447
-44.369797,76.953165,558.975609
-34.183149,93.505654,552.916347
-22.241077,106.256049,546.473642
-9.430091,116.951989,540.910034
6.987905,134.372561,536.599987
19.919130,144.859755,535.665439
32.116549,157.163085,536.615858
42.759742,172.969546,538.653524
50.426333,-165.839033,540.842492
53.144408,-139.610809,542.431180
49.885058,-113.707775,543.093143
41.867601,-93.092612,543.013750
31.049831,-77.717617,542.799673
18.783573,-65.664582,543.240666
5.844721,-55.297600,544.999362
-7.269729,-45.411924,548.332484
-20.137675,-34.947108,552.941961
-32.251353,-22.676382,558.011904
-42.807608,-6.936836,562.421430
-50.415628,14.116801,565.062766
-53.146156,40.153756,565.163724
-49.972280,65.943012,562.519260
-42.057784,86.557799,557.567773
-31.318953,101.972951,551.290159
-19.094774,114.065639,544.955309
-6.159355,124.463276,539.779579
10.258350,141.897175,536.160233
23.062077,152.708680,535.752016
34.965937,165.708759,537.060128
45.027876,-177.294613,539.221383
51.644574,-154.627280,541.317246
52.877406,-127.829124,542.684977
48.245696,-102.988244,543.124894
39.360084,-83.828546,542.942847
28.081455,-69.466165,542.818018
15.589633,-57.967249,543.538101
2.566037,-47.822548,545.686794
-10.526904,-37.892707,549.389310
-23.261094,-27.104720,554.207081
-35.078385,-14.142879,559.222332
-45.056784,2.772450,563.285667
-51.628955,25.281918,565.345073
-52.895370,51.894770,564.753708
-48.359296,76.654456,561.467132
-39.573082,95.830561,556.075588
-28.364721,110.235016,549.660658
-15.905278,121.771489,543.511354
-2.875701,131.944723,538.776882
13.508758,149.474258,535.861475
26.150514,160.691718,535.947745
37.703667,174.502951,537.557986
47.083797,-167.189567,539.783835
52.518524,-143.124429,541.744120
52.230952,-116.188516,542.878200
46.340716,-92.650106,543.115861
36.706994,-74.866822,542.874958
25.039644,-61.390829,542.890205
12.363453,-50.352691,543.927163
-0.716827,-40.360606,546.474222
-13.762245,-30.321046,550.518290
-26.328900,-19.129066,555.485729
-37.793866,-5.363463,560.372776
-47.096113,12.845779,564.022605
-52.503206,36.735611,565.458654
-52.269275,63.502376,564.172024
-46.480724,86.990817,560.280950
-36.940873,104.802301,554.518386
-25.334654,118.320572,548.048469
-12.681128,129.393973,542.158098
0.414345,139.412675,537.909673
16.731710,157.121968,535.698896
29.173035,168.834021,536.240230
40.309417,-176.421132,538.094165
48.894737,-156.702715,540.328041
53.023549,-131.416051,542.116845
51.224326,-104.789787,543.012900
44.204078,-82.690793,543.075292
33.930518,-66.174118,542.822911
21.936752,-53.465053,543.027658
9.112768,-42.802038,544.413168
-3.997533,-32.895754,547.358078
-16.968473,-22.678936,551.707180
-29.329924,-10.995320,556.760137
-40.377915,3.694435,561.444981
-48.893588,23.295480,564.618813
-53.014045,48.394813,565.398891
-51.286105,74.876762,563.424447
-44.369797,96.953165,558.975609
-34.183149,113.505654,552.916347
-22.241077,126.256049,546.473642
-9.430091,136.951989,540.910034
3.704363,146.883234,537.183160
19.919130,164.859755,535.665439
32.116549,177.163085,536.615858
42.759742,-167.030454,538.653524
50.426333,-145.839033,540.842492
53.144408,-119.610809,542.431180
49.885058,-93.707775,543.093143
41.867601,-73.092612,543.013750
31.049831,-57.717617,542.799673
18.783573,-45.664582,543.240666
5.844721,-35.297600,544.999362
-7.269729,-25.411924,548.332484
-20.137675,-14.947108,552.941961
-32.251353,-2.676382,558.011904
-42.807608,13.063164,562.421430
-50.415628,34.116801,565.062766
-53.146156,60.153756,565.163724
-49.972280,85.943012,562.519260
-42.057784,106.557799,557.567773
-31.318953,121.972951,551.290159
-19.094774,134.065639,544.955309
-6.159355,144.463276,539.779579
6.987905,154.372561,536.599987
23.062077,172.708680,535.752016
34.965937,-174.291241,537.060128
45.027876,-157.294613,539.221383
51.644574,-134.627280,541.317246
52.877406,-107.829124,542.684977
48.245696,-82.988244,543.124894
39.360084,-63.828546,542.942847
28.081455,-49.466165,542.818018
15.589633,-37.967249,543.538101
2.566037,-27.822548,545.686794
-10.526904,-17.892707,549.389310
-23.261094,-7.104720,554.207081
-35.078385,5.857121,559.222332
-45.056784,22.772450,563.285667
-51.628955,45.281918,565.345073
-52.895370,71.894770,564.753708
-48.359296,96.654456,561.467132
-39.573082,115.830561,556.075588
-28.364721,130.235016,549.660658
-15.905278,141.771489,543.511354
-2.875701,151.944723,538.776882
10.258350,161.897175,536.160233
26.150514,-179.308282,535.947745
37.703667,-165.497049,537.557986
47.083797,-147.189567,539.783835
52.518524,-123.124429,541.744120
52.230952,-96.188516,542.878200
46.340716,-72.650106,543.115861
36.706994,-54.866822,542.874958
25.039644,-41.390829,542.890205
12.363453,-30.352691,543.927163
-0.716827,-20.360606,546.474222
-13.762245,-10.321046,550.518290
-26.328900,0.870934,555.485729
-37.793866,14.636537,560.372776
-47.096113,32.845779,564.022605
-52.503206,56.735611,565.458654
-52.269275,83.502376,564.172024
-46.480724,106.990817,560.280950
-36.940873,124.802301,554.518386
-25.334654,138.320572,548.048469
-12.681128,149.393973,542.158098
0.414345,159.412675,537.909673
13.508758,169.474258,535.861475
29.173035,-171.165979,536.240230
40.309417,-156.421132,538.094165
48.894737,-136.702715,540.328041
53.023549,-111.416051,542.116845
51.224326,-84.789787,543.012900
44.204078,-62.690793,543.075292
33.930518,-46.174118,542.822911
21.936752,-33.465053,543.027658
9.112768,-22.802038,544.413168
-3.997533,-12.895754,547.358078
-16.968473,-2.678936,551.707180
-29.329924,9.004680,556.760137
-40.377915,23.694435,561.444981
-48.893588,43.295480,564.618813
-53.014045,68.394813,565.398891
-51.286105,94.876762,563.424447
-44.369797,116.953165,558.975609
-34.183149,133.505654,552.916347
-22.241077,146.256049,546.473642
-9.430091,156.951989,540.910034
3.704363,166.883234,537.183160
16.731710,177.121968,535.698896
32.116549,-162.836915,536.615858
42.759742,-147.030454,538.653524
50.426333,-125.839033,540.842492
53.144408,-99.610809,542.431180
49.885058,-73.707775,543.093143
41.867601,-53.092612,543.013750
31.049831,-37.717617,542.799673
18.783573,-25.664582,543.240666
5.844721,-15.297600,544.999362
-7.269729,-5.411924,548.332484
-20.137675,5.052892,552.941961
-32.251353,17.323618,558.011904
-42.807608,33.063164,562.421430
-50.415628,54.116801,565.062766
-53.146156,80.153756,565.163724
-49.972280,105.943012,562.519260
-42.057784,126.557799,557.567773
-31.318953,141.972951,551.290159
-19.094774,154.065639,544.955309
-6.159355,164.463276,539.779579
6.987905,174.372561,536.599987
19.919130,-175.140245,535.665439
34.965937,-154.291241,537.060128
45.027876,-137.294613,539.221383
51.644574,-114.627280,541.317246
52.877406,-87.829124,542.684977
48.245696,-62.988244,543.124894
39.360084,-43.828546,542.942847
28.081455,-29.466165,542.818018
15.589633,-17.967249,543.538101
2.566037,-7.822548,545.686794
-10.526904,2.107293,549.389310
-23.261094,12.895280,554.207081
-35.078385,25.857121,559.222332
-45.056784,42.772450,563.285667
-51.628955,65.281918,565.345073
-52.895370,91.894770,564.753708
-48.359296,116.654456,561.467132
-39.573082,135.830561,556.075588
-28.364721,150.235016,549.660658
-15.905278,161.771489,543.511354
-2.875701,171.944723,538.776882
10.258350,-178.102825,536.160233
23.062077,-167.291320,535.752016
37.703667,-145.497049,537.557986
47.083797,-127.189567,539.783835
52.518524,-103.124429,541.744120
52.230952,-76.188516,542.878200
46.340716,-52.650106,543.115861
36.706994,-34.866822,542.874958
25.039644,-21.390829,542.890205
12.363453,-10.352691,543.927163
-0.716827,-0.360606,546.474222
-13.762245,9.678954,550.518290
-26.328900,20.870934,555.485729
-37.793866,34.636537,560.372776
-47.096113,52.845779,564.022605
-52.503206,76.735611,565.458654
-52.269275,103.502376,564.172024
-46.480724,126.990817,560.280950
-36.940873,144.802301,554.518386
-25.334654,158.320572,548.048469
-12.681128,169.393973,542.158098
0.414345,179.412675,537.909673
13.508758,-170.525742,535.861475
26.150514,-159.308282,535.947745
40.309417,-136.421132,538.094165
48.894737,-116.702715,540.328041
53.023549,-91.416051,542.116845
51.224326,-64.789787,543.012900
44.204078,-42.690793,543.075292
33.930518,-26.174118,542.822911
21.936752,-13.465053,543.027658
9.112768,-2.802038,544.413168
-3.997533,7.104246,547.358078
-16.968473,17.321064,551.707180
-29.329924,29.004680,556.760137
-40.377915,43.694435,561.444981
-48.893588,63.295480,564.618813
-53.014045,88.394813,565.398891
-51.286105,114.876762,563.424447
-44.369797,136.953165,558.975609
-34.183149,153.505654,552.916347
-22.241077,166.256049,546.473642
-9.430091,176.951989,540.910034
3.704363,-173.116766,537.183160
16.731710,-162.878032,535.698896
29.173035,-151.165979,536.240230
