41.792923,-32.965161,543.011640
30.959804,-17.623219,542.799545
18.685945,-5.588692,543.248503
5.744051,4.770382,545.018981
-7.370121,14.656450,548.363787
-20.234426,25.130055,552.980481
-32.339751,37.420433,558.049825
-42.879585,53.194264,562.449752
-50.457694,74.292960,565.073899
-53.144141,100.353410,565.153720
-49.926981,126.115588,562.489051
-41.983834,146.685489,557.523068
-31.229396,162.067679,551.240015
-18.997319,174.141800,544.909731
-6.058566,-175.468539,539.746812
7.088676,-165.558898,536.584343
20.016462,-155.062891,535.666367
32.205632,-142.739759,536.628571
42.832330,-126.898610,538.670927
50.468623,-105.661498,540.857722
53.141965,-79.409809,542.439885
49.838956,-53.534843,543.094799
39.280569,-23.710879,542.940642
27.988969,-9.377600,542.819366
15.490891,2.105801,543.548656
2.465143,12.244791,545.709517
-10.626728,22.177021,549.422995
-23.356288,32.976191,554.246274
-35.163622,45.961021,559.258687
-45.122762,62.914435,563.310293
-51.661026,85.467917,565.351112
-52.881646,112.091994,564.738365
-48.305328,136.815678,561.432599
-39.494239,155.948521,556.028591
-28.272632,170.323901,549.610742
-15.806635,-178.155208,543.468329
-2.774619,-167.987748,538.748178
10.358611,-158.032931,536.148972
23.157889,-147.210196,535.756470
35.051862,-134.186929,537.074714
45.094403,-117.151733,539.238822
51.676716,-94.439796,541.331116
52.863112,-67.630764,542.691809
48.190913,-42.826881,543.125173
36.623371,-14.757922,542.873047
24.945105,-1.307245,542.893394
12.263846,9.718121,543.940630
-0.817748,19.706584,546.499975
-13.861284,29.750574,550.554009
-26.422215,40.956324,555.525061
-37.875373,54.748509,560.406995
-47.155145,72.999223,564.043097
-52.524429,96.929301,565.459421
-52.244252,123.693807,564.151484
-46.419124,147.140432,560.242522
-36.857860,164.911522,554.469706
-25.240437,178.404462,547.999406
-12.581546,-170.534981,542.118101
0.515521,-160.519956,537.885228
13.608288,-150.453953,535.854484
26.244478,-139.222648,535.955365
37.785852,-125.384575,537.573978
47.143293,-107.035063,539.800898
52.539651,-82.929213,541.756408
52.205249,-55.996206,542.883191
46.278313,-32.500520,543.115025
33.843420,-6.072963,542.821693
21.840513,6.614329,543.033023
9.012523,17.267094,544.429677
-4.098288,27.171779,547.386715
-17.066497,37.395147,551.744528
-29.420992,49.095348,556.799050
-40.455035,63.815487,561.476513
-48.944656,83.460523,564.634786
-53.023800,108.593239,565.394283
-51.250490,135.059695,563.398926
-44.301563,157.091478,558.933774
-34.096593,173.607141,552.866615
-22.145086,-173.664280,546.426036
-9.329799,-162.978661,540.873479
3.805437,-153.049062,537.163096
16.830272,-142.803772,535.695989
29.264774,-131.075026,536.250613
40.387190,-116.299468,538.111092
48.946161,-96.536444,540.344352
53.033038,-71.216144,542.127390
51.187952,-44.606246,543.016145
44.135071,-22.552634,543.073648
30.959804,2.376781,542.799545
18.685945,14.411308,543.248503
5.744051,24.770382,545.018981
-7.370121,34.656450,548.363787
-20.234426,45.130055,552.980481
-32.339751,57.420433,558.049825
-42.879585,73.194264,562.449752
-50.457694,94.292960,565.073899
-53.144141,120.353410,565.153720
-49.926981,146.115588,562.489051
-41.983834,166.685489,557.523068
-31.229396,-177.932321,551.240015
-18.997319,-165.858200,544.909731
-6.058566,-155.468539,539.746812
7.088676,-145.558898,536.584343
20.016462,-135.062891,535.666367
32.205632,-122.739759,536.628571
42.832330,-106.898610,538.670927
50.468623,-85.661498,540.857722
53.141965,-59.409809,542.439885
49.838956,-33.534843,543.094799
41.792923,-12.965161,543.011640
27.988969,10.622400,542.819366
15.490891,22.105801,543.548656
2.465143,32.244791,545.709517
-10.626728,42.177021,549.422995
-23.356288,52.976191,554.246274
-35.163622,65.961021,559.258687
-45.122762,82.914435,563.310293
-51.661026,105.467917,565.351112
-52.881646,132.091994,564.738365
-48.305328,156.815678,561.432599
-39.494239,175.948521,556.028591
-28.272632,-169.676099,549.610742
-15.806635,-158.155208,543.468329
-2.774619,-147.987748,538.748178
10.358611,-138.032931,536.148972
23.157889,-127.210196,535.756470
35.051862,-114.186929,537.074714
45.094403,-97.151733,539.238822
51.676716,-74.439796,541.331116
52.863112,-47.630764,542.691809
48.190913,-22.826881,543.125173
39.280569,-3.710879,542.940642
24.945105,18.692755,542.893394
12.263846,29.718121,543.940630
-0.817748,39.706584,546.499975
-13.861284,49.750574,550.554009
-26.422215,60.956324,555.525061
-37.875373,74.748509,560.406995
-47.155145,92.999223,564.043097
-52.524429,116.929301,565.459421
-52.244252,143.693807,564.151484
-46.419124,167.140432,560.242522
-36.857860,-175.088478,554.469706
-25.240437,-161.595538,547.999406
-12.581546,-150.534981,542.118101
0.515521,-140.519956,537.885228
13.608288,-130.453953,535.854484
26.244478,-119.222648,535.955365
37.785852,-105.384575,537.573978
47.143293,-87.035063,539.800898
52.539651,-62.929213,541.756408
52.205249,-35.996206,542.883191
46.278313,-12.500520,543.115025
36.623371,5.242078,542.873047
21.840513,26.614329,543.033023
9.012523,37.267094,544.429677
-4.098288,47.171779,547.386715
-17.066497,57.395147,551.744528
-29.420992,69.095348,556.799050
-40.455035,83.815487,561.476513
-48.944656,103.460523,564.634786
-53.023800,128.593239,565.394283
-51.250490,155.059695,563.398926
-44.301563,177.091478,558.933774
-34.096593,-166.392859,552.866615
-22.145086,-153.664280,546.426036
-9.329799,-142.978661,540.873479
3.805437,-133.049062,537.163096
16.830272,-122.803772,535.695989
29.264774,-111.075026,536.250613
40.387190,-96.299468,538.111092
48.946161,-76.536444,540.344352
53.033038,-51.216144,542.127390
51.187952,-24.606246,543.016145
44.135071,-2.552634,543.073648
33.843420,13.927037,542.821693
18.685945,34.411308,543.248503
5.744051,44.770382,545.018981
-7.370121,54.656450,548.363787
-20.234426,65.130055,552.980481
-32.339751,77.420433,558.049825
-42.879585,93.194264,562.449752
-50.457694,114.292960,565.073899
-53.144141,140.353410,565.153720
-49.926981,166.115588,562.489051
-41.983834,-173.314511,557.523068
-31.229396,-157.932321,551.240015
-18.997319,-145.858200,544.909731
-6.058566,-135.468539,539.746812
7.088676,-125.558898,536.584343
20.016462,-115.062891,535.666367
32.205632,-102.739759,536.628571
42.832330,-86.898610,538.670927
50.468623,-65.661498,540.857722
53.141965,-39.409809,542.439885
49.838956,-13.534843,543.094799
41.792923,7.034839,543.011640
30.959804,22.376781,542.799545
15.490891,42.105801,543.548656
2.465143,52.244791,545.709517
-10.626728,62.177021,549.422995
-23.356288,72.976191,554.246274
-35.163622,85.961021,559.258687
-45.122762,102.914435,563.310293
-51.661026,125.467917,565.351112
-52.881646,152.091994,564.738365
-48.305328,176.815678,561.432599
-39.494239,-164.051479,556.028591
-28.272632,-149.676099,549.610742
-15.806635,-138.155208,543.468329
-2.774619,-127.987748,538.748178
10.358611,-118.032931,536.148972
23.157889,-107.210196,535.756470
35.051862,-94.186929,537.074714
45.094403,-77.151733,539.238822
51.676716,-54.439796,541.331116
52.863112,-27.630764,542.691809
48.190913,-2.826881,543.125173
39.280569,16.289121,542.940642
27.988969,30.622400,542.819366
12.263846,49.718121,543.940630
-0.817748,59.706584,546.499975
-13.861284,69.750574,550.554009
-26.422215,80.956324,555.525061
-37.875373,94.748509,560.406995
-47.155145,112.999223,564.043097
-52.524429,136.929301,565.459421
-52.244252,163.693807,564.151484
-46.419124,-172.859568,560.242522
-36.857860,-155.088478,554.469706
-25.240437,-141.595538,547.999406
-12.581546,-130.534981,542.118101
0.515521,-120.519956,537.885228
13.608288,-110.453953,535.854484
26.244478,-99.222648,535.955365
37.785852,-85.384575,537.573978
47.143293,-67.035063,539.800898
52.539651,-42.929213,541.756408
52.205249,-15.996206,542.883191
46.278313,7.499480,543.115025
36.623371,25.242078,542.873047
24.945105,38.692755,542.893394
9.012523,57.267094,544.429677
-4.098288,67.171779,547.386715
-17.066497,77.395147,551.744528
-29.420992,89.095348,556.799050
-40.455035,103.815487,561.476513
-48.944656,123.460523,564.634786
-53.023800,148.593239,565.394283
-51.250490,175.059695,563.398926
-44.301563,-162.908522,558.933774
-34.096593,-146.392859,552.866615
-22.145086,-133.664280,546.426036
-9.329799,-122.978661,540.873479
3.805437,-113.049062,537.163096
16.830272,-102.803772,535.695989
29.264774,-91.075026,536.250613
40.387190,-76.299468,538.111092
48.946161,-56.536444,540.344352
53.033038,-31.216144,542.127390
51.187952,-4.606246,543.016145
44.135071,17.447366,543.073648
33.843420,33.927037,542.821693
21.840513,46.614329,543.033023
5.744051,64.770382,545.018981
-7.370121,74.656450,548.363787
-20.234426,85.130055,552.980481
-32.339751,97.420433,558.049825
-42.879585,113.194264,562.449752
-50.457694,134.292960,565.073899
-53.144141,160.353410,565.153720
-49.926981,-173.884412,562.489051
-41.983834,-153.314511,557.523068
-31.229396,-137.932321,551.240015
-18.997319,-125.858200,544.909731
-6.058566,-115.468539,539.746812
7.088676,-105.558898,536.584343
20.016462,-95.062891,535.666367
32.205632,-82.739759,536.628571
42.832330,-66.898610,538.670927
50.468623,-45.661498,540.857722
53.141965,-19.409809,542.439885
49.838956,6.465157,543.094799
41.792923,27.034839,543.011640
30.959804,42.376781,542.799545
18.685945,54.411308,543.248503
2.465143,72.244791,545.709517
-10.626728,82.177021,549.422995
-23.356288,92.976191,554.246274
-35.163622,105.961021,559.258687
-45.122762,122.914435,563.310293
-51.661026,145.467917,565.351112
-52.881646,172.091994,564.738365
-48.305328,-163.184322,561.432599
-39.494239,-144.051479,556.028591
-28.272632,-129.676099,549.610742
-15.806635,-118.155208,543.468329
-2.774619,-107.987748,538.748178
10.358611,-98.032931,536.148972
23.157889,-87.210196,535.756470
35.051862,-74.186929,537.074714
45.094403,-57.151733,539.238822
51.676716,-34.439796,541.331116
52.863112,-7.630764,542.691809
48.190913,17.173119,543.125173
39.280569,36.289121,542.940642
27.988969,50.622400,542.819366
15.490891,62.105801,543.548656
-0.817748,79.706584,546.499975
-13.861284,89.750574,550.554009
-26.422215,100.956324,555.525061
-37.875373,114.748509,560.406995
-47.155145,132.999223,564.043097
-52.524429,156.929301,565.459421
-52.244252,-176.306193,564.151484
-46.419124,-152.859568,560.242522
-36.857860,-135.088478,554.469706
-25.240437,-121.595538,547.999406
-12.581546,-110.534981,542.118101
0.515521,-100.519956,537.885228
13.608288,-90.453953,535.854484
26.244478,-79.222648,535.955365
37.785852,-65.384575,537.573978
47.143293,-47.035063,539.800898
52.539651,-22.929213,541.756408
52.205249,4.003794,542.883191
46.278313,27.499480,543.115025
36.623371,45.242078,542.873047
24.945105,58.692755,542.893394
12.263846,69.718121,543.940630
-4.098288,87.171779,547.386715
-17.066497,97.395147,551.744528
-29.420992,109.095348,556.799050
-40.455035,123.815487,561.476513
-48.944656,143.460523,564.634786
-53.023800,168.593239,565.394283
-51.250490,-164.940305,563.398926
-44.301563,-142.908522,558.933774
-34.096593,-126.392859,552.866615
-22.145086,-113.664280,546.426036
-9.329799,-102.978661,540.873479
3.805437,-93.049062,537.163096
16.830272,-82.803772,535.695989
29.264774,-71.075026,536.250613
40.387190,-56.299468,538.111092
48.946161,-36.536444,540.344352
53.033038,-11.216144,542.127390
51.187952,15.393754,543.016145
44.135071,37.447366,543.073648
33.843420,53.927037,542.821693
21.840513,66.614329,543.033023
9.012523,77.267094,544.429677
-7.370121,94.656450,548.363787
-20.234426,105.130055,552.980481
-32.339751,117.420433,558.049825
-42.879585,133.194264,562.449752
-50.457694,154.292960,565.073899
-53.144141,-179.646590,565.153720
-49.926981,-153.884412,562.489051
-41.983834,-133.314511,557.523068
-31.229396,-117.932321,551.240015
-18.997319,-105.858200,544.909731
-6.058566,-95.468539,539.746812
7.088676,-85.558898,536.584343
20.016462,-75.062891,535.666367
32.205632,-62.739759,536.628571
42.832330,-46.898610,538.670927
50.468623,-25.661498,540.857722
53.141965,0.590191,542.439885
49.838956,26.465157,543.094799
41.792923,47.034839,543.011640
30.959804,62.376781,542.799545
18.685945,74.411308,543.248503
5.744051,84.770382,545.018981
-10.626728,102.177021,549.422995
-23.356288,112.976191,554.246274
-35.163622,125.961021,559.258687
-45.122762,142.914435,563.310293
-51.661026,165.467917,565.351112
-52.881646,-167.908006,564.738365
-48.305328,-143.184322,561.432599
-39.494239,-124.051479,556.028591
-28.272632,-109.676099,549.610742
-15.806635,-98.155208,543.468329
-2.774619,-87.987748,538.748178
10.358611,-78.032931,536.148972
23.157889,-67.210196,535.756470
35.051862,-54.186929,537.074714
45.094403,-37.151733,539.238822
51.676716,-14.439796,541.331116
52.863112,12.369236,542.691809
48.190913,37.173119,543.125173
39.280569,56.289121,542.940642
27.988969,70.622400,542.819366
15.490891,82.105801,543.548656
2.465143,92.244791,545.709517
-13.861284,109.750574,550.554009
-26.422215,120.956324,555.525061
-37.875373,134.748509,560.406995
-47.155145,152.999223,564.043097
-52.524429,176.929301,565.459421
-52.244252,-156.306193,564.151484
-46.419124,-132.859568,560.242522
-36.857860,-115.088478,554.469706
-25.240437,-101.595538,547.999406
-12.581546,-90.534981,542.118101
0.515521,-80.519956,537.885228
13.608288,-70.453953,535.854484
26.244478,-59.222648,535.955365
37.785852,-45.384575,537.573978
47.143293,-27.035063,539.800898
52.539651,-2.929213,541.756408
52.205249,24.003794,542.883191
46.278313,47.499480,543.115025
36.623371,65.242078,542.873047
24.945105,78.692755,542.893394
12.263846,89.718121,543.940630
-0.817748,99.706584,546.499975
-17.066497,117.395147,551.744528
-29.420992,129.095348,556.799050
-40.455035,143.815487,561.476513
-48.944656,163.460523,564.634786
-53.023800,-171.406761,565.394283
-51.250490,-144.940305,563.398926
-44.301563,-122.908522,558.933774
-34.096593,-106.392859,552.866615
-22.145086,-93.664280,546.426036
-9.329799,-82.978661,540.873479
3.805437,-73.049062,537.163096
16.830272,-62.803772,535.695989
29.264774,-51.075026,536.250613
40.387190,-36.299468,538.111092
48.946161,-16.536444,540.344352
53.033038,8.783856,542.127390
51.187952,35.393754,543.016145
44.135071,57.447366,543.073648
33.843420,73.927037,542.821693
21.840513,86.614329,543.033023
9.012523,97.267094,544.429677
-4.098288,107.171779,547.386715
-20.234426,125.130055,552.980481
-32.339751,137.420433,558.049825
-42.879585,153.194264,562.449752
-50.457694,174.292960,565.073899
-53.144141,-159.646590,565.153720
-49.926981,-133.884412,562.489051
-41.983834,-113.314511,557.523068
-31.229396,-97.932321,551.240015
-18.997319,-85.858200,544.909731
-6.058566,-75.468539,539.746812
7.088676,-65.558898,536.584343
20.016462,-55.062891,535.666367
32.205632,-42.739759,536.628571
42.832330,-26.898610,538.670927
50.468623,-5.661498,540.857722
53.141965,20.590191,542.439885
49.838956,46.465157,543.094799
41.792923,67.034839,543.011640
30.959804,82.376781,542.799545
18.685945,94.411308,543.248503
5.744051,104.770382,545.018981
-7.370121,114.656450,548.363787
-23.356288,132.976191,554.246274
-35.163622,145.961021,559.258687
-45.122762,162.914435,563.310293
-51.661026,-174.532083,565.351112
-52.881646,-147.908006,564.738365
-48.305328,-123.184322,561.432599
-39.494239,-104.051479,556.028591
-28.272632,-89.676099,549.610742
-15.806635,-78.155208,543.468329
-2.774619,-67.987748,538.748178
10.358611,-58.032931,536.148972
23.157889,-47.210196,535.756470
35.051862,-34.186929,537.074714
45.094403,-17.151733,539.238822
51.676716,5.560204,541.331116
52.863112,32.369236,542.691809
48.190913,57.173119,543.125173
39.280569,76.289121,542.940642
27.988969,90.622400,542.819366
15.490891,102.105801,543.548656
2.465143,112.244791,545.709517
-10.626728,122.177021,549.422995
-26.422215,140.956324,555.525061
-37.875373,154.748509,560.406995
-47.155145,172.999223,564.043097
-52.524429,-163.070699,565.459421
-52.244252,-136.306193,564.151484
-46.419124,-112.859568,560.242522
-36.857860,-95.088478,554.469706
-25.240437,-81.595538,547.999406
-12.581546,-70.534981,542.118101
0.515521,-60.519956,537.885228
13.608288,-50.453953,535.854484
26.244478,-39.222648,535.955365
37.785852,-25.384575,537.573978
47.143293,-7.035063,539.800898
52.539651,17.070787,541.756408
52.205249,44.003794,542.883191
46.278313,67.499480,543.115025
36.623371,85.242078,542.873047
24.945105,98.692755,542.893394
12.263846,109.718121,543.940630
-0.817748,119.706584,546.499975
-13.861284,129.750574,550.554009
-29.420992,149.095348,556.799050
-40.455035,163.815487,561.476513
-48.944656,-176.539477,564.634786
-53.023800,-151.406761,565.394283
-51.250490,-124.940305,563.398926
-44.301563,-102.908522,558.933774
-34.096593,-86.392859,552.866615
-22.145086,-73.664280,546.426036
-9.329799,-62.978661,540.873479
3.805437,-53.049062,537.163096
16.830272,-42.803772,535.695989
29.264774,-31.075026,536.250613
40.387190,-16.299468,538.111092
48.946161,3.463556,540.344352
53.033038,28.783856,542.127390
51.187952,55.393754,543.016145
44.135071,77.447366,543.073648
33.843420,93.927037,542.821693
21.840513,106.614329,543.033023
9.012523,117.267094,544.429677
-4.098288,127.171779,547.386715
-17.066497,137.395147,551.744528
-32.339751,157.420433,558.049825
-42.879585,173.194264,562.449752
-50.457694,-165.707040,565.073899
-53.144141,-139.646590,565.153720
-49.926981,-113.884412,562.489051
-41.983834,-93.314511,557.523068
-31.229396,-77.932321,551.240015
-18.997319,-65.858200,544.909731
-6.058566,-55.468539,539.746812
7.088676,-45.558898,536.584343
20.016462,-35.062891,535.666367
32.205632,-22.739759,536.628571
42.832330,-6.898610,538.670927
50.468623,14.338502,540.857722
53.141965,40.590191,542.439885
49.838956,66.465157,543.094799
41.792923,87.034839,543.011640
30.959804,102.376781,542.799545
18.685945,114.411308,543.248503
5.744051,124.770382,545.018981
-7.370121,134.656450,548.363787
-20.234426,145.130055,552.980481
-35.163622,165.961021,559.258687
-45.122762,-177.085565,563.310293
-51.661026,-154.532083,565.351112
-52.881646,-127.908006,564.738365
-48.305328,-103.184322,561.432599
-39.494239,-84.051479,556.028591
-28.272632,-69.676099,549.610742
-15.806635,-58.155208,543.468329
-2.774619,-47.987748,538.748178
10.358611,-38.032931,536.148972
23.157889,-27.210196,535.756470
35.051862,-14.186929,537.074714
45.094403,2.848267,539.238822
51.676716,25.560204,541.331116
52.863112,52.369236,542.691809
48.190913,77.173119,543.125173
39.280569,96.289121,542.940642
27.988969,110.622400,542.819366
15.490891,122.105801,543.548656
2.465143,132.244791,545.709517
-10.626728,142.177021,549.422995
-23.356288,152.976191,554.246274
-37.875373,174.748509,560.406995
-47.155145,-167.000777,564.043097
-52.524429,-143.070699,565.459421
-52.244252,-116.306193,564.151484
-46.419124,-92.859568,560.242522
-36.857860,-75.088478,554.469706
-25.240437,-61.595538,547.999406
-12.581546,-50.534981,542.118101
0.515521,-40.519956,537.885228
13.608288,-30.453953,535.854484
26.244478,-19.222648,535.955365
37.785852,-5.384575,537.573978
47.143293,12.964937,539.800898
52.539651,37.070787,541.756408
52.205249,64.003794,542.883191
46.278313,87.499480,543.115025
36.623371,105.242078,542.873047
24.945105,118.692755,542.893394
12.263846,129.718121,543.940630
-0.817748,139.706584,546.499975
-13.861284,149.750574,550.554009
-26.422215,160.956324,555.525061
-40.455035,-176.184513,561.476513
-48.944656,-156.539477,564.634786
-53.023800,-131.406761,565.394283
-51.250490,-104.940305,563.398926
-44.301563,-82.908522,558.933774
-34.096593,-66.392859,552.866615
-22.145086,-53.664280,546.426036
-9.329799,-42.978661,540.873479
3.805437,-33.049062,537.163096
16.830272,-22.803772,535.695989
29.264774,-11.075026,536.250613
40.387190,3.700532,538.111092
48.946161,23.463556,540.344352
53.033038,48.783856,542.127390
51.187952,75.393754,543.016145
44.135071,97.447366,543.073648
33.843420,113.927037,542.821693
21.840513,126.614329,543.033023
9.012523,137.267094,544.429677
-4.098288,147.171779,547.386715
-17.066497,157.395147,551.744528
-29.420992,169.095348,556.799050
-42.879585,-166.805736,562.449752
-50.457694,-145.707040,565.073899
-53.144141,-119.646590,565.153720
-49.926981,-93.884412,562.489051
-41.983834,-73.314511,557.523068
-31.229396,-57.932321,551.240015
-18.997319,-45.858200,544.909731
-6.058566,-35.468539,539.746812
7.088676,-25.558898,536.584343
20.016462,-15.062891,535.666367
32.205632,-2.739759,536.628571
42.832330,13.101390,538.670927
50.468623,34.338502,540.857722
53.141965,60.590191,542.439885
49.838956,86.465157,543.094799
41.792923,107.034839,543.011640
30.959804,122.376781,542.799545
18.685945,134.411308,543.248503
5.744051,144.770382,545.018981
-7.370121,154.656450,548.363787
-20.234426,165.130055,552.980481
-32.339751,177.420433,558.049825
-45.122762,-157.085565,563.310293
-51.661026,-134.532083,565.351112
-52.881646,-107.908006,564.738365
-48.305328,-83.184322,561.432599
-39.494239,-64.051479,556.028591
-28.272632,-49.676099,549.610742
-15.806635,-38.155208,543.468329
-2.774619,-27.987748,538.748178
10.358611,-18.032931,536.148972
23.157889,-7.210196,535.756470
35.051862,5.813071,537.074714
45.094403,22.848267,539.238822
51.676716,45.560204,541.331116
52.863112,72.369236,542.691809
48.190913,97.173119,543.125173
39.280569,116.289121,542.940642
27.988969,130.622400,542.819366
15.490891,142.105801,543.548656
2.465143,152.244791,545.709517
-10.626728,162.177021,549.422995
-23.356288,172.976191,554.246274
-35.163622,-174.038979,559.258687
-47.155145,-147.000777,564.043097
-52.524429,-123.070699,565.459421
-52.244252,-96.306193,564.151484
-46.419124,-72.859568,560.242522
-36.857860,-55.088478,554.469706
-25.240437,-41.595538,547.999406
-12.581546,-30.534981,542.118101
0.515521,-20.519956,537.885228
13.608288,-10.453953,535.854484
26.244478,0.777352,535.955365
37.785852,14.615425,537.573978
47.143293,32.964937,539.800898
52.539651,57.070787,541.756408
52.205249,84.003794,542.883191
46.278313,107.499480,543.115025
36.623371,125.242078,542.873047
24.945105,138.692755,542.893394
12.263846,149.718121,543.940630
-0.817748,159.706584,546.499975
-13.861284,169.750574,550.554009
-26.422215,-179.043676,555.525061
-37.875373,-165.251491,560.406995
-48.944656,-136.539477,564.634786
-53.023800,-111.406761,565.394283
-51.250490,-84.940305,563.398926
-44.301563,-62.908522,558.933774
-34.096593,-46.392859,552.866615
-22.145086,-33.664280,546.426036
-9.329799,-22.978661,540.873479
3.805437,-13.049062,537.163096
16.830272,-2.803772,535.695989
29.264774,8.924974,536.250613
40.387190,23.700532,538.111092
48.946161,43.463556,540.344352
53.033038,68.783856,542.127390
51.187952,95.393754,543.016145
44.135071,117.447366,543.073648
33.843420,133.927037,542.821693
21.840513,146.614329,543.033023
9.012523,157.267094,544.429677
-4.098288,167.171779,547.386715
-17.066497,177.395147,551.744528
-29.420992,-170.904652,556.799050
-40.455035,-156.184513,561.476513
-50.457694,-125.707040,565.073899
-53.144141,-99.646590,565.153720
-49.926981,-73.884412,562.489051
-41.983834,-53.314511,557.523068
-31.229396,-37.932321,551.240015
-18.997319,-25.858200,544.909731
-6.058566,-15.468539,539.746812
7.088676,-5.558898,536.584343
20.016462,4.937109,535.666367
32.205632,17.260241,536.628571
42.832330,33.101390,538.670927
50.468623,54.338502,540.857722
53.141965,80.590191,542.439885
49.838956,106.465157,543.094799
41.792923,127.034839,543.011640
30.959804,142.376781,542.799545
18.685945,154.411308,543.248503
5.744051,164.770382,545.018981
-7.370121,174.656450,548.363787
-20.234426,-174.869945,552.980481
-32.339751,-162.579567,558.049825
-42.879585,-146.805736,562.449752
-51.661026,-114.532083,565.351112
-52.881646,-87.908006,564.738365
-48.305328,-63.184322,561.432599
-39.494239,-44.051479,556.028591
-28.272632,-29.676099,549.610742
-15.806635,-18.155208,543.468329
-2.774619,-7.987748,538.748178
10.358611,1.967069,536.148972
23.157889,12.789804,535.756470
35.051862,25.813071,537.074714
45.094403,42.848267,539.238822
51.676716,65.560204,541.331116
52.863112,92.369236,542.691809
48.190913,117.173119,543.125173
39.280569,136.289121,542.940642
27.988969,150.622400,542.819366
15.490891,162.105801,543.548656
2.465143,172.244791,545.709517
-10.626728,-177.822979,549.422995
-23.356288,-167.023809,554.246274
-35.163622,-154.038979,559.258687
-45.122762,-137.085565,563.310293
-52.524429,-103.070699,565.459421
-52.244252,-76.306193,564.151484
-46.419124,-52.859568,560.242522
-36.857860,-35.088478,554.469706
-25.240437,-21.595538,547.999406
-12.581546,-10.534981,542.118101
0.515521,-0.519956,537.885228
13.608288,9.546047,535.854484
26.244478,20.777352,535.955365
37.785852,34.615425,537.573978
47.143293,52.964937,539.800898
52.539651,77.070787,541.756408
52.205249,104.003794,542.883191
46.278313,127.499480,543.115025
36.623371,145.242078,542.873047
24.945105,158.692755,542.893394
12.263846,169.718121,543.940630
-0.817748,179.706584,546.499975
-13.861284,-170.249426,550.554009
-26.422215,-159.043676,555.525061
-37.875373,-145.251491,560.406995
-47.155145,-127.000777,564.043097
-53.023800,-91.406761,565.394283
-51.250490,-64.940305,563.398926
-44.301563,-42.908522,558.933774
-34.096593,-26.392859,552.866615
-22.145086,-13.664280,546.426036
-9.329799,-2.978661,540.873479
3.805437,6.950938,537.163096
16.830272,17.196228,535.695989
29.264774,28.924974,536.250613
40.387190,43.700532,538.111092
48.946161,63.463556,540.344352
53.033038,88.783856,542.127390
51.187952,115.393754,543.016145
44.135071,137.447366,543.073648
33.843420,153.927037,542.821693
21.840513,166.614329,543.033023
9.012523,177.267094,544.429677
-4.098288,-172.828221,547.386715
-17.066497,-162.604853,551.744528
-29.420992,-150.904652,556.799050
-40.455035,-136.184513,561.476513
-48.944656,-116.539477,564.634786
-53.144141,-79.646590,565.153720
-49.926981,-53.884412,562.489051
-41.983834,-33.314511,557.523068
-31.229396,-17.932321,551.240015
-18.997319,-5.858200,544.909731
-6.058566,4.531461,539.746812
7.088676,14.441102,536.584343
20.016462,24.937109,535.666367
32.205632,37.260241,536.628571
42.832330,53.101390,538.670927
50.468623,74.338502,540.857722
53.141965,100.590191,542.439885
49.838956,126.465157,543.094799
41.792923,147.034839,543.011640
30.959804,162.376781,542.799545
18.685945,174.411308,543.248503
5.744051,-175.229618,545.018981
-7.370121,-165.343550,548.363787
-20.234426,-154.869945,552.980481
-32.339751,-142.579567,558.049825
-42.879585,-126.805736,562.449752
-50.457694,-105.707040,565.073899
-52.881646,-67.908006,564.738365
-48.305328,-43.184322,561.432599
-39.494239,-24.051479,556.028591
-28.272632,-9.676099,549.610742
-15.806635,1.844792,543.468329
-2.774619,12.012252,538.748178
10.358611,21.967069,536.148972
23.157889,32.789804,535.756470
35.051862,45.813071,537.074714
45.094403,62.848267,539.238822
51.676716,85.560204,541.331116
52.863112,112.369236,542.691809
48.190913,137.173119,543.125173
39.280569,156.289121,542.940642
27.988969,170.622400,542.819366
15.490891,-177.894199,543.548656
2.465143,-167.755209,545.709517
-10.626728,-157.822979,549.422995
-23.356288,-147.023809,554.246274
-35.163622,-134.038979,559.258687
-45.122762,-117.085565,563.310293
-51.661026,-94.532083,565.351112
-52.244252,-56.306193,564.151484
-46.419124,-32.859568,560.242522
-36.857860,-15.088478,554.469706
-25.240437,-1.595538,547.999406
-12.581546,9.465019,542.118101
0.515521,19.480044,537.885228
13.608288,29.546047,535.854484
26.244478,40.777352,535.955365
37.785852,54.615425,537.573978
47.143293,72.964937,539.800898
52.539651,97.070787,541.756408
52.205249,124.003794,542.883191
46.278313,147.499480,543.115025
36.623371,165.242078,542.873047
24.945105,178.692755,542.893394
12.263846,-170.281879,543.940630
-0.817748,-160.293416,546.499975
-13.861284,-150.249426,550.554009
-26.422215,-139.043676,555.525061
-37.875373,-125.251491,560.406995
-47.155145,-107.000777,564.043097
-52.524429,-83.070699,565.459421
-51.250490,-44.940305,563.398926
-44.301563,-22.908522,558.933774
-34.096593,-6.392859,552.866615
-22.145086,6.335720,546.426036
-9.329799,17.021339,540.873479
3.805437,26.950938,537.163096
16.830272,37.196228,535.695989
29.264774,48.924974,536.250613
40.387190,63.700532,538.111092
48.946161,83.463556,540.344352
53.033038,108.783856,542.127390
51.187952,135.393754,543.016145
44.135071,157.447366,543.073648
33.843420,173.927037,542.821693
21.840513,-173.385671,543.033023
9.012523,-162.732906,544.429677
-4.098288,-152.828221,547.386715
-17.066497,-142.604853,551.744528
-29.420992,-130.904652,556.799050
-40.455035,-116.184513,561.476513
-48.944656,-96.539477,564.634786
-53.023800,-71.406761,565.394283
-49.926981,-33.884412,562.489051
-41.983834,-13.314511,557.523068
-31.229396,2.067679,551.240015
-18.997319,14.141800,544.909731
-6.058566,24.531461,539.746812
7.088676,34.441102,536.584343
20.016462,44.937109,535.666367
32.205632,57.260241,536.628571
42.832330,73.101390,538.670927
50.468623,94.338502,540.857722
53.141965,120.590191,542.439885
49.838956,146.465157,543.094799
41.792923,167.034839,543.011640
30.959804,-177.623219,542.799545
18.685945,-165.588692,543.248503
5.744051,-155.229618,545.018981
-7.370121,-145.343550,548.363787
-20.234426,-134.869945,552.980481
-32.339751,-122.579567,558.049825
-42.879585,-106.805736,562.449752
-50.457694,-85.707040,565.073899
-53.144141,-59.646590,565.153720
-48.305328,-23.184322,561.432599
-39.494239,-4.051479,556.028591
-28.272632,10.323901,549.610742
-15.806635,21.844792,543.468329
-2.774619,32.012252,538.748178
10.358611,41.967069,536.148972
23.157889,52.789804,535.756470
35.051862,65.813071,537.074714
45.094403,82.848267,539.238822
51.676716,105.560204,541.331116
52.863112,132.369236,542.691809
48.190913,157.173119,543.125173
39.280569,176.289121,542.940642
27.988969,-169.377600,542.819366
15.490891,-157.894199,543.548656
2.465143,-147.755209,545.709517
-10.626728,-137.822979,549.422995
-23.356288,-127.023809,554.246274
-35.163622,-114.038979,559.258687
-45.122762,-97.085565,563.310293
-51.661026,-74.532083,565.351112
-52.881646,-47.908006,564.738365
-46.419124,-12.859568,560.242522
-36.857860,4.911522,554.469706
-25.240437,18.404462,547.999406
-12.581546,29.465019,542.118101
0.515521,39.480044,537.885228
13.608288,49.546047,535.854484
26.244478,60.777352,535.955365
37.785852,74.615425,537.573978
47.143293,92.964937,539.800898
52.539651,117.070787,541.756408
52.205249,144.003794,542.883191
46.278313,167.499480,543.115025
36.623371,-174.757922,542.873047
24.945105,-161.307245,542.893394
12.263846,-150.281879,543.940630
-0.817748,-140.293416,546.499975
-13.861284,-130.249426,550.554009
-26.422215,-119.043676,555.525061
-37.875373,-105.251491,560.406995
-47.155145,-87.000777,564.043097
-52.524429,-63.070699,565.459421
-52.244252,-36.306193,564.151484
-44.301563,-2.908522,558.933774
-34.096593,13.607141,552.866615
-22.145086,26.335720,546.426036
-9.329799,37.021339,540.873479
3.805437,46.950938,537.163096
16.830272,57.196228,535.695989
29.264774,68.924974,536.250613
40.387190,83.700532,538.111092
48.946161,103.463556,540.344352
53.033038,128.783856,542.127390
51.187952,155.393754,543.016145
44.135071,177.447366,543.073648
33.843420,-166.072963,542.821693
21.840513,-153.385671,543.033023
9.012523,-142.732906,544.429677
-4.098288,-132.828221,547.386715
-17.066497,-122.604853,551.744528
-29.420992,-110.904652,556.799050
-40.455035,-96.184513,561.476513
-48.944656,-76.539477,564.634786
-53.023800,-51.406761,565.394283
-51.250490,-24.940305,563.398926
-41.983834,6.685489,557.523068
-31.229396,22.067679,551.240015
-18.997319,34.141800,544.909731
-6.058566,44.531461,539.746812
7.088676,54.441102,536.584343
20.016462,64.937109,535.666367
32.205632,77.260241,536.628571
42.832330,93.101390,538.670927
50.468623,114.338502,540.857722
53.141965,140.590191,542.439885
49.838956,166.465157,543.094799
41.792923,-172.965161,543.011640
30.959804,-157.623219,542.799545
18.685945,-145.588692,543.248503
5.744051,-135.229618,545.018981
-7.370121,-125.343550,548.363787
-20.234426,-114.869945,552.980481
-32.339751,-102.579567,558.049825
-42.879585,-86.805736,562.449752
-50.457694,-65.707040,565.073899
-53.144141,-39.646590,565.153720
-49.926981,-13.884412,562.489051
-39.494239,15.948521,556.028591
-28.272632,30.323901,549.610742
-15.806635,41.844792,543.468329
-2.774619,52.012252,538.748178
10.358611,61.967069,536.148972
23.157889,72.789804,535.756470
35.051862,85.813071,537.074714
45.094403,102.848267,539.238822
51.676716,125.560204,541.331116
52.863112,152.369236,542.691809
48.190913,177.173119,543.125173
39.280569,-163.710879,542.940642
27.988969,-149.377600,542.819366
15.490891,-137.894199,543.548656
2.465143,-127.755209,545.709517
-10.626728,-117.822979,549.422995
-23.356288,-107.023809,554.246274
-35.163622,-94.038979,559.258687
-45.122762,-77.085565,563.310293
-51.661026,-54.532083,565.351112
-52.881646,-27.908006,564.738365
-48.305328,-3.184322,561.432599
-36.857860,24.911522,554.469706
-25.240437,38.404462,547.999406
-12.581546,49.465019,542.118101
0.515521,59.480044,537.885228
13.608288,69.546047,535.854484
26.244478,80.777352,535.955365
37.785852,94.615425,537.573978
47.143293,112.964937,539.800898
52.539651,137.070787,541.756408
52.205249,164.003794,542.883191
46.278313,-172.500520,543.115025
36.623371,-154.757922,542.873047
24.945105,-141.307245,542.893394
12.263846,-130.281879,543.940630
-0.817748,-120.293416,546.499975
-13.861284,-110.249426,550.554009
-26.422215,-99.043676,555.525061
-37.875373,-85.251491,560.406995
-47.155145,-67.000777,564.043097
-52.524429,-43.070699,565.459421
-52.244252,-16.306193,564.151484
-46.419124,7.140432,560.242522
-34.096593,33.607141,552.866615
-22.145086,46.335720,546.426036
-9.329799,57.021339,540.873479
3.805437,66.950938,537.163096
16.830272,77.196228,535.695989
29.264774,88.924974,536.250613
40.387190,103.700532,538.111092
48.946161,123.463556,540.344352
53.033038,148.783856,542.127390
51.187952,175.393754,543.016145
44.135071,-162.552634,543.073648
33.843420,-146.072963,542.821693
21.840513,-133.385671,543.033023
9.012523,-122.732906,544.429677
-4.098288,-112.828221,547.386715
-17.066497,-102.604853,551.744528
-29.420992,-90.904652,556.799050
-40.455035,-76.184513,561.476513
-48.944656,-56.539477,564.634786
-53.023800,-31.406761,565.394283
-51.250490,-4.940305,563.398926
-44.301563,17.091478,558.933774
-31.229396,42.067679,551.240015
-18.997319,54.141800,544.909731
-6.058566,64.531461,539.746812
7.088676,74.441102,536.584343
20.016462,84.937109,535.666367
32.205632,97.260241,536.628571
42.832330,113.101390,538.670927
50.468623,134.338502,540.857722
53.141965,160.590191,542.439885
49.838956,-173.534843,543.094799
41.792923,-152.965161,543.011640
30.959804,-137.623219,542.799545
18.685945,-125.588692,543.248503
5.744051,-115.229618,545.018981
-7.370121,-105.343550,548.363787
-20.234426,-94.869945,552.980481
-32.339751,-82.579567,558.049825
-42.879585,-66.805736,562.449752
-50.457694,-45.707040,565.073899
-53.144141,-19.646590,565.153720
-49.926981,6.115588,562.489051
-41.983834,26.685489,557.523068
-28.272632,50.323901,549.610742
-15.806635,61.844792,543.468329
-2.774619,72.012252,538.748178
10.358611,81.967069,536.148972
23.157889,92.789804,535.756470
35.051862,105.813071,537.074714
45.094403,122.848267,539.238822
51.676716,145.560204,541.331116
52.863112,172.369236,542.691809
48.190913,-162.826881,543.125173
39.280569,-143.710879,542.940642
27.988969,-129.377600,542.819366
15.490891,-117.894199,543.548656
2.465143,-107.755209,545.709517
-10.626728,-97.822979,549.422995
-23.356288,-87.023809,554.246274
-35.163622,-74.038979,559.258687
-45.122762,-57.085565,563.310293
-51.661026,-34.532083,565.351112
-52.881646,-7.908006,564.738365
-48.305328,16.815678,561.432599
-39.494239,35.948521,556.028591
-25.240437,58.404462,547.999406
-12.581546,69.465019,542.118101
0.515521,79.480044,537.885228
13.608288,89.546047,535.854484
26.244478,100.777352,535.955365
37.785852,114.615425,537.573978
47.143293,132.964937,539.800898
52.539651,157.070787,541.756408
52.205249,-175.996206,542.883191
46.278313,-152.500520,543.115025
36.623371,-134.757922,542.873047
24.945105,-121.307245,542.893394
12.263846,-110.281879,543.940630
-0.817748,-100.293416,546.499975
-13.861284,-90.249426,550.554009
-26.422215,-79.043676,555.525061
-37.875373,-65.251491,560.406995
-47.155145,-47.000777,564.043097
-52.524429,-23.070699,565.459421
-52.244252,3.693807,564.151484
-46.419124,27.140432,560.242522
-36.857860,44.911522,554.469706
-22.145086,66.335720,546.426036
-9.329799,77.021339,540.873479
3.805437,86.950938,537.163096
16.830272,97.196228,535.695989
29.264774,108.924974,536.250613
40.387190,123.700532,538.111092
48.946161,143.463556,540.344352
53.033038,168.783856,542.127390
51.187952,-164.606246,543.016145
44.135071,-142.552634,543.073648
33.843420,-126.072963,542.821693
21.840513,-113.385671,543.033023
9.012523,-102.732906,544.429677
-4.098288,-92.828221,547.386715
-17.066497,-82.604853,551.744528
-29.420992,-70.904652,556.799050
-40.455035,-56.184513,561.476513
-48.944656,-36.539477,564.634786
-53.023800,-11.406761,565.394283
-51.250490,15.059695,563.398926
-44.301563,37.091478,558.933774
-34.096593,53.607141,552.866615
-18.997319,74.141800,544.909731
-6.058566,84.531461,539.746812
7.088676,94.441102,536.584343
20.016462,104.937109,535.666367
32.205632,117.260241,536.628571
42.832330,133.101390,538.670927
50.468623,154.338502,540.857722
53.141965,-179.409809,542.439885
49.838956,-153.534843,543.094799
41.792923,-132.965161,543.011640
30.959804,-117.623219,542.799545
18.685945,-105.588692,543.248503
5.744051,-95.229618,545.018981
-7.370121,-85.343550,548.363787
-20.234426,-74.869945,552.980481
-32.339751,-62.579567,558.049825
-42.879585,-46.805736,562.449752
-50.457694,-25.707040,565.073899
-53.144141,0.353410,565.153720
-49.926981,26.115588,562.489051
-41.983834,46.685489,557.523068
-31.229396,62.067679,551.240015
-15.806635,81.844792,543.468329
-2.774619,92.012252,538.748178
10.358611,101.967069,536.148972
23.157889,112.789804,535.756470
35.051862,125.813071,537.074714
45.094403,142.848267,539.238822
51.676716,165.560204,541.331116
52.863112,-167.630764,542.691809
48.190913,-142.826881,543.125173
39.280569,-123.710879,542.940642
27.988969,-109.377600,542.819366
15.490891,-97.894199,543.548656
2.465143,-87.755209,545.709517
-10.626728,-77.822979,549.422995
-23.356288,-67.023809,554.246274
-35.163622,-54.038979,559.258687
-45.122762,-37.085565,563.310293
-51.661026,-14.532083,565.351112
-52.881646,12.091994,564.738365
-48.305328,36.815678,561.432599
-39.494239,55.948521,556.028591
-28.272632,70.323901,549.610742
-12.581546,89.465019,542.118101
0.515521,99.480044,537.885228
13.608288,109.546047,535.854484
26.244478,120.777352,535.955365
37.785852,134.615425,537.573978
47.143293,152.964937,539.800898
52.539651,177.070787,541.756408
52.205249,-155.996206,542.883191
46.278313,-132.500520,543.115025
36.623371,-114.757922,542.873047
24.945105,-101.307245,542.893394
12.263846,-90.281879,543.940630
-0.817748,-80.293416,546.499975
-13.861284,-70.249426,550.554009
-26.422215,-59.043676,555.525061
-37.875373,-45.251491,560.406995
-47.155145,-27.000777,564.043097
-52.524429,-3.070699,565.459421
-52.244252,23.693807,564.151484
-46.419124,47.140432,560.242522
-36.857860,64.911522,554.469706
-25.240437,78.404462,547.999406
-9.329799,97.021339,540.873479
3.805437,106.950938,537.163096
16.830272,117.196228,535.695989
29.264774,128.924974,536.250613
40.387190,143.700532,538.111092
48.946161,163.463556,540.344352
53.033038,-171.216144,542.127390
51.187952,-144.606246,543.016145
44.135071,-122.552634,543.073648
33.843420,-106.072963,542.821693
21.840513,-93.385671,543.033023
9.012523,-82.732906,544.429677
-4.098288,-72.828221,547.386715
-17.066497,-62.604853,551.744528
-29.420992,-50.904652,556.799050
-40.455035,-36.184513,561.476513
-48.944656,-16.539477,564.634786
-53.023800,8.593239,565.394283
-51.250490,35.059695,563.398926
-44.301563,57.091478,558.933774
-34.096593,73.607141,552.866615
-22.145086,86.335720,546.426036
-6.058566,104.531461,539.746812
7.088676,114.441102,536.584343
20.016462,124.937109,535.666367
32.205632,137.260241,536.628571
42.832330,153.101390,538.670927
50.468623,174.338502,540.857722
53.141965,-159.409809,542.439885
49.838956,-133.534843,543.094799
41.792923,-112.965161,543.011640
30.959804,-97.623219,542.799545
18.685945,-85.588692,543.248503
5.744051,-75.229618,545.018981
-7.370121,-65.343550,548.363787
-20.234426,-54.869945,552.980481
-32.339751,-42.579567,558.049825
-42.879585,-26.805736,562.449752
-50.457694,-5.707040,565.073899
-53.144141,20.353410,565.153720
-49.926981,46.115588,562.489051
-41.983834,66.685489,557.523068
-31.229396,82.067679,551.240015
-18.997319,94.141800,544.909731
-2.774619,112.012252,538.748178
10.358611,121.967069,536.148972
23.157889,132.789804,535.756470
35.051862,145.813071,537.074714
45.094403,162.848267,539.238822
51.676716,-174.439796,541.331116
52.863112,-147.630764,542.691809
48.190913,-122.826881,543.125173
39.280569,-103.710879,542.940642
27.988969,-89.377600,542.819366
15.490891,-77.894199,543.548656
2.465143,-67.755209,545.709517
-10.626728,-57.822979,549.422995
-23.356288,-47.023809,554.246274
-35.163622,-34.038979,559.258687
-45.122762,-17.085565,563.310293
-51.661026,5.467917,565.351112
-52.881646,32.091994,564.738365
-48.305328,56.815678,561.432599
-39.494239,75.948521,556.028591
-28.272632,90.323901,549.610742
-15.806635,101.844792,543.468329
0.515521,119.480044,537.885228
13.608288,129.546047,535.854484
26.244478,140.777352,535.955365
37.785852,154.615425,537.573978
47.143293,172.964937,539.800898
52.539651,-162.929213,541.756408
52.205249,-135.996206,542.883191
46.278313,-112.500520,543.115025
36.623371,-94.757922,542.873047
24.945105,-81.307245,542.893394
12.263846,-70.281879,543.940630
-0.817748,-60.293416,546.499975
-13.861284,-50.249426,550.554009
-26.422215,-39.043676,555.525061
-37.875373,-25.251491,560.406995
-47.155145,-7.000777,564.043097
-52.524429,16.929301,565.459421
-52.244252,43.693807,564.151484
-46.419124,67.140432,560.242522
-36.857860,84.911522,554.469706
-25.240437,98.404462,547.999406
-12.581546,109.465019,542.118101
3.805437,126.950938,537.163096
16.830272,137.196228,535.695989
29.264774,148.924974,536.250613
40.387190,163.700532,538.111092
48.946161,-176.536444,540.344352
53.033038,-151.216144,542.127390
51.187952,-124.606246,543.016145
44.135071,-102.552634,543.073648
33.843420,-86.072963,542.821693
21.840513,-73.385671,543.033023
9.012523,-62.732906,544.429677
-4.098288,-52.828221,547.386715
-17.066497,-42.604853,551.744528
-29.420992,-30.904652,556.799050
-40.455035,-16.184513,561.476513
-48.944656,3.460523,564.634786
-53.023800,28.593239,565.394283
-51.250490,55.059695,563.398926
-44.301563,77.091478,558.933774
-34.096593,93.607141,552.866615
-22.145086,106.335720,546.426036
-9.329799,117.021339,540.873479
7.088676,134.441102,536.584343
20.016462,144.937109,535.666367
32.205632,157.260241,536.628571
42.832330,173.101390,538.670927
50.468623,-165.661498,540.857722
53.141965,-139.409809,542.439885
49.838956,-113.534843,543.094799
41.792923,-92.965161,543.011640
30.959804,-77.623219,542.799545
18.685945,-65.588692,543.248503
5.744051,-55.229618,545.018981
-7.370121,-45.343550,548.363787
-20.234426,-34.869945,552.980481
-32.339751,-22.579567,558.049825
-42.879585,-6.805736,562.449752
-50.457694,14.292960,565.073899
-53.144141,40.353410,565.153720
-49.926981,66.115588,562.489051
-41.983834,86.685489,557.523068
-31.229396,102.067679,551.240015
-18.997319,114.141800,544.909731
-6.058566,124.531461,539.746812
10.358611,141.967069,536.148972
23.157889,152.789804,535.756470
35.051862,165.813071,537.074714
45.094403,-177.151733,539.238822
51.676716,-154.439796,541.331116
52.863112,-127.630764,542.691809
48.190913,-102.826881,543.125173
39.280569,-83.710879,542.940642
27.988969,-69.377600,542.819366
15.490891,-57.894199,543.548656
2.465143,-47.755209,545.709517
-10.626728,-37.822979,549.422995
-23.356288,-27.023809,554.246274
-35.163622,-14.038979,559.258687
-45.122762,2.914435,563.310293
-51.661026,25.467917,565.351112
-52.881646,52.091994,564.738365
-48.305328,76.815678,561.432599
-39.494239,95.948521,556.028591
-28.272632,110.323901,549.610742
-15.806635,121.844792,543.468329
-2.774619,132.012252,538.748178
13.608288,149.546047,535.854484
26.244478,160.777352,535.955365
37.785852,174.615425,537.573978
47.143293,-167.035063,539.800898
52.539651,-142.929213,541.756408
52.205249,-115.996206,542.883191
46.278313,-92.500520,543.115025
36.623371,-74.757922,542.873047
24.945105,-61.307245,542.893394
12.263846,-50.281879,543.940630
-0.817748,-40.293416,546.499975
-13.861284,-30.249426,550.554009
-26.422215,-19.043676,555.525061
-37.875373,-5.251491,560.406995
-47.155145,12.999223,564.043097
-52.524429,36.929301,565.459421
-52.244252,63.693807,564.151484
-46.419124,87.140432,560.242522
-36.857860,104.911522,554.469706
-25.240437,118.404462,547.999406
-12.581546,129.465019,542.118101
0.515521,139.480044,537.885228
16.830272,157.196228,535.695989
29.264774,168.924974,536.250613
40.387190,-176.299468,538.111092
48.946161,-156.536444,540.344352
53.033038,-131.216144,542.127390
51.187952,-104.606246,543.016145
44.135071,-82.552634,543.073648
33.843420,-66.072963,542.821693
21.840513,-53.385671,543.033023
9.012523,-42.732906,544.429677
-4.098288,-32.828221,547.386715
-17.066497,-22.604853,551.744528
-29.420992,-10.904652,556.799050
-40.455035,3.815487,561.476513
-48.944656,23.460523,564.634786
-53.023800,48.593239,565.394283
-51.250490,75.059695,563.398926
-44.301563,97.091478,558.933774
-34.096593,113.607141,552.866615
-22.145086,126.335720,546.426036
-9.329799,137.021339,540.873479
3.805437,146.950938,537.163096
20.016462,164.937109,535.666367
32.205632,177.260241,536.628571
42.832330,-166.898610,538.670927
50.468623,-145.661498,540.857722
53.141965,-119.409809,542.439885
49.838956,-93.534843,543.094799
41.792923,-72.965161,543.011640
30.959804,-57.623219,542.799545
18.685945,-45.588692,543.248503
5.744051,-35.229618,545.018981
-7.370121,-25.343550,548.363787
-20.234426,-14.869945,552.980481
-32.339751,-2.579567,558.049825
-42.879585,13.194264,562.449752
-50.457694,34.292960,565.073899
-53.144141,60.353410,565.153720
-49.926981,86.115588,562.489051
-41.983834,106.685489,557.523068
-31.229396,122.067679,551.240015
-18.997319,134.141800,544.909731
-6.058566,144.531461,539.746812
7.088676,154.441102,536.584343
23.157889,172.789804,535.756470
35.051862,-174.186929,537.074714
45.094403,-157.151733,539.238822
51.676716,-134.439796,541.331116
52.863112,-107.630764,542.691809
48.190913,-82.826881,543.125173
39.280569,-63.710879,542.940642
27.988969,-49.377600,542.819366
15.490891,-37.894199,543.548656
2.465143,-27.755209,545.709517
-10.626728,-17.822979,549.422995
-23.356288,-7.023809,554.246274
-35.163622,5.961021,559.258687
-45.122762,22.914435,563.310293
-51.661026,45.467917,565.351112
-52.881646,72.091994,564.738365
-48.305328,96.815678,561.432599
-39.494239,115.948521,556.028591
-28.272632,130.323901,549.610742
-15.806635,141.844792,543.468329
-2.774619,152.012252,538.748178
10.358611,161.967069,536.148972
26.244478,-179.222648,535.955365
37.785852,-165.384575,537.573978
47.143293,-147.035063,539.800898
52.539651,-122.929213,541.756408
52.205249,-95.996206,542.883191
46.278313,-72.500520,543.115025
36.623371,-54.757922,542.873047
24.945105,-41.307245,542.893394
12.263846,-30.281879,543.940630
-0.817748,-20.293416,546.499975
-13.861284,-10.249426,550.554009
-26.422215,0.956324,555.525061
-37.875373,14.748509,560.406995
-47.155145,32.999223,564.043097
-52.524429,56.929301,565.459421
-52.244252,83.693807,564.151484
-46.419124,107.140432,560.242522
-36.857860,124.911522,554.469706
-25.240437,138.404462,547.999406
-12.581546,149.465019,542.118101
0.515521,159.480044,537.885228
13.608288,169.546047,535.854484
29.264774,-171.075026,536.250613
40.387190,-156.299468,538.111092
48.946161,-136.536444,540.344352
53.033038,-111.216144,542.127390
51.187952,-84.606246,543.016145
44.135071,-62.552634,543.073648
33.843420,-46.072963,542.821693
21.840513,-33.385671,543.033023
9.012523,-22.732906,544.429677
-4.098288,-12.828221,547.386715
-17.066497,-2.604853,551.744528
-29.420992,9.095348,556.799050
-40.455035,23.815487,561.476513
-48.944656,43.460523,564.634786
-53.023800,68.593239,565.394283
-51.250490,95.059695,563.398926
-44.301563,117.091478,558.933774
-34.096593,133.607141,552.866615
-22.145086,146.335720,546.426036
-9.329799,157.021339,540.873479
3.805437,166.950938,537.163096
16.830272,177.196228,535.695989
32.205632,-162.739759,536.628571
42.832330,-146.898610,538.670927
50.468623,-125.661498,540.857722
53.141965,-99.409809,542.439885
49.838956,-73.534843,543.094799
41.792923,-52.965161,543.011640
30.959804,-37.623219,542.799545
18.685945,-25.588692,543.248503
5.744051,-15.229618,545.018981
-7.370121,-5.343550,548.363787
-20.234426,5.130055,552.980481
-32.339751,17.420433,558.049825
-42.879585,33.194264,562.449752
-50.457694,54.292960,565.073899
-53.144141,80.353410,565.153720
-49.926981,106.115588,562.489051
-41.983834,126.685489,557.523068
-31.229396,142.067679,551.240015
-18.997319,154.141800,544.909731
-6.058566,164.531461,539.746812
7.088676,174.441102,536.584343
20.016462,-175.062891,535.666367
35.051862,-154.186929,537.074714
45.094403,-137.151733,539.238822
51.676716,-114.439796,541.331116
52.863112,-87.630764,542.691809
48.190913,-62.826881,543.125173
39.280569,-43.710879,542.940642
27.988969,-29.377600,542.819366
15.490891,-17.894199,543.548656
2.465143,-7.755209,545.709517
-10.626728,2.177021,549.422995
-23.356288,12.976191,554.246274
-35.163622,25.961021,559.258687
-45.122762,42.914435,563.310293
-51.661026,65.467917,565.351112
-52.881646,92.091994,564.738365
-48.305328,116.815678,561.432599
-39.494239,135.948521,556.028591
-28.272632,150.323901,549.610742
-15.806635,161.844792,543.468329
-2.774619,172.012252,538.748178
10.358611,-178.032931,536.148972
23.157889,-167.210196,535.756470
37.785852,-145.384575,537.573978
47.143293,-127.035063,539.800898
52.539651,-102.929213,541.756408
52.205249,-75.996206,542.883191
46.278313,-52.500520,543.115025
36.623371,-34.757922,542.873047
24.945105,-21.307245,542.893394
12.263846,-10.281879,543.940630
-0.817748,-0.293416,546.499975
-13.861284,9.750574,550.554009
-26.422215,20.956324,555.525061
-37.875373,34.748509,560.406995
-47.155145,52.999223,564.043097
-52.524429,76.929301,565.459421
-52.244252,103.693807,564.151484
-46.419124,127.140432,560.242522
-36.857860,144.911522,554.469706
-25.240437,158.404462,547.999406
-12.581546,169.465019,542.118101
0.515521,179.480044,537.885228
13.608288,-170.453953,535.854484
26.244478,-159.222648,535.955365
40.387190,-136.299468,538.111092
48.946161,-116.536444,540.344352
53.033038,-91.216144,542.127390
51.187952,-64.606246,543.016145
44.135071,-42.552634,543.073648
33.843420,-26.072963,542.821693
21.840513,-13.385671,543.033023
9.012523,-2.732906,544.429677
-4.098288,7.171779,547.386715
-17.066497,17.395147,551.744528
-29.420992,29.095348,556.799050
-40.455035,43.815487,561.476513
-48.944656,63.460523,564.634786
-53.023800,88.593239,565.394283
-51.250490,115.059695,563.398926
-44.301563,137.091478,558.933774
-34.096593,153.607141,552.866615
-22.145086,166.335720,546.426036
-9.329799,177.021339,540.873479
3.805437,-173.049062,537.163096
16.830272,-162.803772,535.695989
29.264774,-151.075026,536.250613
