41.755524,-32.901554,543.010582
30.914760,-17.576092,542.799496
18.637116,-5.550783,543.252451
5.693712,4.804363,545.028826
-7.420311,14.690649,548.379468
-20.282786,25.168676,552.999752
-32.383916,37.468917,558.068771
-42.915509,53.259936,562.463873
-50.478617,74.381162,565.079407
-53.142998,100.453229,565.148655
-49.904225,126.201749,562.473894
-41.946798,146.749216,557.500685
-31.184586,162.114971,551.214942
-18.948576,174.179844,544.886968
-6.008167,-175.434457,539.730474
7.139057,-165.524615,536.576572
20.065113,-155.024174,535.666874
32.250140,-142.691104,536.634951
42.868559,-126.832565,538.679632
50.489656,-105.572606,540.865323
53.140606,-79.309319,542.444216
49.815799,-53.448506,543.095610
39.240760,-23.652152,542.939541
27.942700,-9.333380,542.820059
15.441509,2.142297,543.553966
2.414695,12.278456,545.720914
-10.676632,22.211904,549.439863
-23.403865,33.016694,554.265875
-35.206201,46.013058,559.276843
-45.155677,62.985558,563.322561
-51.676941,85.561020,565.354071
-52.874650,112.190557,564.730633
-48.278250,136.896156,561.415285
-39.454765,156.007395,556.005070
-28.226561,170.368282,549.585790
-15.757301,-178.118586,543.446849
-2.724076,-167.953988,538.733873
10.408734,-157.997966,536.143391
23.205776,-147.169586,535.758736
35.094784,-134.134685,537.082026
45.127591,-117.080161,539.247539
51.692665,-94.345950,541.338034
52.855830,-67.531636,542.695203
48.163427,-42.746335,543.125299
36.581516,-14.703568,542.872098
24.897814,-1.265506,542.895012
12.214034,9.753504,543.947398
-0.868208,19.740180,546.512885
-13.910794,29.786409,550.571890
-26.468849,40.999076,555.544725
-37.916080,54.804594,560.424077
-47.184575,73.076079,564.053293
-52.534911,97.026219,565.459742
-52.231614,123.789438,564.141154
-46.388242,147.215106,560.223266
-36.816308,164.966037,554.445351
-25.193307,178.446354,547.974888
-12.531745,-170.499481,542.098140
0.566109,-160.486270,537.873056
13.658043,-150.418034,535.851037
26.291437,-139.179774,535.959209
37.826898,-125.328237,537.581986
47.172954,-106.957675,539.809423
52.550083,-82.831533,541.762532
52.192269,-55.900138,542.885666
46.247029,-32.425861,543.114596
33.799835,-6.022468,542.821095
21.792376,6.653975,543.035733
8.962395,17.301644,544.437968
-4.148663,27.205552,547.401065
-17.115495,37.432221,551.763218
-29.466498,49.140747,556.818498
-40.493540,63.876124,561.492245
-48.970092,83.543177,564.642718
-53.028543,108.692486,565.391917
-51.232565,135.151050,563.386109
-44.267375,157.160507,558.912821
-34.053277,173.657801,552.841741
-22.097072,-173.624490,546.402253
-9.279646,-162.944002,540.855243
3.855972,-153.015203,537.153114
16.879540,-142.766610,535.694582
29.310616,-131.029483,536.255834
40.426021,-116.238523,538.119563
48.971774,-96.453175,540.352497
53.037645,-71.116157,542.132642
51.169647,-44.514589,543.017749
44.100497,-22.483682,543.072818
30.914760,2.423908,542.799496
18.637116,14.449217,543.252451
5.693712,24.804363,545.028826
-7.420311,34.690649,548.379468
-20.282786,45.168676,552.999752
-32.383916,57.468917,558.068771
-42.915509,73.259936,562.463873
-50.478617,94.381162,565.079407
-53.142998,120.453229,565.148655
-49.904225,146.201749,562.473894
-41.946798,166.749216,557.500685
-31.184586,-177.885029,551.214942
-18.948576,-165.820156,544.886968
-6.008167,-155.434457,539.730474
7.139057,-145.524615,536.576572
20.065113,-135.024174,535.666874
32.250140,-122.691104,536.634951
42.868559,-106.832565,538.679632
50.489656,-85.572606,540.865323
53.140606,-59.309319,542.444216
49.815799,-33.448506,543.095610
41.755524,-12.901554,543.010582
27.942700,10.666620,542.820059
15.441509,22.142297,543.553966
2.414695,32.278456,545.720914
-10.676632,42.211904,549.439863
-23.403865,53.016694,554.265875
-35.206201,66.013058,559.276843
-45.155677,82.985558,563.322561
-51.676941,105.561020,565.354071
-52.874650,132.190557,564.730633
-48.278250,156.896156,561.415285
-39.454765,176.007395,556.005070
-28.226561,-169.631718,549.585790
-15.757301,-158.118586,543.446849
-2.724076,-147.953988,538.733873
10.408734,-137.997966,536.143391
23.205776,-127.169586,535.758736
35.094784,-114.134685,537.082026
45.127591,-97.080161,539.247539
51.692665,-74.345950,541.338034
52.855830,-47.531636,542.695203
48.163427,-22.746335,543.125299
39.240760,-3.652152,542.939541
24.897814,18.734494,542.895012
12.214034,29.753504,543.947398
-0.868208,39.740180,546.512885
-13.910794,49.786409,550.571890
-26.468849,60.999076,555.544725
-37.916080,74.804594,560.424077
-47.184575,93.076079,564.053293
-52.534911,117.026219,565.459742
-52.231614,143.789438,564.141154
-46.388242,167.215106,560.223266
-36.816308,-175.033963,554.445351
-25.193307,-161.553646,547.974888
-12.531745,-150.499481,542.098140
0.566109,-140.486270,537.873056
13.658043,-130.418034,535.851037
26.291437,-119.179774,535.959209
37.826898,-105.328237,537.581986
47.172954,-86.957675,539.809423
52.550083,-62.831533,541.762532
52.192269,-35.900138,542.885666
46.247029,-12.425861,543.114596
36.581516,5.296432,542.872098
21.792376,26.653975,543.035733
8.962395,37.301644,544.437968
-4.148663,47.205552,547.401065
-17.115495,57.432221,551.763218
-29.466498,69.140747,556.818498
-40.493540,83.876124,561.492245
-48.970092,103.543177,564.642718
-53.028543,128.692486,565.391917
-51.232565,155.151050,563.386109
-44.267375,177.160507,558.912821
-34.053277,-166.342199,552.841741
-22.097072,-153.624490,546.402253
-9.279646,-142.944002,540.855243
3.855972,-133.015203,537.153114
16.879540,-122.766610,535.694582
29.310616,-111.029483,536.255834
40.426021,-96.238523,538.119563
48.971774,-76.453175,540.352497
53.037645,-51.116157,542.132642
51.169647,-24.514589,543.017749
44.100497,-2.483682,543.072818
33.799835,13.977532,542.821095
18.637116,34.449217,543.252451
5.693712,44.804363,545.028826
-7.420311,54.690649,548.379468
-20.282786,65.168676,552.999752
-32.383916,77.468917,558.068771
-42.915509,93.259936,562.463873
-50.478617,114.381162,565.079407
-53.142998,140.453229,565.148655
-49.904225,166.201749,562.473894
-41.946798,-173.250784,557.500685
-31.184586,-157.885029,551.214942
-18.948576,-145.820156,544.886968
-6.008167,-135.434457,539.730474
7.139057,-125.524615,536.576572
20.065113,-115.024174,535.666874
32.250140,-102.691104,536.634951
42.868559,-86.832565,538.679632
50.489656,-65.572606,540.865323
53.140606,-39.309319,542.444216
49.815799,-13.448506,543.095610
41.755524,7.098446,543.010582
30.914760,22.423908,542.799496
15.441509,42.142297,543.553966
2.414695,52.278456,545.720914
-10.676632,62.211904,549.439863
-23.403865,73.016694,554.265875
-35.206201,86.013058,559.276843
-45.155677,102.985558,563.322561
-51.676941,125.561020,565.354071
-52.874650,152.190557,564.730633
-48.278250,176.896156,561.415285
-39.454765,-163.992605,556.005070
-28.226561,-149.631718,549.585790
-15.757301,-138.118586,543.446849
-2.724076,-127.953988,538.733873
10.408734,-117.997966,536.143391
23.205776,-107.169586,535.758736
35.094784,-94.134685,537.082026
45.127591,-77.080161,539.247539
51.692665,-54.345950,541.338034
52.855830,-27.531636,542.695203
48.163427,-2.746335,543.125299
39.240760,16.347848,542.939541
27.942700,30.666620,542.820059
12.214034,49.753504,543.947398
-0.868208,59.740180,546.512885
-13.910794,69.786409,550.571890
-26.468849,80.999076,555.544725
-37.916080,94.804594,560.424077
-47.184575,113.076079,564.053293
-52.534911,137.026219,565.459742
-52.231614,163.789438,564.141154
-46.388242,-172.784894,560.223266
-36.816308,-155.033963,554.445351
-25.193307,-141.553646,547.974888
-12.531745,-130.499481,542.098140
0.566109,-120.486270,537.873056
13.658043,-110.418034,535.851037
26.291437,-99.179774,535.959209
37.826898,-85.328237,537.581986
47.172954,-66.957675,539.809423
52.550083,-42.831533,541.762532
52.192269,-15.900138,542.885666
46.247029,7.574139,543.114596
36.581516,25.296432,542.872098
24.897814,38.734494,542.895012
8.962395,57.301644,544.437968
-4.148663,67.205552,547.401065
-17.115495,77.432221,551.763218
-29.466498,89.140747,556.818498
-40.493540,103.876124,561.492245
-48.970092,123.543177,564.642718
-53.028543,148.692486,565.391917
-51.232565,175.151050,563.386109
-44.267375,-162.839493,558.912821
-34.053277,-146.342199,552.841741
-22.097072,-133.624490,546.402253
-9.279646,-122.944002,540.855243
3.855972,-113.015203,537.153114
16.879540,-102.766610,535.694582
29.310616,-91.029483,536.255834
40.426021,-76.238523,538.119563
48.971774,-56.453175,540.352497
53.037645,-31.116157,542.132642
51.169647,-4.514589,543.017749
44.100497,17.516318,543.072818
33.799835,33.977532,542.821095
21.792376,46.653975,543.035733
5.693712,64.804363,545.028826
-7.420311,74.690649,548.379468
-20.282786,85.168676,552.999752
-32.383916,97.468917,558.068771
-42.915509,113.259936,562.463873
-50.478617,134.381162,565.079407
-53.142998,160.453229,565.148655
-49.904225,-173.798251,562.473894
-41.946798,-153.250784,557.500685
-31.184586,-137.885029,551.214942
-18.948576,-125.820156,544.886968
-6.008167,-115.434457,539.730474
7.139057,-105.524615,536.576572
20.065113,-95.024174,535.666874
32.250140,-82.691104,536.634951
42.868559,-66.832565,538.679632
50.489656,-45.572606,540.865323
53.140606,-19.309319,542.444216
49.815799,6.551494,543.095610
41.755524,27.098446,543.010582
30.914760,42.423908,542.799496
18.637116,54.449217,543.252451
2.414695,72.278456,545.720914
-10.676632,82.211904,549.439863
-23.403865,93.016694,554.265875
-35.206201,106.013058,559.276843
-45.155677,122.985558,563.322561
-51.676941,145.561020,565.354071
-52.874650,172.190557,564.730633
-48.278250,-163.103844,561.415285
-39.454765,-143.992605,556.005070
-28.226561,-129.631718,549.585790
-15.757301,-118.118586,543.446849
-2.724076,-107.953988,538.733873
10.408734,-97.997966,536.143391
23.205776,-87.169586,535.758736
35.094784,-74.134685,537.082026
45.127591,-57.080161,539.247539
51.692665,-34.345950,541.338034
52.855830,-7.531636,542.695203
48.163427,17.253665,543.125299
39.240760,36.347848,542.939541
27.942700,50.666620,542.820059
15.441509,62.142297,543.553966
-0.868208,79.740180,546.512885
-13.910794,89.786409,550.571890
-26.468849,100.999076,555.544725
-37.916080,114.804594,560.424077
-47.184575,133.076079,564.053293
-52.534911,157.026219,565.459742
-52.231614,-176.210562,564.141154
-46.388242,-152.784894,560.223266
-36.816308,-135.033963,554.445351
-25.193307,-121.553646,547.974888
-12.531745,-110.499481,542.098140
0.566109,-100.486270,537.873056
13.658043,-90.418034,535.851037
26.291437,-79.179774,535.959209
37.826898,-65.328237,537.581986
47.172954,-46.957675,539.809423
52.550083,-22.831533,541.762532
52.192269,4.099862,542.885666
46.247029,27.574139,543.114596
36.581516,45.296432,542.872098
24.897814,58.734494,542.895012
12.214034,69.753504,543.947398
-4.148663,87.205552,547.401065
-17.115495,97.432221,551.763218
-29.466498,109.140747,556.818498
-40.493540,123.876124,561.492245
-48.970092,143.543177,564.642718
-53.028543,168.692486,565.391917
-51.232565,-164.848950,563.386109
-44.267375,-142.839493,558.912821
-34.053277,-126.342199,552.841741
-22.097072,-113.624490,546.402253
-9.279646,-102.944002,540.855243
3.855972,-93.015203,537.153114
16.879540,-82.766610,535.694582
29.310616,-71.029483,536.255834
40.426021,-56.238523,538.119563
48.971774,-36.453175,540.352497
53.037645,-11.116157,542.132642
51.169647,15.485411,543.017749
44.100497,37.516318,543.072818
33.799835,53.977532,542.821095
21.792376,66.653975,543.035733
8.962395,77.301644,544.437968
-7.420311,94.690649,548.379468
-20.282786,105.168676,552.999752
-32.383916,117.468917,558.068771
-42.915509,133.259936,562.463873
-50.478617,154.381162,565.079407
-53.142998,-179.546771,565.148655
-49.904225,-153.798251,562.473894
-41.946798,-133.250784,557.500685
-31.184586,-117.885029,551.214942
-18.948576,-105.820156,544.886968
-6.008167,-95.434457,539.730474
7.139057,-85.524615,536.576572
20.065113,-75.024174,535.666874
32.250140,-62.691104,536.634951
42.868559,-46.832565,538.679632
50.489656,-25.572606,540.865323
53.140606,0.690681,542.444216
49.815799,26.551494,543.095610
41.755524,47.098446,543.010582
30.914760,62.423908,542.799496
18.637116,74.449217,543.252451
5.693712,84.804363,545.028826
-10.676632,102.211904,549.439863
-23.403865,113.016694,554.265875
-35.206201,126.013058,559.276843
-45.155677,142.985558,563.322561
-51.676941,165.561020,565.354071
-52.874650,-167.809443,564.730633
-48.278250,-143.103844,561.415285
-39.454765,-123.992605,556.005070
-28.226561,-109.631718,549.585790
-15.757301,-98.118586,543.446849
-2.724076,-87.953988,538.733873
10.408734,-77.997966,536.143391
23.205776,-67.169586,535.758736
35.094784,-54.134685,537.082026
45.127591,-37.080161,539.247539
51.692665,-14.345950,541.338034
52.855830,12.468364,542.695203
48.163427,37.253665,543.125299
39.240760,56.347848,542.939541
27.942700,70.666620,542.820059
15.441509,82.142297,543.553966
2.414695,92.278456,545.720914
-13.910794,109.786409,550.571890
-26.468849,120.999076,555.544725
-37.916080,134.804594,560.424077
-47.184575,153.076079,564.053293
-52.534911,177.026219,565.459742
-52.231614,-156.210562,564.141154
-46.388242,-132.784894,560.223266
-36.816308,-115.033963,554.445351
-25.193307,-101.553646,547.974888
-12.531745,-90.499481,542.098140
0.566109,-80.486270,537.873056
13.658043,-70.418034,535.851037
26.291437,-59.179774,535.959209
37.826898,-45.328237,537.581986
47.172954,-26.957675,539.809423
52.550083,-2.831533,541.762532
52.192269,24.099862,542.885666
46.247029,47.574139,543.114596
36.581516,65.296432,542.872098
24.897814,78.734494,542.895012
12.214034,89.753504,543.947398
-0.868208,99.740180,546.512885
-17.115495,117.432221,551.763218
-29.466498,129.140747,556.818498
-40.493540,143.876124,561.492245
-48.970092,163.543177,564.642718
-53.028543,-171.307514,565.391917
-51.232565,-144.848950,563.386109
-44.267375,-122.839493,558.912821
-34.053277,-106.342199,552.841741
-22.097072,-93.624490,546.402253
-9.279646,-82.944002,540.855243
3.855972,-73.015203,537.153114
16.879540,-62.766610,535.694582
29.310616,-51.029483,536.255834
40.426021,-36.238523,538.119563
48.971774,-16.453175,540.352497
53.037645,8.883843,542.132642
51.169647,35.485411,543.017749
44.100497,57.516318,543.072818
33.799835,73.977532,542.821095
21.792376,86.653975,543.035733
8.962395,97.301644,544.437968
-4.148663,107.205552,547.401065
-20.282786,125.168676,552.999752
-32.383916,137.468917,558.068771
-42.915509,153.259936,562.463873
-50.478617,174.381162,565.079407
-53.142998,-159.546771,565.148655
-49.904225,-133.798251,562.473894
-41.946798,-113.250784,557.500685
-31.184586,-97.885029,551.214942
-18.948576,-85.820156,544.886968
-6.008167,-75.434457,539.730474
7.139057,-65.524615,536.576572
20.065113,-55.024174,535.666874
32.250140,-42.691104,536.634951
42.868559,-26.832565,538.679632
50.489656,-5.572606,540.865323
53.140606,20.690681,542.444216
49.815799,46.551494,543.095610
41.755524,67.098446,543.010582
30.914760,82.423908,542.799496
18.637116,94.449217,543.252451
5.693712,104.804363,545.028826
-7.420311,114.690649,548.379468
-23.403865,133.016694,554.265875
-35.206201,146.013058,559.276843
-45.155677,162.985558,563.322561
-51.676941,-174.438980,565.354071
-52.874650,-147.809443,564.730633
-48.278250,-123.103844,561.415285
-39.454765,-103.992605,556.005070
-28.226561,-89.631718,549.585790
-15.757301,-78.118586,543.446849
-2.724076,-67.953988,538.733873
10.408734,-57.997966,536.143391
23.205776,-47.169586,535.758736
35.094784,-34.134685,537.082026
45.127591,-17.080161,539.247539
51.692665,5.654050,541.338034
52.855830,32.468364,542.695203
48.163427,57.253665,543.125299
39.240760,76.347848,542.939541
27.942700,90.666620,542.820059
15.441509,102.142297,543.553966
2.414695,112.278456,545.720914
-10.676632,122.211904,549.439863
-26.468849,140.999076,555.544725
-37.916080,154.804594,560.424077
-47.184575,173.076079,564.053293
-52.534911,-162.973781,565.459742
-52.231614,-136.210562,564.141154
-46.388242,-112.784894,560.223266
-36.816308,-95.033963,554.445351
-25.193307,-81.553646,547.974888
-12.531745,-70.499481,542.098140
0.566109,-60.486270,537.873056
13.658043,-50.418034,535.851037
26.291437,-39.179774,535.959209
37.826898,-25.328237,537.581986
47.172954,-6.957675,539.809423
52.550083,17.168467,541.762532
52.192269,44.099862,542.885666
46.247029,67.574139,543.114596
36.581516,85.296432,542.872098
24.897814,98.734494,542.895012
12.214034,109.753504,543.947398
-0.868208,119.740180,546.512885
-13.910794,129.786409,550.571890
-29.466498,149.140747,556.818498
-40.493540,163.876124,561.492245
-48.970092,-176.456823,564.642718
-53.028543,-151.307514,565.391917
-51.232565,-124.848950,563.386109
-44.267375,-102.839493,558.912821
-34.053277,-86.342199,552.841741
-22.097072,-73.624490,546.402253
-9.279646,-62.944002,540.855243
3.855972,-53.015203,537.153114
16.879540,-42.766610,535.694582
29.310616,-31.029483,536.255834
40.426021,-16.238523,538.119563
48.971774,3.546825,540.352497
53.037645,28.883843,542.132642
51.169647,55.485411,543.017749
44.100497,77.516318,543.072818
33.799835,93.977532,542.821095
21.792376,106.653975,543.035733
8.962395,117.301644,544.437968
-4.148663,127.205552,547.401065
-17.115495,137.432221,551.763218
-32.383916,157.468917,558.068771
-42.915509,173.259936,562.463873
-50.478617,-165.618838,565.079407
-53.142998,-139.546771,565.148655
-49.904225,-113.798251,562.473894
-41.946798,-93.250784,557.500685
-31.184586,-77.885029,551.214942
-18.948576,-65.820156,544.886968
-6.008167,-55.434457,539.730474
7.139057,-45.524615,536.576572
20.065113,-35.024174,535.666874
32.250140,-22.691104,536.634951
42.868559,-6.832565,538.679632
50.489656,14.427394,540.865323
53.140606,40.690681,542.444216
49.815799,66.551494,543.095610
41.755524,87.098446,543.010582
30.914760,102.423908,542.799496
18.637116,114.449217,543.252451
5.693712,124.804363,545.028826
-7.420311,134.690649,548.379468
-20.282786,145.168676,552.999752
-35.206201,166.013058,559.276843
-45.155677,-177.014442,563.322561
-51.676941,-154.438980,565.354071
-52.874650,-127.809443,564.730633
-48.278250,-103.103844,561.415285
-39.454765,-83.992605,556.005070
-28.226561,-69.631718,549.585790
-15.757301,-58.118586,543.446849
-2.724076,-47.953988,538.733873
10.408734,-37.997966,536.143391
23.205776,-27.169586,535.758736
35.094784,-14.134685,537.082026
45.127591,2.919839,539.247539
51.692665,25.654050,541.338034
52.855830,52.468364,542.695203
48.163427,77.253665,543.125299
39.240760,96.347848,542.939541
27.942700,110.666620,542.820059
15.441509,122.142297,543.553966
2.414695,132.278456,545.720914
-10.676632,142.211904,549.439863
-23.403865,153.016694,554.265875
-37.916080,174.804594,560.424077
-47.184575,-166.923921,564.053293
-52.534911,-142.973781,565.459742
-52.231614,-116.210562,564.141154
-46.388242,-92.784894,560.223266
-36.816308,-75.033963,554.445351
-25.193307,-61.553646,547.974888
-12.531745,-50.499481,542.098140
0.566109,-40.486270,537.873056
13.658043,-30.418034,535.851037
26.291437,-19.179774,535.959209
37.826898,-5.328237,537.581986
47.172954,13.042325,539.809423
52.550083,37.168467,541.762532
52.192269,64.099862,542.885666
46.247029,87.574139,543.114596
36.581516,105.296432,542.872098
24.897814,118.734494,542.895012
12.214034,129.753504,543.947398
-0.868208,139.740180,546.512885
-13.910794,149.786409,550.571890
-26.468849,160.999076,555.544725
-40.493540,-176.123876,561.492245
-48.970092,-156.456823,564.642718
-53.028543,-131.307514,565.391917
-51.232565,-104.848950,563.386109
-44.267375,-82.839493,558.912821
-34.053277,-66.342199,552.841741
-22.097072,-53.624490,546.402253
-9.279646,-42.944002,540.855243
3.855972,-33.015203,537.153114
16.879540,-22.766610,535.694582
29.310616,-11.029483,536.255834
40.426021,3.761477,538.119563
48.971774,23.546825,540.352497
53.037645,48.883843,542.132642
51.169647,75.485411,543.017749
44.100497,97.516318,543.072818
33.799835,113.977532,542.821095
21.792376,126.653975,543.035733
8.962395,137.301644,544.437968
-4.148663,147.205552,547.401065
-17.115495,157.432221,551.763218
-29.466498,169.140747,556.818498
-42.915509,-166.740064,562.463873
-50.478617,-145.618838,565.079407
-53.142998,-119.546771,565.148655
-49.904225,-93.798251,562.473894
-41.946798,-73.250784,557.500685
-31.184586,-57.885029,551.214942
-18.948576,-45.820156,544.886968
-6.008167,-35.434457,539.730474
7.139057,-25.524615,536.576572
20.065113,-15.024174,535.666874
32.250140,-2.691104,536.634951
42.868559,13.167435,538.679632
50.489656,34.427394,540.865323
53.140606,60.690681,542.444216
49.815799,86.551494,543.095610
41.755524,107.098446,543.010582
30.914760,122.423908,542.799496
18.637116,134.449217,543.252451
5.693712,144.804363,545.028826
-7.420311,154.690649,548.379468
-20.282786,165.168676,552.999752
-32.383916,177.468917,558.068771
-45.155677,-157.014442,563.322561
-51.676941,-134.438980,565.354071
-52.874650,-107.809443,564.730633
-48.278250,-83.103844,561.415285
-39.454765,-63.992605,556.005070
-28.226561,-49.631718,549.585790
-15.757301,-38.118586,543.446849
-2.724076,-27.953988,538.733873
10.408734,-17.997966,536.143391
23.205776,-7.169586,535.758736
35.094784,5.865315,537.082026
45.127591,22.919839,539.247539
51.692665,45.654050,541.338034
52.855830,72.468364,542.695203
48.163427,97.253665,543.125299
39.240760,116.347848,542.939541
27.942700,130.666620,542.820059
15.441509,142.142297,543.553966
2.414695,152.278456,545.720914
-10.676632,162.211904,549.439863
-23.403865,173.016694,554.265875
-35.206201,-173.986942,559.276843
-47.184575,-146.923921,564.053293
-52.534911,-122.973781,565.459742
-52.231614,-96.210562,564.141154
-46.388242,-72.784894,560.223266
-36.816308,-55.033963,554.445351
-25.193307,-41.553646,547.974888
-12.531745,-30.499481,542.098140
0.566109,-20.486270,537.873056
13.658043,-10.418034,535.851037
26.291437,0.820226,535.959209
37.826898,14.671763,537.581986
47.172954,33.042325,539.809423
52.550083,57.168467,541.762532
52.192269,84.099862,542.885666
46.247029,107.574139,543.114596
36.581516,125.296432,542.872098
24.897814,138.734494,542.895012
12.214034,149.753504,543.947398
-0.868208,159.740180,546.512885
-13.910794,169.786409,550.571890
-26.468849,-179.000924,555.544725
-37.916080,-165.195406,560.424077
-48.970092,-136.456823,564.642718
-53.028543,-111.307514,565.391917
-51.232565,-84.848950,563.386109
-44.267375,-62.839493,558.912821
-34.053277,-46.342199,552.841741
-22.097072,-33.624490,546.402253
-9.279646,-22.944002,540.855243
3.855972,-13.015203,537.153114
16.879540,-2.766610,535.694582
29.310616,8.970517,536.255834
40.426021,23.761477,538.119563
48.971774,43.546825,540.352497
53.037645,68.883843,542.132642
51.169647,95.485411,543.017749
44.100497,117.516318,543.072818
33.799835,133.977532,542.821095
21.792376,146.653975,543.035733
8.962395,157.301644,544.437968
-4.148663,167.205552,547.401065
-17.115495,177.432221,551.763218
-29.466498,-170.859253,556.818498
-40.493540,-156.123876,561.492245
-50.478617,-125.618838,565.079407
-53.142998,-99.546771,565.148655
-49.904225,-73.798251,562.473894
-41.946798,-53.250784,557.500685
-31.184586,-37.885029,551.214942
-18.948576,-25.820156,544.886968
-6.008167,-15.434457,539.730474
7.139057,-5.524615,536.576572
20.065113,4.975826,535.666874
32.250140,17.308896,536.634951
42.868559,33.167435,538.679632
50.489656,54.427394,540.865323
53.140606,80.690681,542.444216
49.815799,106.551494,543.095610
41.755524,127.098446,543.010582
30.914760,142.423908,542.799496
18.637116,154.449217,543.252451
5.693712,164.804363,545.028826
-7.420311,174.690649,548.379468
-20.282786,-174.831324,552.999752
-32.383916,-162.531083,558.068771
-42.915509,-146.740064,562.463873
-51.676941,-114.438980,565.354071
-52.874650,-87.809443,564.730633
-48.278250,-63.103844,561.415285
-39.454765,-43.992605,556.005070
-28.226561,-29.631718,549.585790
-15.757301,-18.118586,543.446849
-2.724076,-7.953988,538.733873
10.408734,2.002034,536.143391
23.205776,12.830414,535.758736
35.094784,25.865315,537.082026
45.127591,42.919839,539.247539
51.692665,65.654050,541.338034
52.855830,92.468364,542.695203
48.163427,117.253665,543.125299
39.240760,136.347848,542.939541
27.942700,150.666620,542.820059
15.441509,162.142297,543.553966
2.414695,172.278456,545.720914
-10.676632,-177.788096,549.439863
-23.403865,-166.983306,554.265875
-35.206201,-153.986942,559.276843
-45.155677,-137.014442,563.322561
-52.534911,-102.973781,565.459742
-52.231614,-76.210562,564.141154
-46.388242,-52.784894,560.223266
-36.816308,-35.033963,554.445351
-25.193307,-21.553646,547.974888
-12.531745,-10.499481,542.098140
0.566109,-0.486270,537.873056
13.658043,9.581966,535.851037
26.291437,20.820226,535.959209
37.826898,34.671763,537.581986
47.172954,53.042325,539.809423
52.550083,77.168467,541.762532
52.192269,104.099862,542.885666
46.247029,127.574139,543.114596
36.581516,145.296432,542.872098
24.897814,158.734494,542.895012
12.214034,169.753504,543.947398
-0.868208,179.740180,546.512885
-13.910794,-170.213591,550.571890
-26.468849,-159.000924,555.544725
-37.916080,-145.195406,560.424077
-47.184575,-126.923921,564.053293
-53.028543,-91.307514,565.391917
-51.232565,-64.848950,563.386109
-44.267375,-42.839493,558.912821
-34.053277,-26.342199,552.841741
-22.097072,-13.624490,546.402253
-9.279646,-2.944002,540.855243
3.855972,6.984797,537.153114
16.879540,17.233390,535.694582
29.310616,28.970517,536.255834
40.426021,43.761477,538.119563
48.971774,63.546825,540.352497
53.037645,88.883843,542.132642
51.169647,115.485411,543.017749
44.100497,137.516318,543.072818
33.799835,153.977532,542.821095
21.792376,166.653975,543.035733
8.962395,177.301644,544.437968
-4.148663,-172.794448,547.401065
-17.115495,-162.567779,551.763218
-29.466498,-150.859253,556.818498
-40.493540,-136.123876,561.492245
-48.970092,-116.456823,564.642718
-53.142998,-79.546771,565.148655
-49.904225,-53.798251,562.473894
-41.946798,-33.250784,557.500685
-31.184586,-17.885029,551.214942
-18.948576,-5.820156,544.886968
-6.008167,4.565543,539.730474
7.139057,14.475385,536.576572
20.065113,24.975826,535.666874
32.250140,37.308896,536.634951
42.868559,53.167435,538.679632
50.489656,74.427394,540.865323
53.140606,100.690681,542.444216
49.815799,126.551494,543.095610
41.755524,147.098446,543.010582
30.914760,162.423908,542.799496
18.637116,174.449217,543.252451
5.693712,-175.195637,545.028826
-7.420311,-165.309351,548.379468
-20.282786,-154.831324,552.999752
-32.383916,-142.531083,558.068771
-42.915509,-126.740064,562.463873
-50.478617,-105.618838,565.079407
-52.874650,-67.809443,564.730633
-48.278250,-43.103844,561.415285
-39.454765,-23.992605,556.005070
-28.226561,-9.631718,549.585790
-15.757301,1.881414,543.446849
-2.724076,12.046012,538.733873
10.408734,22.002034,536.143391
23.205776,32.830414,535.758736
35.094784,45.865315,537.082026
45.127591,62.919839,539.247539
51.692665,85.654050,541.338034
52.855830,112.468364,542.695203
48.163427,137.253665,543.125299
39.240760,156.347848,542.939541
27.942700,170.666620,542.820059
15.441509,-177.857703,543.553966
2.414695,-167.721544,545.720914
-10.676632,-157.788096,549.439863
-23.403865,-146.983306,554.265875
-35.206201,-133.986942,559.276843
-45.155677,-117.014442,563.322561
-51.676941,-94.438980,565.354071
-52.231614,-56.210562,564.141154
-46.388242,-32.784894,560.223266
-36.816308,-15.033963,554.445351
-25.193307,-1.553646,547.974888
-12.531745,9.500519,542.098140
0.566109,19.513730,537.873056
13.658043,29.581966,535.851037
26.291437,40.820226,535.959209
37.826898,54.671763,537.581986
47.172954,73.042325,539.809423
52.550083,97.168467,541.762532
52.192269,124.099862,542.885666
46.247029,147.574139,543.114596
36.581516,165.296432,542.872098
24.897814,178.734494,542.895012
12.214034,-170.246496,543.947398
-0.868208,-160.259820,546.512885
-13.910794,-150.213591,550.571890
-26.468849,-139.000924,555.544725
-37.916080,-125.195406,560.424077
-47.184575,-106.923921,564.053293
-52.534911,-82.973781,565.459742
-51.232565,-44.848950,563.386109
-44.267375,-22.839493,558.912821
-34.053277,-6.342199,552.841741
-22.097072,6.375510,546.402253
-9.279646,17.055998,540.855243
3.855972,26.984797,537.153114
16.879540,37.233390,535.694582
29.310616,48.970517,536.255834
40.426021,63.761477,538.119563
48.971774,83.546825,540.352497
53.037645,108.883843,542.132642
51.169647,135.485411,543.017749
44.100497,157.516318,543.072818
33.799835,173.977532,542.821095
21.792376,-173.346025,543.035733
8.962395,-162.698356,544.437968
-4.148663,-152.794448,547.401065
-17.115495,-142.567779,551.763218
-29.466498,-130.859253,556.818498
-40.493540,-116.123876,561.492245
-48.970092,-96.456823,564.642718
-53.028543,-71.307514,565.391917
-49.904225,-33.798251,562.473894
-41.946798,-13.250784,557.500685
-31.184586,2.114971,551.214942
-18.948576,14.179844,544.886968
-6.008167,24.565543,539.730474
7.139057,34.475385,536.576572
20.065113,44.975826,535.666874
32.250140,57.308896,536.634951
42.868559,73.167435,538.679632
50.489656,94.427394,540.865323
53.140606,120.690681,542.444216
49.815799,146.551494,543.095610
41.755524,167.098446,543.010582
30.914760,-177.576092,542.799496
18.637116,-165.550783,543.252451
5.693712,-155.195637,545.028826
-7.420311,-145.309351,548.379468
-20.282786,-134.831324,552.999752
-32.383916,-122.531083,558.068771
-42.915509,-106.740064,562.463873
-50.478617,-85.618838,565.079407
-53.142998,-59.546771,565.148655
-48.278250,-23.103844,561.415285
-39.454765,-3.992605,556.005070
-28.226561,10.368282,549.585790
-15.757301,21.881414,543.446849
-2.724076,32.046012,538.733873
10.408734,42.002034,536.143391
23.205776,52.830414,535.758736
35.094784,65.865315,537.082026
45.127591,82.919839,539.247539
51.692665,105.654050,541.338034
52.855830,132.468364,542.695203
48.163427,157.253665,543.125299
39.240760,176.347848,542.939541
27.942700,-169.333380,542.820059
15.441509,-157.857703,543.553966
2.414695,-147.721544,545.720914
-10.676632,-137.788096,549.439863
-23.403865,-126.983306,554.265875
-35.206201,-113.986942,559.276843
-45.155677,-97.014442,563.322561
-51.676941,-74.438980,565.354071
-52.874650,-47.809443,564.730633
-46.388242,-12.784894,560.223266
-36.816308,4.966037,554.445351
-25.193307,18.446354,547.974888
-12.531745,29.500519,542.098140
0.566109,39.513730,537.873056
13.658043,49.581966,535.851037
26.291437,60.820226,535.959209
37.826898,74.671763,537.581986
47.172954,93.042325,539.809423
52.550083,117.168467,541.762532
52.192269,144.099862,542.885666
46.247029,167.574139,543.114596
36.581516,-174.703568,542.872098
24.897814,-161.265506,542.895012
12.214034,-150.246496,543.947398
-0.868208,-140.259820,546.512885
-13.910794,-130.213591,550.571890
-26.468849,-119.000924,555.544725
-37.916080,-105.195406,560.424077
-47.184575,-86.923921,564.053293
-52.534911,-62.973781,565.459742
-52.231614,-36.210562,564.141154
-44.267375,-2.839493,558.912821
-34.053277,13.657801,552.841741
-22.097072,26.375510,546.402253
-9.279646,37.055998,540.855243
3.855972,46.984797,537.153114
16.879540,57.233390,535.694582
29.310616,68.970517,536.255834
40.426021,83.761477,538.119563
48.971774,103.546825,540.352497
53.037645,128.883843,542.132642
51.169647,155.485411,543.017749
44.100497,177.516318,543.072818
33.799835,-166.022468,542.821095
21.792376,-153.346025,543.035733
8.962395,-142.698356,544.437968
-4.148663,-132.794448,547.401065
-17.115495,-122.567779,551.763218
-29.466498,-110.859253,556.818498
-40.493540,-96.123876,561.492245
-48.970092,-76.456823,564.642718
-53.028543,-51.307514,565.391917
-51.232565,-24.848950,563.386109
-41.946798,6.749216,557.500685
-31.184586,22.114971,551.214942
-18.948576,34.179844,544.886968
-6.008167,44.565543,539.730474
7.139057,54.475385,536.576572
20.065113,64.975826,535.666874
32.250140,77.308896,536.634951
42.868559,93.167435,538.679632
50.489656,114.427394,540.865323
53.140606,140.690681,542.444216
49.815799,166.551494,543.095610
41.755524,-172.901554,543.010582
30.914760,-157.576092,542.799496
18.637116,-145.550783,543.252451
5.693712,-135.195637,545.028826
-7.420311,-125.309351,548.379468
-20.282786,-114.831324,552.999752
-32.383916,-102.531083,558.068771
-42.915509,-86.740064,562.463873
-50.478617,-65.618838,565.079407
-53.142998,-39.546771,565.148655
-49.904225,-13.798251,562.473894
-39.454765,16.007395,556.005070
-28.226561,30.368282,549.585790
-15.757301,41.881414,543.446849
-2.724076,52.046012,538.733873
10.408734,62.002034,536.143391
23.205776,72.830414,535.758736
35.094784,85.865315,537.082026
45.127591,102.919839,539.247539
51.692665,125.654050,541.338034
52.855830,152.468364,542.695203
48.163427,177.253665,543.125299
39.240760,-163.652152,542.939541
27.942700,-149.333380,542.820059
15.441509,-137.857703,543.553966
2.414695,-127.721544,545.720914
-10.676632,-117.788096,549.439863
-23.403865,-106.983306,554.265875
-35.206201,-93.986942,559.276843
-45.155677,-77.014442,563.322561
-51.676941,-54.438980,565.354071
-52.874650,-27.809443,564.730633
-48.278250,-3.103844,561.415285
-36.816308,24.966037,554.445351
-25.193307,38.446354,547.974888
-12.531745,49.500519,542.098140
0.566109,59.513730,537.873056
13.658043,69.581966,535.851037
26.291437,80.820226,535.959209
37.826898,94.671763,537.581986
47.172954,113.042325,539.809423
52.550083,137.168467,541.762532
52.192269,164.099862,542.885666
46.247029,-172.425861,543.114596
36.581516,-154.703568,542.872098
24.897814,-141.265506,542.895012
12.214034,-130.246496,543.947398
-0.868208,-120.259820,546.512885
-13.910794,-110.213591,550.571890
-26.468849,-99.000924,555.544725
-37.916080,-85.195406,560.424077
-47.184575,-66.923921,564.053293
-52.534911,-42.973781,565.459742
-52.231614,-16.210562,564.141154
-46.388242,7.215106,560.223266
-34.053277,33.657801,552.841741
-22.097072,46.375510,546.402253
-9.279646,57.055998,540.855243
3.855972,66.984797,537.153114
16.879540,77.233390,535.694582
29.310616,88.970517,536.255834
40.426021,103.761477,538.119563
48.971774,123.546825,540.352497
53.037645,148.883843,542.132642
51.169647,175.485411,543.017749
44.100497,-162.483682,543.072818
33.799835,-146.022468,542.821095
21.792376,-133.346025,543.035733
8.962395,-122.698356,544.437968
-4.148663,-112.794448,547.401065
-17.115495,-102.567779,551.763218
-29.466498,-90.859253,556.818498
-40.493540,-76.123876,561.492245
-48.970092,-56.456823,564.642718
-53.028543,-31.307514,565.391917
-51.232565,-4.848950,563.386109
-44.267375,17.160507,558.912821
-31.184586,42.114971,551.214942
-18.948576,54.179844,544.886968
-6.008167,64.565543,539.730474
7.139057,74.475385,536.576572
20.065113,84.975826,535.666874
32.250140,97.308896,536.634951
42.868559,113.167435,538.679632
50.489656,134.427394,540.865323
53.140606,160.690681,542.444216
49.815799,-173.448506,543.095610
41.755524,-152.901554,543.010582
30.914760,-137.576092,542.799496
18.637116,-125.550783,543.252451
5.693712,-115.195637,545.028826
-7.420311,-105.309351,548.379468
-20.282786,-94.831324,552.999752
-32.383916,-82.531083,558.068771
-42.915509,-66.740064,562.463873
-50.478617,-45.618838,565.079407
-53.142998,-19.546771,565.148655
-49.904225,6.201749,562.473894
-41.946798,26.749216,557.500685
-28.226561,50.368282,549.585790
-15.757301,61.881414,543.446849
-2.724076,72.046012,538.733873
10.408734,82.002034,536.143391
23.205776,92.830414,535.758736
35.094784,105.865315,537.082026
45.127591,122.919839,539.247539
51.692665,145.654050,541.338034
52.855830,172.468364,542.695203
48.163427,-162.746335,543.125299
39.240760,-143.652152,542.939541
27.942700,-129.333380,542.820059
15.441509,-117.857703,543.553966
2.414695,-107.721544,545.720914
-10.676632,-97.788096,549.439863
-23.403865,-86.983306,554.265875
-35.206201,-73.986942,559.276843
-45.155677,-57.014442,563.322561
-51.676941,-34.438980,565.354071
-52.874650,-7.809443,564.730633
-48.278250,16.896156,561.415285
-39.454765,36.007395,556.005070
-25.193307,58.446354,547.974888
-12.531745,69.500519,542.098140
0.566109,79.513730,537.873056
13.658043,89.581966,535.851037
26.291437,100.820226,535.959209
37.826898,114.671763,537.581986
47.172954,133.042325,539.809423
52.550083,157.168467,541.762532
52.192269,-175.900138,542.885666
46.247029,-152.425861,543.114596
36.581516,-134.703568,542.872098
24.897814,-121.265506,542.895012
12.214034,-110.246496,543.947398
-0.868208,-100.259820,546.512885
-13.910794,-90.213591,550.571890
-26.468849,-79.000924,555.544725
-37.916080,-65.195406,560.424077
-47.184575,-46.923921,564.053293
-52.534911,-22.973781,565.459742
-52.231614,3.789438,564.141154
-46.388242,27.215106,560.223266
-36.816308,44.966037,554.445351
-22.097072,66.375510,546.402253
-9.279646,77.055998,540.855243
3.855972,86.984797,537.153114
16.879540,97.233390,535.694582
29.310616,108.970517,536.255834
40.426021,123.761477,538.119563
48.971774,143.546825,540.352497
53.037645,168.883843,542.132642
51.169647,-164.514589,543.017749
44.100497,-142.483682,543.072818
33.799835,-126.022468,542.821095
21.792376,-113.346025,543.035733
8.962395,-102.698356,544.437968
-4.148663,-92.794448,547.401065
-17.115495,-82.567779,551.763218
-29.466498,-70.859253,556.818498
-40.493540,-56.123876,561.492245
-48.970092,-36.456823,564.642718
-53.028543,-11.307514,565.391917
-51.232565,15.151050,563.386109
-44.267375,37.160507,558.912821
-34.053277,53.657801,552.841741
-18.948576,74.179844,544.886968
-6.008167,84.565543,539.730474
7.139057,94.475385,536.576572
20.065113,104.975826,535.666874
32.250140,117.308896,536.634951
42.868559,133.167435,538.679632
50.489656,154.427394,540.865323
53.140606,-179.309319,542.444216
49.815799,-153.448506,543.095610
41.755524,-132.901554,543.010582
30.914760,-117.576092,542.799496
18.637116,-105.550783,543.252451
5.693712,-95.195637,545.028826
-7.420311,-85.309351,548.379468
-20.282786,-74.831324,552.999752
-32.383916,-62.531083,558.068771
-42.915509,-46.740064,562.463873
-50.478617,-25.618838,565.079407
-53.142998,0.453229,565.148655
-49.904225,26.201749,562.473894
-41.946798,46.749216,557.500685
-31.184586,62.114971,551.214942
-15.757301,81.881414,543.446849
-2.724076,92.046012,538.733873
10.408734,102.002034,536.143391
23.205776,112.830414,535.758736
35.094784,125.865315,537.082026
45.127591,142.919839,539.247539
51.692665,165.654050,541.338034
52.855830,-167.531636,542.695203
48.163427,-142.746335,543.125299
39.240760,-123.652152,542.939541
27.942700,-109.333380,542.820059
15.441509,-97.857703,543.553966
2.414695,-87.721544,545.720914
-10.676632,-77.788096,549.439863
-23.403865,-66.983306,554.265875
-35.206201,-53.986942,559.276843
-45.155677,-37.014442,563.322561
-51.676941,-14.438980,565.354071
-52.874650,12.190557,564.730633
-48.278250,36.896156,561.415285
-39.454765,56.007395,556.005070
-28.226561,70.368282,549.585790
-12.531745,89.500519,542.098140
0.566109,99.513730,537.873056
13.658043,109.581966,535.851037
26.291437,120.820226,535.959209
37.826898,134.671763,537.581986
47.172954,153.042325,539.809423
52.550083,177.168467,541.762532
52.192269,-155.900138,542.885666
46.247029,-132.425861,543.114596
36.581516,-114.703568,542.872098
24.897814,-101.265506,542.895012
12.214034,-90.246496,543.947398
-0.868208,-80.259820,546.512885
-13.910794,-70.213591,550.571890
-26.468849,-59.000924,555.544725
-37.916080,-45.195406,560.424077
-47.184575,-26.923921,564.053293
-52.534911,-2.973781,565.459742
-52.231614,23.789438,564.141154
-46.388242,47.215106,560.223266
-36.816308,64.966037,554.445351
-25.193307,78.446354,547.974888
-9.279646,97.055998,540.855243
3.855972,106.984797,537.153114
16.879540,117.233390,535.694582
29.310616,128.970517,536.255834
40.426021,143.761477,538.119563
48.971774,163.546825,540.352497
53.037645,-171.116157,542.132642
51.169647,-144.514589,543.017749
44.100497,-122.483682,543.072818
33.799835,-106.022468,542.821095
21.792376,-93.346025,543.035733
8.962395,-82.698356,544.437968
-4.148663,-72.794448,547.401065
-17.115495,-62.567779,551.763218
-29.466498,-50.859253,556.818498
-40.493540,-36.123876,561.492245
-48.970092,-16.456823,564.642718
-53.028543,8.692486,565.391917
-51.232565,35.151050,563.386109
-44.267375,57.160507,558.912821
-34.053277,73.657801,552.841741
-22.097072,86.375510,546.402253
-6.008167,104.565543,539.730474
7.139057,114.475385,536.576572
20.065113,124.975826,535.666874
32.250140,137.308896,536.634951
42.868559,153.167435,538.679632
50.489656,174.427394,540.865323
53.140606,-159.309319,542.444216
49.815799,-133.448506,543.095610
41.755524,-112.901554,543.010582
30.914760,-97.576092,542.799496
18.637116,-85.550783,543.252451
5.693712,-75.195637,545.028826
-7.420311,-65.309351,548.379468
-20.282786,-54.831324,552.999752
-32.383916,-42.531083,558.068771
-42.915509,-26.740064,562.463873
-50.478617,-5.618838,565.079407
-53.142998,20.453229,565.148655
-49.904225,46.201749,562.473894
-41.946798,66.749216,557.500685
-31.184586,82.114971,551.214942
-18.948576,94.179844,544.886968
-2.724076,112.046012,538.733873
10.408734,122.002034,536.143391
23.205776,132.830414,535.758736
35.094784,145.865315,537.082026
45.127591,162.919839,539.247539
51.692665,-174.345950,541.338034
52.855830,-147.531636,542.695203
48.163427,-122.746335,543.125299
39.240760,-103.652152,542.939541
27.942700,-89.333380,542.820059
15.441509,-77.857703,543.553966
2.414695,-67.721544,545.720914
-10.676632,-57.788096,549.439863
-23.403865,-46.983306,554.265875
-35.206201,-33.986942,559.276843
-45.155677,-17.014442,563.322561
-51.676941,5.561020,565.354071
-52.874650,32.190557,564.730633
-48.278250,56.896156,561.415285
-39.454765,76.007395,556.005070
-28.226561,90.368282,549.585790
-15.757301,101.881414,543.446849
0.566109,119.513730,537.873056
13.658043,129.581966,535.851037
26.291437,140.820226,535.959209
37.826898,154.671763,537.581986
47.172954,173.042325,539.809423
52.550083,-162.831533,541.762532
52.192269,-135.900138,542.885666
46.247029,-112.425861,543.114596
36.581516,-94.703568,542.872098
24.897814,-81.265506,542.895012
12.214034,-70.246496,543.947398
-0.868208,-60.259820,546.512885
-13.910794,-50.213591,550.571890
-26.468849,-39.000924,555.544725
-37.916080,-25.195406,560.424077
-47.184575,-6.923921,564.053293
-52.534911,17.026219,565.459742
-52.231614,43.789438,564.141154
-46.388242,67.215106,560.223266
-36.816308,84.966037,554.445351
-25.193307,98.446354,547.974888
-12.531745,109.500519,542.098140
3.855972,126.984797,537.153114
16.879540,137.233390,535.694582
29.310616,148.970517,536.255834
40.426021,163.761477,538.119563
48.971774,-176.453175,540.352497
53.037645,-151.116157,542.132642
51.169647,-124.514589,543.017749
44.100497,-102.483682,543.072818
33.799835,-86.022468,542.821095
21.792376,-73.346025,543.035733
8.962395,-62.698356,544.437968
-4.148663,-52.794448,547.401065
-17.115495,-42.567779,551.763218
-29.466498,-30.859253,556.818498
-40.493540,-16.123876,561.492245
-48.970092,3.543177,564.642718
-53.028543,28.692486,565.391917
-51.232565,55.151050,563.386109
-44.267375,77.160507,558.912821
-34.053277,93.657801,552.841741
-22.097072,106.375510,546.402253
-9.279646,117.055998,540.855243
7.139057,134.475385,536.576572
20.065113,144.975826,535.666874
32.250140,157.308896,536.634951
42.868559,173.167435,538.679632
50.489656,-165.572606,540.865323
53.140606,-139.309319,542.444216
49.815799,-113.448506,543.095610
41.755524,-92.901554,543.010582
30.914760,-77.576092,542.799496
18.637116,-65.550783,543.252451
5.693712,-55.195637,545.028826
-7.420311,-45.309351,548.379468
-20.282786,-34.831324,552.999752
-32.383916,-22.531083,558.068771
-42.915509,-6.740064,562.463873
-50.478617,14.381162,565.079407
-53.142998,40.453229,565.148655
-49.904225,66.201749,562.473894
-41.946798,86.749216,557.500685
-31.184586,102.114971,551.214942
-18.948576,114.179844,544.886968
-6.008167,124.565543,539.730474
10.408734,142.002034,536.143391
23.205776,152.830414,535.758736
35.094784,165.865315,537.082026
45.127591,-177.080161,539.247539
51.692665,-154.345950,541.338034
52.855830,-127.531636,542.695203
48.163427,-102.746335,543.125299
39.240760,-83.652152,542.939541
27.942700,-69.333380,542.820059
15.441509,-57.857703,543.553966
2.414695,-47.721544,545.720914
-10.676632,-37.788096,549.439863
-23.403865,-26.983306,554.265875
-35.206201,-13.986942,559.276843
-45.155677,2.985558,563.322561
-51.676941,25.561020,565.354071
-52.874650,52.190557,564.730633
-48.278250,76.896156,561.415285
-39.454765,96.007395,556.005070
-28.226561,110.368282,549.585790
-15.757301,121.881414,543.446849
-2.724076,132.046012,538.733873
13.658043,149.581966,535.851037
26.291437,160.820226,535.959209
37.826898,174.671763,537.581986
47.172954,-166.957675,539.809423
52.550083,-142.831533,541.762532
52.192269,-115.900138,542.885666
46.247029,-92.425861,543.114596
36.581516,-74.703568,542.872098
24.897814,-61.265506,542.895012
12.214034,-50.246496,543.947398
-0.868208,-40.259820,546.512885
-13.910794,-30.213591,550.571890
-26.468849,-19.000924,555.544725
-37.916080,-5.195406,560.424077
-47.184575,13.076079,564.053293
-52.534911,37.026219,565.459742
-52.231614,63.789438,564.141154
-46.388242,87.215106,560.223266
-36.816308,104.966037,554.445351
-25.193307,118.446354,547.974888
-12.531745,129.500519,542.098140
0.566109,139.513730,537.873056
16.879540,157.233390,535.694582
29.310616,168.970517,536.255834
40.426021,-176.238523,538.119563
48.971774,-156.453175,540.352497
53.037645,-131.116157,542.132642
51.169647,-104.514589,543.017749
44.100497,-82.483682,543.072818
33.799835,-66.022468,542.821095
21.792376,-53.346025,543.035733
8.962395,-42.698356,544.437968
-4.148663,-32.794448,547.401065
-17.115495,-22.567779,551.763218
-29.466498,-10.859253,556.818498
-40.493540,3.876124,561.492245
-48.970092,23.543177,564.642718
-53.028543,48.692486,565.391917
-51.232565,75.151050,563.386109
-44.267375,97.160507,558.912821
-34.053277,113.657801,552.841741
-22.097072,126.375510,546.402253
-9.279646,137.055998,540.855243
3.855972,146.984797,537.153114
20.065113,164.975826,535.666874
32.250140,177.308896,536.634951
42.868559,-166.832565,538.679632
50.489656,-145.572606,540.865323
53.140606,-119.309319,542.444216
49.815799,-93.448506,543.095610
41.755524,-72.901554,543.010582
30.914760,-57.576092,542.799496
18.637116,-45.550783,543.252451
5.693712,-35.195637,545.028826
-7.420311,-25.309351,548.379468
-20.282786,-14.831324,552.999752
-32.383916,-2.531083,558.068771
-42.915509,13.259936,562.463873
-50.478617,34.381162,565.079407
-53.142998,60.453229,565.148655
-49.904225,86.201749,562.473894
-41.946798,106.749216,557.500685
-31.184586,122.114971,551.214942
-18.948576,134.179844,544.886968
-6.008167,144.565543,539.730474
7.139057,154.475385,536.576572
23.205776,172.830414,535.758736
35.094784,-174.134685,537.082026
45.127591,-157.080161,539.247539
51.692665,-134.345950,541.338034
52.855830,-107.531636,542.695203
48.163427,-82.746335,543.125299
39.240760,-63.652152,542.939541
27.942700,-49.333380,542.820059
15.441509,-37.857703,543.553966
2.414695,-27.721544,545.720914
-10.676632,-17.788096,549.439863
-23.403865,-6.983306,554.265875
-35.206201,6.013058,559.276843
-45.155677,22.985558,563.322561
-51.676941,45.561020,565.354071
-52.874650,72.190557,564.730633
-48.278250,96.896156,561.415285
-39.454765,116.007395,556.005070
-28.226561,130.368282,549.585790
-15.757301,141.881414,543.446849
-2.724076,152.046012,538.733873
10.408734,162.002034,536.143391
26.291437,-179.179774,535.959209
37.826898,-165.328237,537.581986
47.172954,-146.957675,539.809423
52.550083,-122.831533,541.762532
52.192269,-95.900138,542.885666
46.247029,-72.425861,543.114596
36.581516,-54.703568,542.872098
24.897814,-41.265506,542.895012
12.214034,-30.246496,543.947398
-0.868208,-20.259820,546.512885
-13.910794,-10.213591,550.571890
-26.468849,0.999076,555.544725
-37.916080,14.804594,560.424077
-47.184575,33.076079,564.053293
-52.534911,57.026219,565.459742
-52.231614,83.789438,564.141154
-46.388242,107.215106,560.223266
-36.816308,124.966037,554.445351
-25.193307,138.446354,547.974888
-12.531745,149.500519,542.098140
0.566109,159.513730,537.873056
13.658043,169.581966,535.851037
29.310616,-171.029483,536.255834
40.426021,-156.238523,538.119563
48.971774,-136.453175,540.352497
53.037645,-111.116157,542.132642
51.169647,-84.514589,543.017749
44.100497,-62.483682,543.072818
33.799835,-46.022468,542.821095
21.792376,-33.346025,543.035733
8.962395,-22.698356,544.437968
-4.148663,-12.794448,547.401065
-17.115495,-2.567779,551.763218
-29.466498,9.140747,556.818498
-40.493540,23.876124,561.492245
-48.970092,43.543177,564.642718
-53.028543,68.692486,565.391917
-51.232565,95.151050,563.386109
-44.267375,117.160507,558.912821
-34.053277,133.657801,552.841741
-22.097072,146.375510,546.402253
-9.279646,157.055998,540.855243
3.855972,166.984797,537.153114
16.879540,177.233390,535.694582
32.250140,-162.691104,536.634951
42.868559,-146.832565,538.679632
50.489656,-125.572606,540.865323
53.140606,-99.309319,542.444216
49.815799,-73.448506,543.095610
41.755524,-52.901554,543.010582
30.914760,-37.576092,542.799496
18.637116,-25.550783,543.252451
5.693712,-15.195637,545.028826
-7.420311,-5.309351,548.379468
-20.282786,5.168676,552.999752
-32.383916,17.468917,558.068771
-42.915509,33.259936,562.463873
-50.478617,54.381162,565.079407
-53.142998,80.453229,565.148655
-49.904225,106.201749,562.473894
-41.946798,126.749216,557.500685
-31.184586,142.114971,551.214942
-18.948576,154.179844,544.886968
-6.008167,164.565543,539.730474
7.139057,174.475385,536.576572
20.065113,-175.024174,535.666874
35.094784,-154.134685,537.082026
45.127591,-137.080161,539.247539
51.692665,-114.345950,541.338034
52.855830,-87.531636,542.695203
48.163427,-62.746335,543.125299
39.240760,-43.652152,542.939541
27.942700,-29.333380,542.820059
15.441509,-17.857703,543.553966
2.414695,-7.721544,545.720914
-10.676632,2.211904,549.439863
-23.403865,13.016694,554.265875
-35.206201,26.013058,559.276843
-45.155677,42.985558,563.322561
-51.676941,65.561020,565.354071
-52.874650,92.190557,564.730633
-48.278250,116.896156,561.415285
-39.454765,136.007395,556.005070
-28.226561,150.368282,549.585790
-15.757301,161.881414,543.446849
-2.724076,172.046012,538.733873
10.408734,-177.997966,536.143391
23.205776,-167.169586,535.758736
37.826898,-145.328237,537.581986
47.172954,-126.957675,539.809423
52.550083,-102.831533,541.762532
52.192269,-75.900138,542.885666
46.247029,-52.425861,543.114596
36.581516,-34.703568,542.872098
24.897814,-21.265506,542.895012
12.214034,-10.246496,543.947398
-0.868208,-0.259820,546.512885
-13.910794,9.786409,550.571890
-26.468849,20.999076,555.544725
-37.916080,34.804594,560.424077
-47.184575,53.076079,564.053293
-52.534911,77.026219,565.459742
-52.231614,103.789438,564.141154
-46.388242,127.215106,560.223266
-36.816308,144.966037,554.445351
-25.193307,158.446354,547.974888
-12.531745,169.500519,542.098140
0.566109,179.513730,537.873056
13.658043,-170.418034,535.851037
26.291437,-159.179774,535.959209
40.426021,-136.238523,538.119563
48.971774,-116.453175,540.352497
53.037645,-91.116157,542.132642
51.169647,-64.514589,543.017749
44.100497,-42.483682,543.072818
33.799835,-26.022468,542.821095
21.792376,-13.346025,543.035733
8.962395,-2.698356,544.437968
-4.148663,7.205552,547.401065
-17.115495,17.432221,551.763218
-29.466498,29.140747,556.818498
-40.493540,43.876124,561.492245
-48.970092,63.543177,564.642718
-53.028543,88.692486,565.391917
-51.232565,115.151050,563.386109
-44.267375,137.160507,558.912821
-34.053277,153.657801,552.841741
-22.097072,166.375510,546.402253
-9.279646,177.055998,540.855243
3.855972,-173.015203,537.153114
16.879540,-162.766610,535.694582
29.310616,-151.029483,536.255834
