41.680606,-32.774577,543.008459
30.824609,-17.481983,542.799427
18.539431,-5.475038,543.260408
5.593028,4.872304,545.048588
-7.520681,14.759074,548.410888
-20.379471,25.245996,553.038314
-32.472180,37.566038,558.106634
-42.987229,53.391521,562.492036
-50.520244,74.557809,565.090310
-53.140439,100.652851,565.138403
-49.858503,126.373817,562.443476
-41.872605,146.876437,557.455861
-31.094903,162.209410,551.164795
-18.851060,174.255859,544.841496
-5.907361,-175.366313,539.697888
7.239809,-165.456024,536.561131
20.162382,-154.946662,535.667972
32.339088,-142.593639,536.647761
42.940888,-126.700229,538.697046
50.531499,-105.394576,540.880496
53.137612,-79.108359,542.452834
49.769274,-53.276093,543.097198
39.161040,-23.534911,542.937341
27.850111,-9.245063,542.821484
15.342722,2.215232,543.564652
2.313796,12.345777,545.743779
-10.776424,22.281707,549.473650
-23.498980,33.097795,554.305086
-35.291280,46.117308,559.313112
-45.221357,63.128062,563.347006
-51.708530,85.747428,565.359871
-52.860393,112.387584,564.715048
-48.223908,137.056844,561.380562
-39.375715,156.124930,555.957982
-28.134365,170.456919,549.535899
-15.658609,-178.045400,543.403954
-2.622986,-167.886478,538.705361
10.508965,-157.927998,536.132330
23.301511,-147.088271,535.763344
35.180550,-134.030019,537.096687
45.193817,-116.936754,539.264970
51.724317,-94.158054,541.351835
52.840998,-67.333484,542.701949
48.108269,-42.585515,543.125520
36.497720,-14.595048,542.870210
24.803189,-1.182133,542.898294
12.114393,9.824227,543.961003
-0.969126,19.807375,546.538775
-14.009792,29.858129,550.607694
-26.562068,41.084691,555.584050
-37.997401,54.916963,560.458184
-47.243262,73.230059,564.073584
-52.555616,97.220199,565.460263
-52.206085,123.980531,564.120378
-46.326315,147.364190,560.184670
-36.733118,165.074879,554.396609
-25.099001,178.530032,547.925879
-12.432126,-170.428525,542.058293
0.667285,-160.418896,537.848812
13.757534,-150.346145,535.844238
26.385307,-139.093913,535.966965
37.908895,-125.215362,537.598031
47.232101,-106.802626,539.826458
52.570685,-82.636028,541.774743
52.166056,-55.708178,542.890573
46.184299,-32.276814,543.113716
33.712590,-5.921646,542.819918
21.696067,6.733180,543.041206
8.862126,17.370713,544.454620
-4.249405,27.273113,547.429830
-17.213465,37.506432,551.800630
-29.557453,49.231679,556.857378
-40.570440,63.997618,561.523641
-49.020768,83.708749,564.658474
-53.037759,108.891049,565.387060
-51.196482,135.333539,563.360364
-44.198858,157.298314,558.870841
-33.966571,173.758955,552.791976
-22.001007,-173.544996,546.354729
-9.179326,-162.874717,540.818855
3.957036,-152.947471,537.133253
16.978051,-142.692221,535.691858
29.402243,-130.938263,536.266335
40.503573,-116.116411,538.136522
49.022800,-96.286369,540.368765
53.046588,-70.916118,542.143103
51.132803,-44.331503,543.020918
44.031208,-22.346035,543.071145
30.824609,2.518017,542.799427
18.539431,14.524962,543.260408
5.593028,24.872304,545.048588
-7.520681,34.759074,548.410888
-20.379471,45.245996,553.038314
-32.472180,57.566038,558.106634
-42.987229,73.391521,562.492036
-50.520244,94.557809,565.090310
-53.140439,120.652851,565.138403
-49.858503,146.373817,562.443476
-41.872605,166.876437,557.455861
-31.094903,-177.790590,551.164795
-18.851060,-165.744141,544.841496
-5.907361,-155.366313,539.697888
7.239809,-145.456024,536.561131
20.162382,-134.946662,535.667972
32.339088,-122.593639,536.647761
42.940888,-106.700229,538.697046
50.531499,-85.394576,540.880496
53.137612,-59.108359,542.452834
49.769274,-33.276093,543.097198
41.680606,-12.774577,543.008459
27.850111,10.754937,542.821484
15.342722,22.215232,543.564652
2.313796,32.345777,545.743779
-10.776424,42.281707,549.473650
-23.498980,53.097795,554.305086
-35.291280,66.117308,559.313112
-45.221357,83.128062,563.347006
-51.708530,105.747428,565.359871
-52.860393,132.387584,564.715048
-48.223908,157.056844,561.380562
-39.375715,176.124930,555.957982
-28.134365,-169.543081,549.535899
-15.658609,-158.045400,543.403954
-2.622986,-147.886478,538.705361
10.508965,-137.927998,536.132330
23.301511,-127.088271,535.763344
35.180550,-114.030019,537.096687
45.193817,-96.936754,539.264970
51.724317,-74.158054,541.351835
52.840998,-47.333484,542.701949
48.108269,-22.585515,543.125520
39.161040,-3.534911,542.937341
24.803189,18.817867,542.898294
12.114393,29.824227,543.961003
-0.969126,39.807375,546.538775
-14.009792,49.858129,550.607694
-26.562068,61.084691,555.584050
-37.997401,74.916963,560.458184
-47.243262,93.230059,564.073584
-52.555616,117.220199,565.460263
-52.206085,143.980531,564.120378
-46.326315,167.364190,560.184670
-36.733118,-174.925121,554.396609
-25.099001,-161.469968,547.925879
-12.432126,-150.428525,542.058293
0.667285,-140.418896,537.848812
13.757534,-130.346145,535.844238
26.385307,-119.093913,535.966965
37.908895,-105.215362,537.598031
47.232101,-86.802626,539.826458
52.570685,-62.636028,541.774743
52.166056,-35.708178,542.890573
46.184299,-12.276814,543.113716
36.497720,5.404952,542.870210
21.696067,26.733180,543.041206
8.862126,37.370713,544.454620
-4.249405,47.273113,547.429830
-17.213465,57.506432,551.800630
-29.557453,69.231679,556.857378
-40.570440,83.997618,561.523641
-49.020768,103.708749,564.658474
-53.037759,128.891049,565.387060
-51.196482,155.333539,563.360364
-44.198858,177.298314,558.870841
-33.966571,-166.241045,552.791976
-22.001007,-153.544996,546.354729
-9.179326,-142.874717,540.818855
3.957036,-132.947471,537.133253
16.978051,-122.692221,535.691858
29.402243,-110.938263,536.266335
40.503573,-96.116411,538.136522
49.022800,-76.286369,540.368765
53.046588,-50.916118,542.143103
51.132803,-24.331503,543.020918
44.031208,-2.346035,543.071145
33.712590,14.078354,542.819918
18.539431,34.524962,543.260408
5.593028,44.872304,545.048588
-7.520681,54.759074,548.410888
-20.379471,65.245996,553.038314
-32.472180,77.566038,558.106634
-42.987229,93.391521,562.492036
-50.520244,114.557809,565.090310
-53.140439,140.652851,565.138403
-49.858503,166.373817,562.443476
-41.872605,-173.123563,557.455861
-31.094903,-157.790590,551.164795
-18.851060,-145.744141,544.841496
-5.907361,-135.366313,539.697888
7.239809,-125.456024,536.561131
20.162382,-114.946662,535.667972
32.339088,-102.593639,536.647761
42.940888,-86.700229,538.697046
50.531499,-65.394576,540.880496
53.137612,-39.108359,542.452834
49.769274,-13.276093,543.097198
41.680606,7.225423,543.008459
30.824609,22.518017,542.799427
15.342722,42.215232,543.564652
2.313796,52.345777,545.743779
-10.776424,62.281707,549.473650
-23.498980,73.097795,554.305086
-35.291280,86.117308,559.313112
-45.221357,103.128062,563.347006
-51.708530,125.747428,565.359871
-52.860393,152.387584,564.715048
-48.223908,177.056844,561.380562
-39.375715,-163.875070,555.957982
-28.134365,-149.543081,549.535899
-15.658609,-138.045400,543.403954
-2.622986,-127.886478,538.705361
10.508965,-117.927998,536.132330
23.301511,-107.088271,535.763344
35.180550,-94.030019,537.096687
45.193817,-76.936754,539.264970
51.724317,-54.158054,541.351835
52.840998,-27.333484,542.701949
48.108269,-2.585515,543.125520
39.161040,16.465089,542.937341
27.850111,30.754937,542.821484
12.114393,49.824227,543.961003
-0.969126,59.807375,546.538775
-14.009792,69.858129,550.607694
-26.562068,81.084691,555.584050
-37.997401,94.916963,560.458184
-47.243262,113.230059,564.073584
-52.555616,137.220199,565.460263
-52.206085,163.980531,564.120378
-46.326315,-172.635810,560.184670
-36.733118,-154.925121,554.396609
-25.099001,-141.469968,547.925879
-12.432126,-130.428525,542.058293
0.667285,-120.418896,537.848812
13.757534,-110.346145,535.844238
26.385307,-99.093913,535.966965
37.908895,-85.215362,537.598031
47.232101,-66.802626,539.826458
52.570685,-42.636028,541.774743
52.166056,-15.708178,542.890573
46.184299,7.723186,543.113716
36.497720,25.404952,542.870210
24.803189,38.817867,542.898294
8.862126,57.370713,544.454620
-4.249405,67.273113,547.429830
-17.213465,77.506432,551.800630
-29.557453,89.231679,556.857378
-40.570440,103.997618,561.523641
-49.020768,123.708749,564.658474
-53.037759,148.891049,565.387060
-51.196482,175.333539,563.360364
-44.198858,-162.701686,558.870841
-33.966571,-146.241045,552.791976
-22.001007,-133.544996,546.354729
-9.179326,-122.874717,540.818855
3.957036,-112.947471,537.133253
16.978051,-102.692221,535.691858
29.402243,-90.938263,536.266335
40.503573,-76.116411,538.136522
49.022800,-56.286369,540.368765
53.046588,-30.916118,542.143103
51.132803,-4.331503,543.020918
44.031208,17.653965,543.071145
33.712590,34.078354,542.819918
21.696067,46.733180,543.041206
5.593028,64.872304,545.048588
-7.520681,74.759074,548.410888
-20.379471,85.245996,553.038314
-32.472180,97.566038,558.106634
-42.987229,113.391521,562.492036
-50.520244,134.557809,565.090310
-53.140439,160.652851,565.138403
-49.858503,-173.626183,562.443476
-41.872605,-153.123563,557.455861
-31.094903,-137.790590,551.164795
-18.851060,-125.744141,544.841496
-5.907361,-115.366313,539.697888
7.239809,-105.456024,536.561131
20.162382,-94.946662,535.667972
32.339088,-82.593639,536.647761
42.940888,-66.700229,538.697046
50.531499,-45.394576,540.880496
53.137612,-19.108359,542.452834
49.769274,6.723907,543.097198
41.680606,27.225423,543.008459
30.824609,42.518017,542.799427
18.539431,54.524962,543.260408
2.313796,72.345777,545.743779
-10.776424,82.281707,549.473650
-23.498980,93.097795,554.305086
-35.291280,106.117308,559.313112
-45.221357,123.128062,563.347006
-51.708530,145.747428,565.359871
-52.860393,172.387584,564.715048
-48.223908,-162.943156,561.380562
-39.375715,-143.875070,555.957982
-28.134365,-129.543081,549.535899
-15.658609,-118.045400,543.403954
-2.622986,-107.886478,538.705361
10.508965,-97.927998,536.132330
23.301511,-87.088271,535.763344
35.180550,-74.030019,537.096687
45.193817,-56.936754,539.264970
51.724317,-34.158054,541.351835
52.840998,-7.333484,542.701949
48.108269,17.414485,543.125520
39.161040,36.465089,542.937341
27.850111,50.754937,542.821484
15.342722,62.215232,543.564652
-0.969126,79.807375,546.538775
-14.009792,89.858129,550.607694
-26.562068,101.084691,555.584050
-37.997401,114.916963,560.458184
-47.243262,133.230059,564.073584
-52.555616,157.220199,565.460263
-52.206085,-176.019469,564.120378
-46.326315,-152.635810,560.184670
-36.733118,-134.925121,554.396609
-25.099001,-121.469968,547.925879
-12.432126,-110.428525,542.058293
0.667285,-100.418896,537.848812
13.757534,-90.346145,535.844238
26.385307,-79.093913,535.966965
37.908895,-65.215362,537.598031
47.232101,-46.802626,539.826458
52.570685,-22.636028,541.774743
52.166056,4.291822,542.890573
46.184299,27.723186,543.113716
36.497720,45.404952,542.870210
24.803189,58.817867,542.898294
12.114393,69.824227,543.961003
-4.249405,87.273113,547.429830
-17.213465,97.506432,551.800630
-29.557453,109.231679,556.857378
-40.570440,123.997618,561.523641
-49.020768,143.708749,564.658474
-53.037759,168.891049,565.387060
-51.196482,-164.666461,563.360364
-44.198858,-142.701686,558.870841
-33.966571,-126.241045,552.791976
-22.001007,-113.544996,546.354729
-9.179326,-102.874717,540.818855
3.957036,-92.947471,537.133253
16.978051,-82.692221,535.691858
29.402243,-70.938263,536.266335
40.503573,-56.116411,538.136522
49.022800,-36.286369,540.368765
53.046588,-10.916118,542.143103
51.132803,15.668497,543.020918
44.031208,37.653965,543.071145
33.712590,54.078354,542.819918
21.696067,66.733180,543.041206
8.862126,77.370713,544.454620
-7.520681,94.759074,548.410888
-20.379471,105.245996,553.038314
-32.472180,117.566038,558.106634
-42.987229,133.391521,562.492036
-50.520244,154.557809,565.090310
-53.140439,-179.347149,565.138403
-49.858503,-153.626183,562.443476
-41.872605,-133.123563,557.455861
-31.094903,-117.790590,551.164795
-18.851060,-105.744141,544.841496
-5.907361,-95.366313,539.697888
7.239809,-85.456024,536.561131
20.162382,-74.946662,535.667972
32.339088,-62.593639,536.647761
42.940888,-46.700229,538.697046
50.531499,-25.394576,540.880496
53.137612,0.891641,542.452834
49.769274,26.723907,543.097198
41.680606,47.225423,543.008459
30.824609,62.518017,542.799427
18.539431,74.524962,543.260408
5.593028,84.872304,545.048588
-10.776424,102.281707,549.473650
-23.498980,113.097795,554.305086
-35.291280,126.117308,559.313112
-45.221357,143.128062,563.347006
-51.708530,165.747428,565.359871
-52.860393,-167.612416,564.715048
-48.223908,-142.943156,561.380562
-39.375715,-123.875070,555.957982
-28.134365,-109.543081,549.535899
-15.658609,-98.045400,543.403954
-2.622986,-87.886478,538.705361
10.508965,-77.927998,536.132330
23.301511,-67.088271,535.763344
35.180550,-54.030019,537.096687
45.193817,-36.936754,539.264970
51.724317,-14.158054,541.351835
52.840998,12.666516,542.701949
48.108269,37.414485,543.125520
39.161040,56.465089,542.937341
27.850111,70.754937,542.821484
15.342722,82.215232,543.564652
2.313796,92.345777,545.743779
-14.009792,109.858129,550.607694
-26.562068,121.084691,555.584050
-37.997401,134.916963,560.458184
-47.243262,153.230059,564.073584
-52.555616,177.220199,565.460263
-52.206085,-156.019469,564.120378
-46.326315,-132.635810,560.184670
-36.733118,-114.925121,554.396609
-25.099001,-101.469968,547.925879
-12.432126,-90.428525,542.058293
0.667285,-80.418896,537.848812
13.757534,-70.346145,535.844238
26.385307,-59.093913,535.966965
37.908895,-45.215362,537.598031
47.232101,-26.802626,539.826458
52.570685,-2.636028,541.774743
52.166056,24.291822,542.890573
46.184299,47.723186,543.113716
36.497720,65.404952,542.870210
24.803189,78.817867,542.898294
12.114393,89.824227,543.961003
-0.969126,99.807375,546.538775
-17.213465,117.506432,551.800630
-29.557453,129.231679,556.857378
-40.570440,143.997618,561.523641
-49.020768,163.708749,564.658474
-53.037759,-171.108951,565.387060
-51.196482,-144.666461,563.360364
-44.198858,-122.701686,558.870841
-33.966571,-106.241045,552.791976
-22.001007,-93.544996,546.354729
-9.179326,-82.874717,540.818855
3.957036,-72.947471,537.133253
16.978051,-62.692221,535.691858
29.402243,-50.938263,536.266335
40.503573,-36.116411,538.136522
49.022800,-16.286369,540.368765
53.046588,9.083882,542.143103
51.132803,35.668497,543.020918
44.031208,57.653965,543.071145
33.712590,74.078354,542.819918
21.696067,86.733180,543.041206
8.862126,97.370713,544.454620
-4.249405,107.273113,547.429830
-20.379471,125.245996,553.038314
-32.472180,137.566038,558.106634
-42.987229,153.391521,562.492036
-50.520244,174.557809,565.090310
-53.140439,-159.347149,565.138403
-49.858503,-133.626183,562.443476
-41.872605,-113.123563,557.455861
-31.094903,-97.790590,551.164795
-18.851060,-85.744141,544.841496
-5.907361,-75.366313,539.697888
7.239809,-65.456024,536.561131
20.162382,-54.946662,535.667972
32.339088,-42.593639,536.647761
42.940888,-26.700229,538.697046
50.531499,-5.394576,540.880496
53.137612,20.891641,542.452834
49.769274,46.723907,543.097198
41.680606,67.225423,543.008459
30.824609,82.518017,542.799427
18.539431,94.524962,543.260408
5.593028,104.872304,545.048588
-7.520681,114.759074,548.410888
-23.498980,133.097795,554.305086
-35.291280,146.117308,559.313112
-45.221357,163.128062,563.347006
-51.708530,-174.252572,565.359871
-52.860393,-147.612416,564.715048
-48.223908,-122.943156,561.380562
-39.375715,-103.875070,555.957982
-28.134365,-89.543081,549.535899
-15.658609,-78.045400,543.403954
-2.622986,-67.886478,538.705361
10.508965,-57.927998,536.132330
23.301511,-47.088271,535.763344
35.180550,-34.030019,537.096687
45.193817,-16.936754,539.264970
51.724317,5.841946,541.351835
52.840998,32.666516,542.701949
48.108269,57.414485,543.125520
39.161040,76.465089,542.937341
27.850111,90.754937,542.821484
15.342722,102.215232,543.564652
2.313796,112.345777,545.743779
-10.776424,122.281707,549.473650
-26.562068,141.084691,555.584050
-37.997401,154.916963,560.458184
-47.243262,173.230059,564.073584
-52.555616,-162.779801,565.460263
-52.206085,-136.019469,564.120378
-46.326315,-112.635810,560.184670
-36.733118,-94.925121,554.396609
-25.099001,-81.469968,547.925879
-12.432126,-70.428525,542.058293
0.667285,-60.418896,537.848812
13.757534,-50.346145,535.844238
26.385307,-39.093913,535.966965
37.908895,-25.215362,537.598031
47.232101,-6.802626,539.826458
52.570685,17.363972,541.774743
52.166056,44.291822,542.890573
46.184299,67.723186,543.113716
36.497720,85.404952,542.870210
24.803189,98.817867,542.898294
12.114393,109.824227,543.961003
-0.969126,119.807375,546.538775
-14.009792,129.858129,550.607694
-29.557453,149.231679,556.857378
-40.570440,163.997618,561.523641
-49.020768,-176.291251,564.658474
-53.037759,-151.108951,565.387060
-51.196482,-124.666461,563.360364
-44.198858,-102.701686,558.870841
-33.966571,-86.241045,552.791976
-22.001007,-73.544996,546.354729
-9.179326,-62.874717,540.818855
3.957036,-52.947471,537.133253
16.978051,-42.692221,535.691858
29.402243,-30.938263,536.266335
40.503573,-16.116411,538.136522
49.022800,3.713631,540.368765
53.046588,29.083882,542.143103
51.132803,55.668497,543.020918
44.031208,77.653965,543.071145
33.712590,94.078354,542.819918
21.696067,106.733180,543.041206
8.862126,117.370713,544.454620
-4.249405,127.273113,547.429830
-17.213465,137.506432,551.800630
-32.472180,157.566038,558.106634
-42.987229,173.391521,562.492036
-50.520244,-165.442191,565.090310
-53.140439,-139.347149,565.138403
-49.858503,-113.626183,562.443476
-41.872605,-93.123563,557.455861
-31.094903,-77.790590,551.164795
-18.851060,-65.744141,544.841496
-5.907361,-55.366313,539.697888
7.239809,-45.456024,536.561131
20.162382,-34.946662,535.667972
32.339088,-22.593639,536.647761
42.940888,-6.700229,538.697046
50.531499,14.605424,540.880496
53.137612,40.891641,542.452834
49.769274,66.723907,543.097198
41.680606,87.225423,543.008459
30.824609,102.518017,542.799427
18.539431,114.524962,543.260408
5.593028,124.872304,545.048588
-7.520681,134.759074,548.410888
-20.379471,145.245996,553.038314
-35.291280,166.117308,559.313112
-45.221357,-176.871938,563.347006
-51.708530,-154.252572,565.359871
-52.860393,-127.612416,564.715048
-48.223908,-102.943156,561.380562
-39.375715,-83.875070,555.957982
-28.134365,-69.543081,549.535899
-15.658609,-58.045400,543.403954
-2.622986,-47.886478,538.705361
10.508965,-37.927998,536.132330
23.301511,-27.088271,535.763344
35.180550,-14.030019,537.096687
45.193817,3.063246,539.264970
51.724317,25.841946,541.351835
52.840998,52.666516,542.701949
48.108269,77.414485,543.125520
39.161040,96.465089,542.937341
27.850111,110.754937,542.821484
15.342722,122.215232,543.564652
2.313796,132.345777,545.743779
-10.776424,142.281707,549.473650
-23.498980,153.097795,554.305086
-37.997401,174.916963,560.458184
-47.243262,-166.769941,564.073584
-52.555616,-142.779801,565.460263
-52.206085,-116.019469,564.120378
-46.326315,-92.635810,560.184670
-36.733118,-74.925121,554.396609
-25.099001,-61.469968,547.925879
-12.432126,-50.428525,542.058293
0.667285,-40.418896,537.848812
13.757534,-30.346145,535.844238
26.385307,-19.093913,535.966965
37.908895,-5.215362,537.598031
47.232101,13.197374,539.826458
52.570685,37.363972,541.774743
52.166056,64.291822,542.890573
46.184299,87.723186,543.113716
36.497720,105.404952,542.870210
24.803189,118.817867,542.898294
12.114393,129.824227,543.961003
-0.969126,139.807375,546.538775
-14.009792,149.858129,550.607694
-26.562068,161.084691,555.584050
-40.570440,-176.002382,561.523641
-49.020768,-156.291251,564.658474
-53.037759,-131.108951,565.387060
-51.196482,-104.666461,563.360364
-44.198858,-82.701686,558.870841
-33.966571,-66.241045,552.791976
-22.001007,-53.544996,546.354729
-9.179326,-42.874717,540.818855
3.957036,-32.947471,537.133253
16.978051,-22.692221,535.691858
29.402243,-10.938263,536.266335
40.503573,3.883589,538.136522
49.022800,23.713631,540.368765
53.046588,49.083882,542.143103
51.132803,75.668497,543.020918
44.031208,97.653965,543.071145
33.712590,114.078354,542.819918
21.696067,126.733180,543.041206
8.862126,137.370713,544.454620
-4.249405,147.273113,547.429830
-17.213465,157.506432,551.800630
-29.557453,169.231679,556.857378
-42.987229,-166.608479,562.492036
-50.520244,-145.442191,565.090310
-53.140439,-119.347149,565.138403
-49.858503,-93.626183,562.443476
-41.872605,-73.123563,557.455861
-31.094903,-57.790590,551.164795
-18.851060,-45.744141,544.841496
-5.907361,-35.366313,539.697888
7.239809,-25.456024,536.561131
20.162382,-14.946662,535.667972
32.339088,-2.593639,536.647761
42.940888,13.299771,538.697046
50.531499,34.605424,540.880496
53.137612,60.891641,542.452834
49.769274,86.723907,543.097198
41.680606,107.225423,543.008459
30.824609,122.518017,542.799427
18.539431,134.524962,543.260408
5.593028,144.872304,545.048588
-7.520681,154.759074,548.410888
-20.379471,165.245996,553.038314
-32.472180,177.566038,558.106634
-45.221357,-156.871938,563.347006
-51.708530,-134.252572,565.359871
-52.860393,-107.612416,564.715048
-48.223908,-82.943156,561.380562
-39.375715,-63.875070,555.957982
-28.134365,-49.543081,549.535899
-15.658609,-38.045400,543.403954
-2.622986,-27.886478,538.705361
10.508965,-17.927998,536.132330
23.301511,-7.088271,535.763344
35.180550,5.969981,537.096687
45.193817,23.063246,539.264970
51.724317,45.841946,541.351835
52.840998,72.666516,542.701949
48.108269,97.414485,543.125520
39.161040,116.465089,542.937341
27.850111,130.754937,542.821484
15.342722,142.215232,543.564652
2.313796,152.345777,545.743779
-10.776424,162.281707,549.473650
-23.498980,173.097795,554.305086
-35.291280,-173.882692,559.313112
-47.243262,-146.769941,564.073584
-52.555616,-122.779801,565.460263
-52.206085,-96.019469,564.120378
-46.326315,-72.635810,560.184670
-36.733118,-54.925121,554.396609
-25.099001,-41.469968,547.925879
-12.432126,-30.428525,542.058293
0.667285,-20.418896,537.848812
13.757534,-10.346145,535.844238
26.385307,0.906087,535.966965
37.908895,14.784638,537.598031
47.232101,33.197374,539.826458
52.570685,57.363972,541.774743
52.166056,84.291822,542.890573
46.184299,107.723186,543.113716
36.497720,125.404952,542.870210
24.803189,138.817867,542.898294
12.114393,149.824227,543.961003
-0.969126,159.807375,546.538775
-14.009792,169.858129,550.607694
-26.562068,-178.915309,555.584050
-37.997401,-165.083037,560.458184
-49.020768,-136.291251,564.658474
-53.037759,-111.108951,565.387060
-51.196482,-84.666461,563.360364
-44.198858,-62.701686,558.870841
-33.966571,-46.241045,552.791976
-22.001007,-33.544996,546.354729
-9.179326,-22.874717,540.818855
3.957036,-12.947471,537.133253
16.978051,-2.692221,535.691858
29.402243,9.061737,536.266335
40.503573,23.883589,538.136522
49.022800,43.713631,540.368765
53.046588,69.083882,542.143103
51.132803,95.668497,543.020918
44.031208,117.653965,543.071145
33.712590,134.078354,542.819918
21.696067,146.733180,543.041206
8.862126,157.370713,544.454620
-4.249405,167.273113,547.429830
-17.213465,177.506432,551.800630
-29.557453,-170.768321,556.857378
-40.570440,-156.002382,561.523641
-50.520244,-125.442191,565.090310
-53.140439,-99.347149,565.138403
-49.858503,-73.626183,562.443476
-41.872605,-53.123563,557.455861
-31.094903,-37.790590,551.164795
-18.851060,-25.744141,544.841496
-5.907361,-15.366313,539.697888
7.239809,-5.456024,536.561131
20.162382,5.053338,535.667972
32.339088,17.406361,536.647761
42.940888,33.299771,538.697046
50.531499,54.605424,540.880496
53.137612,80.891641,542.452834
49.769274,106.723907,543.097198
41.680606,127.225423,543.008459
30.824609,142.518017,542.799427
18.539431,154.524962,543.260408
5.593028,164.872304,545.048588
-7.520681,174.759074,548.410888
-20.379471,-174.754004,553.038314
-32.472180,-162.433962,558.106634
-42.987229,-146.608479,562.492036
-51.708530,-114.252572,565.359871
-52.860393,-87.612416,564.715048
-48.223908,-62.943156,561.380562
-39.375715,-43.875070,555.957982
-28.134365,-29.543081,549.535899
-15.658609,-18.045400,543.403954
-2.622986,-7.886478,538.705361
10.508965,2.072002,536.132330
23.301511,12.911729,535.763344
35.180550,25.969981,537.096687
45.193817,43.063246,539.264970
51.724317,65.841946,541.351835
52.840998,92.666516,542.701949
48.108269,117.414485,543.125520
39.161040,136.465089,542.937341
27.850111,150.754937,542.821484
15.342722,162.215232,543.564652
2.313796,172.345777,545.743779
-10.776424,-177.718293,549.473650
-23.498980,-166.902205,554.305086
-35.291280,-153.882692,559.313112
-45.221357,-136.871938,563.347006
-52.555616,-102.779801,565.460263
-52.206085,-76.019469,564.120378
-46.326315,-52.635810,560.184670
-36.733118,-34.925121,554.396609
-25.099001,-21.469968,547.925879
-12.432126,-10.428525,542.058293
0.667285,-0.418896,537.848812
13.757534,9.653855,535.844238
26.385307,20.906087,535.966965
37.908895,34.784638,537.598031
47.232101,53.197374,539.826458
52.570685,77.363972,541.774743
52.166056,104.291822,542.890573
46.184299,127.723186,543.113716
36.497720,145.404952,542.870210
24.803189,158.817867,542.898294
12.114393,169.824227,543.961003
-0.969126,179.807375,546.538775
-14.009792,-170.141871,550.607694
-26.562068,-158.915309,555.584050
-37.997401,-145.083037,560.458184
-47.243262,-126.769941,564.073584
-53.037759,-91.108951,565.387060
-51.196482,-64.666461,563.360364
-44.198858,-42.701686,558.870841
-33.966571,-26.241045,552.791976
-22.001007,-13.544996,546.354729
-9.179326,-2.874717,540.818855
3.957036,7.052529,537.133253
16.978051,17.307779,535.691858
29.402243,29.061737,536.266335
40.503573,43.883589,538.136522
49.022800,63.713631,540.368765
53.046588,89.083882,542.143103
51.132803,115.668497,543.020918
44.031208,137.653965,543.071145
33.712590,154.078354,542.819918
21.696067,166.733180,543.041206
8.862126,177.370713,544.454620
-4.249405,-172.726887,547.429830
-17.213465,-162.493568,551.800630
-29.557453,-150.768321,556.857378
-40.570440,-136.002382,561.523641
-49.020768,-116.291251,564.658474
-53.140439,-79.347149,565.138403
-49.858503,-53.626183,562.443476
-41.872605,-33.123563,557.455861
-31.094903,-17.790590,551.164795
-18.851060,-5.744141,544.841496
-5.907361,4.633687,539.697888
7.239809,14.543976,536.561131
20.162382,25.053338,535.667972
32.339088,37.406361,536.647761
42.940888,53.299771,538.697046
50.531499,74.605424,540.880496
53.137612,100.891641,542.452834
49.769274,126.723907,543.097198
41.680606,147.225423,543.008459
30.824609,162.518017,542.799427
18.539431,174.524962,543.260408
5.593028,-175.127696,545.048588
-7.520681,-165.240926,548.410888
-20.379471,-154.754004,553.038314
-32.472180,-142.433962,558.106634
-42.987229,-126.608479,562.492036
-50.520244,-105.442191,565.090310
-52.860393,-67.612416,564.715048
-48.223908,-42.943156,561.380562
-39.375715,-23.875070,555.957982
-28.134365,-9.543081,549.535899
-15.658609,1.954600,543.403954
-2.622986,12.113522,538.705361
10.508965,22.072002,536.132330
23.301511,32.911729,535.763344
35.180550,45.969981,537.096687
45.193817,63.063246,539.264970
51.724317,85.841946,541.351835
52.840998,112.666516,542.701949
48.108269,137.414485,543.125520
39.161040,156.465089,542.937341
27.850111,170.754937,542.821484
15.342722,-177.784768,543.564652
2.313796,-167.654223,545.743779
-10.776424,-157.718293,549.473650
-23.498980,-146.902205,554.305086
-35.291280,-133.882692,559.313112
-45.221357,-116.871938,563.347006
-51.708530,-94.252572,565.359871
-52.206085,-56.019469,564.120378
-46.326315,-32.635810,560.184670
-36.733118,-14.925121,554.396609
-25.099001,-1.469968,547.925879
-12.432126,9.571475,542.058293
0.667285,19.581104,537.848812
13.757534,29.653855,535.844238
26.385307,40.906087,535.966965
37.908895,54.784638,537.598031
47.232101,73.197374,539.826458
52.570685,97.363972,541.774743
52.166056,124.291822,542.890573
46.184299,147.723186,543.113716
36.497720,165.404952,542.870210
24.803189,178.817867,542.898294
12.114393,-170.175773,543.961003
-0.969126,-160.192625,546.538775
-14.009792,-150.141871,550.607694
-26.562068,-138.915309,555.584050
-37.997401,-125.083037,560.458184
-47.243262,-106.769941,564.073584
-52.555616,-82.779801,565.460263
-51.196482,-44.666461,563.360364
-44.198858,-22.701686,558.870841
-33.966571,-6.241045,552.791976
-22.001007,6.455004,546.354729
-9.179326,17.125283,540.818855
3.957036,27.052529,537.133253
16.978051,37.307779,535.691858
29.402243,49.061737,536.266335
40.503573,63.883589,538.136522
49.022800,83.713631,540.368765
53.046588,109.083882,542.143103
51.132803,135.668497,543.020918
44.031208,157.653965,543.071145
33.712590,174.078354,542.819918
21.696067,-173.266820,543.041206
8.862126,-162.629287,544.454620
-4.249405,-152.726887,547.429830
-17.213465,-142.493568,551.800630
-29.557453,-130.768321,556.857378
-40.570440,-116.002382,561.523641
-49.020768,-96.291251,564.658474
-53.037759,-71.108951,565.387060
-49.858503,-33.626183,562.443476
-41.872605,-13.123563,557.455861
-31.094903,2.209410,551.164795
-18.851060,14.255859,544.841496
-5.907361,24.633687,539.697888
7.239809,34.543976,536.561131
20.162382,45.053338,535.667972
32.339088,57.406361,536.647761
42.940888,73.299771,538.697046
50.531499,94.605424,540.880496
53.137612,120.891641,542.452834
49.769274,146.723907,543.097198
41.680606,167.225423,543.008459
30.824609,-177.481983,542.799427
18.539431,-165.475038,543.260408
5.593028,-155.127696,545.048588
-7.520681,-145.240926,548.410888
-20.379471,-134.754004,553.038314
-32.472180,-122.433962,558.106634
-42.987229,-106.608479,562.492036
-50.520244,-85.442191,565.090310
-53.140439,-59.347149,565.138403
-48.223908,-22.943156,561.380562
-39.375715,-3.875070,555.957982
-28.134365,10.456919,549.535899
-15.658609,21.954600,543.403954
-2.622986,32.113522,538.705361
10.508965,42.072002,536.132330
23.301511,52.911729,535.763344
35.180550,65.969981,537.096687
45.193817,83.063246,539.264970
51.724317,105.841946,541.351835
52.840998,132.666516,542.701949
48.108269,157.414485,543.125520
39.161040,176.465089,542.937341
27.850111,-169.245063,542.821484
15.342722,-157.784768,543.564652
2.313796,-147.654223,545.743779
-10.776424,-137.718293,549.473650
-23.498980,-126.902205,554.305086
-35.291280,-113.882692,559.313112
-45.221357,-96.871938,563.347006
-51.708530,-74.252572,565.359871
-52.860393,-47.612416,564.715048
-46.326315,-12.635810,560.184670
-36.733118,5.074879,554.396609
-25.099001,18.530032,547.925879
-12.432126,29.571475,542.058293
0.667285,39.581104,537.848812
13.757534,49.653855,535.844238
26.385307,60.906087,535.966965
37.908895,74.784638,537.598031
47.232101,93.197374,539.826458
52.570685,117.363972,541.774743
52.166056,144.291822,542.890573
46.184299,167.723186,543.113716
36.497720,-174.595048,542.870210
24.803189,-161.182133,542.898294
12.114393,-150.175773,543.961003
-0.969126,-140.192625,546.538775
-14.009792,-130.141871,550.607694
-26.562068,-118.915309,555.584050
-37.997401,-105.083037,560.458184
-47.243262,-86.769941,564.073584
-52.555616,-62.779801,565.460263
-52.206085,-36.019469,564.120378
-44.198858,-2.701686,558.870841
-33.966571,13.758955,552.791976
-22.001007,26.455004,546.354729
-9.179326,37.125283,540.818855
3.957036,47.052529,537.133253
16.978051,57.307779,535.691858
29.402243,69.061737,536.266335
40.503573,83.883589,538.136522
49.022800,103.713631,540.368765
53.046588,129.083882,542.143103
51.132803,155.668497,543.020918
44.031208,177.653965,543.071145
33.712590,-165.921646,542.819918
21.696067,-153.266820,543.041206
8.862126,-142.629287,544.454620
-4.249405,-132.726887,547.429830
-17.213465,-122.493568,551.800630
-29.557453,-110.768321,556.857378
-40.570440,-96.002382,561.523641
-49.020768,-76.291251,564.658474
-53.037759,-51.108951,565.387060
-51.196482,-24.666461,563.360364
-41.872605,6.876437,557.455861
-31.094903,22.209410,551.164795
-18.851060,34.255859,544.841496
-5.907361,44.633687,539.697888
7.239809,54.543976,536.561131
20.162382,65.053338,535.667972
32.339088,77.406361,536.647761
42.940888,93.299771,538.697046
50.531499,114.605424,540.880496
53.137612,140.891641,542.452834
49.769274,166.723907,543.097198
41.680606,-172.774577,543.008459
30.824609,-157.481983,542.799427
18.539431,-145.475038,543.260408
5.593028,-135.127696,545.048588
-7.520681,-125.240926,548.410888
-20.379471,-114.754004,553.038314
-32.472180,-102.433962,558.106634
-42.987229,-86.608479,562.492036
-50.520244,-65.442191,565.090310
-53.140439,-39.347149,565.138403
-49.858503,-13.626183,562.443476
-39.375715,16.124930,555.957982
-28.134365,30.456919,549.535899
-15.658609,41.954600,543.403954
-2.622986,52.113522,538.705361
10.508965,62.072002,536.132330
23.301511,72.911729,535.763344
35.180550,85.969981,537.096687
45.193817,103.063246,539.264970
51.724317,125.841946,541.351835
52.840998,152.666516,542.701949
48.108269,177.414485,543.125520
39.161040,-163.534911,542.937341
27.850111,-149.245063,542.821484
15.342722,-137.784768,543.564652
2.313796,-127.654223,545.743779
-10.776424,-117.718293,549.473650
-23.498980,-106.902205,554.305086
-35.291280,-93.882692,559.313112
-45.221357,-76.871938,563.347006
-51.708530,-54.252572,565.359871
-52.860393,-27.612416,564.715048
-48.223908,-2.943156,561.380562
-36.733118,25.074879,554.396609
-25.099001,38.530032,547.925879
-12.432126,49.571475,542.058293
0.667285,59.581104,537.848812
13.757534,69.653855,535.844238
26.385307,80.906087,535.966965
37.908895,94.784638,537.598031
47.232101,113.197374,539.826458
52.570685,137.363972,541.774743
52.166056,164.291822,542.890573
46.184299,-172.276814,543.113716
36.497720,-154.595048,542.870210
24.803189,-141.182133,542.898294
12.114393,-130.175773,543.961003
-0.969126,-120.192625,546.538775
-14.009792,-110.141871,550.607694
-26.562068,-98.915309,555.584050
-37.997401,-85.083037,560.458184
-47.243262,-66.769941,564.073584
-52.555616,-42.779801,565.460263
-52.206085,-16.019469,564.120378
-46.326315,7.364190,560.184670
-33.966571,33.758955,552.791976
-22.001007,46.455004,546.354729
-9.179326,57.125283,540.818855
3.957036,67.052529,537.133253
16.978051,77.307779,535.691858
29.402243,89.061737,536.266335
40.503573,103.883589,538.136522
49.022800,123.713631,540.368765
53.046588,149.083882,542.143103
51.132803,175.668497,543.020918
44.031208,-162.346035,543.071145
33.712590,-145.921646,542.819918
21.696067,-133.266820,543.041206
8.862126,-122.629287,544.454620
-4.249405,-112.726887,547.429830
-17.213465,-102.493568,551.800630
-29.557453,-90.768321,556.857378
-40.570440,-76.002382,561.523641
-49.020768,-56.291251,564.658474
-53.037759,-31.108951,565.387060
-51.196482,-4.666461,563.360364
-44.198858,17.298314,558.870841
-31.094903,42.209410,551.164795
-18.851060,54.255859,544.841496
-5.907361,64.633687,539.697888
7.239809,74.543976,536.561131
20.162382,85.053338,535.667972
32.339088,97.406361,536.647761
42.940888,113.299771,538.697046
50.531499,134.605424,540.880496
53.137612,160.891641,542.452834
49.769274,-173.276093,543.097198
41.680606,-152.774577,543.008459
30.824609,-137.481983,542.799427
18.539431,-125.475038,543.260408
5.593028,-115.127696,545.048588
-7.520681,-105.240926,548.410888
-20.379471,-94.754004,553.038314
-32.472180,-82.433962,558.106634
-42.987229,-66.608479,562.492036
-50.520244,-45.442191,565.090310
-53.140439,-19.347149,565.138403
-49.858503,6.373817,562.443476
-41.872605,26.876437,557.455861
-28.134365,50.456919,549.535899
-15.658609,61.954600,543.403954
-2.622986,72.113522,538.705361
10.508965,82.072002,536.132330
23.301511,92.911729,535.763344
35.180550,105.969981,537.096687
45.193817,123.063246,539.264970
51.724317,145.841946,541.351835
52.840998,172.666516,542.701949
48.108269,-162.585515,543.125520
39.161040,-143.534911,542.937341
27.850111,-129.245063,542.821484
15.342722,-117.784768,543.564652
2.313796,-107.654223,545.743779
-10.776424,-97.718293,549.473650
-23.498980,-86.902205,554.305086
-35.291280,-73.882692,559.313112
-45.221357,-56.871938,563.347006
-51.708530,-34.252572,565.359871
-52.860393,-7.612416,564.715048
-48.223908,17.056844,561.380562
-39.375715,36.124930,555.957982
-25.099001,58.530032,547.925879
-12.432126,69.571475,542.058293
0.667285,79.581104,537.848812
13.757534,89.653855,535.844238
26.385307,100.906087,535.966965
37.908895,114.784638,537.598031
47.232101,133.197374,539.826458
52.570685,157.363972,541.774743
52.166056,-175.708178,542.890573
46.184299,-152.276814,543.113716
36.497720,-134.595048,542.870210
24.803189,-121.182133,542.898294
12.114393,-110.175773,543.961003
-0.969126,-100.192625,546.538775
-14.009792,-90.141871,550.607694
-26.562068,-78.915309,555.584050
-37.997401,-65.083037,560.458184
-47.243262,-46.769941,564.073584
-52.555616,-22.779801,565.460263
-52.206085,3.980531,564.120378
-46.326315,27.364190,560.184670
-36.733118,45.074879,554.396609
-22.001007,66.455004,546.354729
-9.179326,77.125283,540.818855
3.957036,87.052529,537.133253
16.978051,97.307779,535.691858
29.402243,109.061737,536.266335
40.503573,123.883589,538.136522
49.022800,143.713631,540.368765
53.046588,169.083882,542.143103
51.132803,-164.331503,543.020918
44.031208,-142.346035,543.071145
33.712590,-125.921646,542.819918
21.696067,-113.266820,543.041206
8.862126,-102.629287,544.454620
-4.249405,-92.726887,547.429830
-17.213465,-82.493568,551.800630
-29.557453,-70.768321,556.857378
-40.570440,-56.002382,561.523641
-49.020768,-36.291251,564.658474
-53.037759,-11.108951,565.387060
-51.196482,15.333539,563.360364
-44.198858,37.298314,558.870841
-33.966571,53.758955,552.791976
-18.851060,74.255859,544.841496
-5.907361,84.633687,539.697888
7.239809,94.543976,536.561131
20.162382,105.053338,535.667972
32.339088,117.406361,536.647761
42.940888,133.299771,538.697046
50.531499,154.605424,540.880496
53.137612,-179.108359,542.452834
49.769274,-153.276093,543.097198
41.680606,-132.774577,543.008459
30.824609,-117.481983,542.799427
18.539431,-105.475038,543.260408
5.593028,-95.127696,545.048588
-7.520681,-85.240926,548.410888
-20.379471,-74.754004,553.038314
-32.472180,-62.433962,558.106634
-42.987229,-46.608479,562.492036
-50.520244,-25.442191,565.090310
-53.140439,0.652851,565.138403
-49.858503,26.373817,562.443476
-41.872605,46.876437,557.455861
-31.094903,62.209410,551.164795
-15.658609,81.954600,543.403954
-2.622986,92.113522,538.705361
10.508965,102.072002,536.132330
23.301511,112.911729,535.763344
35.180550,125.969981,537.096687
45.193817,143.063246,539.264970
51.724317,165.841946,541.351835
52.840998,-167.333484,542.701949
48.108269,-142.585515,543.125520
39.161040,-123.534911,542.937341
27.850111,-109.245063,542.821484
15.342722,-97.784768,543.564652
2.313796,-87.654223,545.743779
-10.776424,-77.718293,549.473650
-23.498980,-66.902205,554.305086
-35.291280,-53.882692,559.313112
-45.221357,-36.871938,563.347006
-51.708530,-14.252572,565.359871
-52.860393,12.387584,564.715048
-48.223908,37.056844,561.380562
-39.375715,56.124930,555.957982
-28.134365,70.456919,549.535899
-12.432126,89.571475,542.058293
0.667285,99.581104,537.848812
13.757534,109.653855,535.844238
26.385307,120.906087,535.966965
37.908895,134.784638,537.598031
47.232101,153.197374,539.826458
52.570685,177.363972,541.774743
52.166056,-155.708178,542.890573
46.184299,-132.276814,543.113716
36.497720,-114.595048,542.870210
24.803189,-101.182133,542.898294
12.114393,-90.175773,543.961003
-0.969126,-80.192625,546.538775
-14.009792,-70.141871,550.607694
-26.562068,-58.915309,555.584050
-37.997401,-45.083037,560.458184
-47.243262,-26.769941,564.073584
-52.555616,-2.779801,565.460263
-52.206085,23.980531,564.120378
-46.326315,47.364190,560.184670
-36.733118,65.074879,554.396609
-25.099001,78.530032,547.925879
-9.179326,97.125283,540.818855
3.957036,107.052529,537.133253
16.978051,117.307779,535.691858
29.402243,129.061737,536.266335
40.503573,143.883589,538.136522
49.022800,163.713631,540.368765
53.046588,-170.916118,542.143103
51.132803,-144.331503,543.020918
44.031208,-122.346035,543.071145
33.712590,-105.921646,542.819918
21.696067,-93.266820,543.041206
8.862126,-82.629287,544.454620
-4.249405,-72.726887,547.429830
-17.213465,-62.493568,551.800630
-29.557453,-50.768321,556.857378
-40.570440,-36.002382,561.523641
-49.020768,-16.291251,564.658474
-53.037759,8.891049,565.387060
-51.196482,35.333539,563.360364
-44.198858,57.298314,558.870841
-33.966571,73.758955,552.791976
-22.001007,86.455004,546.354729
-5.907361,104.633687,539.697888
7.239809,114.543976,536.561131
20.162382,125.053338,535.667972
32.339088,137.406361,536.647761
42.940888,153.299771,538.697046
50.531499,174.605424,540.880496
53.137612,-159.108359,542.452834
49.769274,-133.276093,543.097198
41.680606,-112.774577,543.008459
30.824609,-97.481983,542.799427
18.539431,-85.475038,543.260408
5.593028,-75.127696,545.048588
-7.520681,-65.240926,548.410888
-20.379471,-54.754004,553.038314
-32.472180,-42.433962,558.106634
-42.987229,-26.608479,562.492036
-50.520244,-5.442191,565.090310
-53.140439,20.652851,565.138403
-49.858503,46.373817,562.443476
-41.872605,66.876437,557.455861
-31.094903,82.209410,551.164795
-18.851060,94.255859,544.841496
-2.622986,112.113522,538.705361
10.508965,122.072002,536.132330
23.301511,132.911729,535.763344
35.180550,145.969981,537.096687
45.193817,163.063246,539.264970
51.724317,-174.158054,541.351835
52.840998,-147.333484,542.701949
48.108269,-122.585515,543.125520
39.161040,-103.534911,542.937341
27.850111,-89.245063,542.821484
15.342722,-77.784768,543.564652
2.313796,-67.654223,545.743779
-10.776424,-57.718293,549.473650
-23.498980,-46.902205,554.305086
-35.291280,-33.882692,559.313112
-45.221357,-16.871938,563.347006
-51.708530,5.747428,565.359871
-52.860393,32.387584,564.715048
-48.223908,57.056844,561.380562
-39.375715,76.124930,555.957982
-28.134365,90.456919,549.535899
-15.658609,101.954600,543.403954
0.667285,119.581104,537.848812
13.757534,129.653855,535.844238
26.385307,140.906087,535.966965
37.908895,154.784638,537.598031
47.232101,173.197374,539.826458
52.570685,-162.636028,541.774743
52.166056,-135.708178,542.890573
46.184299,-112.276814,543.113716
36.497720,-94.595048,542.870210
24.803189,-81.182133,542.898294
12.114393,-70.175773,543.961003
-0.969126,-60.192625,546.538775
-14.009792,-50.141871,550.607694
-26.562068,-38.915309,555.584050
-37.997401,-25.083037,560.458184
-47.243262,-6.769941,564.073584
-52.555616,17.220199,565.460263
-52.206085,43.980531,564.120378
-46.326315,67.364190,560.184670
-36.733118,85.074879,554.396609
-25.099001,98.530032,547.925879
-12.432126,109.571475,542.058293
3.957036,127.052529,537.133253
16.978051,137.307779,535.691858
29.402243,149.061737,536.266335
40.503573,163.883589,538.136522
49.022800,-176.286369,540.368765
53.046588,-150.916118,542.143103
51.132803,-124.331503,543.020918
44.031208,-102.346035,543.071145
33.712590,-85.921646,542.819918
21.696067,-73.266820,543.041206
8.862126,-62.629287,544.454620
-4.249405,-52.726887,547.429830
-17.213465,-42.493568,551.800630
-29.557453,-30.768321,556.857378
-40.570440,-16.002382,561.523641
-49.020768,3.708749,564.658474
-53.037759,28.891049,565.387060
-51.196482,55.333539,563.360364
-44.198858,77.298314,558.870841
-33.966571,93.758955,552.791976
-22.001007,106.455004,546.354729
-9.179326,117.125283,540.818855
7.239809,134.543976,536.561131
20.162382,145.053338,535.667972
32.339088,157.406361,536.647761
42.940888,173.299771,538.697046
50.531499,-165.394576,540.880496
53.137612,-139.108359,542.452834
49.769274,-113.276093,543.097198
41.680606,-92.774577,543.008459
30.824609,-77.481983,542.799427
18.539431,-65.475038,543.260408
5.593028,-55.127696,545.048588
-7.520681,-45.240926,548.410888
-20.379471,-34.754004,553.038314
-32.472180,-22.433962,558.106634
-42.987229,-6.608479,562.492036
-50.520244,14.557809,565.090310
-53.140439,40.652851,565.138403
-49.858503,66.373817,562.443476
-41.872605,86.876437,557.455861
-31.094903,102.209410,551.164795
-18.851060,114.255859,544.841496
-5.907361,124.633687,539.697888
10.508965,142.072002,536.132330
23.301511,152.911729,535.763344
35.180550,165.969981,537.096687
45.193817,-176.936754,539.264970
51.724317,-154.158054,541.351835
52.840998,-127.333484,542.701949
48.108269,-102.585515,543.125520
39.161040,-83.534911,542.937341
27.850111,-69.245063,542.821484
15.342722,-57.784768,543.564652
2.313796,-47.654223,545.743779
-10.776424,-37.718293,549.473650
-23.498980,-26.902205,554.305086
-35.291280,-13.882692,559.313112
-45.221357,3.128062,563.347006
-51.708530,25.747428,565.359871
-52.860393,52.387584,564.715048
-48.223908,77.056844,561.380562
-39.375715,96.124930,555.957982
-28.134365,110.456919,549.535899
-15.658609,121.954600,543.403954
-2.622986,132.113522,538.705361
13.757534,149.653855,535.844238
26.385307,160.906087,535.966965
37.908895,174.784638,537.598031
47.232101,-166.802626,539.826458
52.570685,-142.636028,541.774743
52.166056,-115.708178,542.890573
46.184299,-92.276814,543.113716
36.497720,-74.595048,542.870210
24.803189,-61.182133,542.898294
12.114393,-50.175773,543.961003
-0.969126,-40.192625,546.538775
-14.009792,-30.141871,550.607694
-26.562068,-18.915309,555.584050
-37.997401,-5.083037,560.458184
-47.243262,13.230059,564.073584
-52.555616,37.220199,565.460263
-52.206085,63.980531,564.120378
-46.326315,87.364190,560.184670
-36.733118,105.074879,554.396609
-25.099001,118.530032,547.925879
-12.432126,129.571475,542.058293
0.667285,139.581104,537.848812
16.978051,157.307779,535.691858
29.402243,169.061737,536.266335
40.503573,-176.116411,538.136522
49.022800,-156.286369,540.368765
53.046588,-130.916118,542.143103
51.132803,-104.331503,543.020918
44.031208,-82.346035,543.071145
33.712590,-65.921646,542.819918
21.696067,-53.266820,543.041206
8.862126,-42.629287,544.454620
-4.249405,-32.726887,547.429830
-17.213465,-22.493568,551.800630
-29.557453,-10.768321,556.857378
-40.570440,3.997618,561.523641
-49.020768,23.708749,564.658474
-53.037759,48.891049,565.387060
-51.196482,75.333539,563.360364
-44.198858,97.298314,558.870841
-33.966571,113.758955,552.791976
-22.001007,126.455004,546.354729
-9.179326,137.125283,540.818855
3.957036,147.052529,537.133253
20.162382,165.053338,535.667972
32.339088,177.406361,536.647761
42.940888,-166.700229,538.697046
50.531499,-145.394576,540.880496
53.137612,-119.108359,542.452834
49.769274,-93.276093,543.097198
41.680606,-72.774577,543.008459
30.824609,-57.481983,542.799427
18.539431,-45.475038,543.260408
5.593028,-35.127696,545.048588
-7.520681,-25.240926,548.410888
-20.379471,-14.754004,553.038314
-32.472180,-2.433962,558.106634
-42.987229,13.391521,562.492036
-50.520244,34.557809,565.090310
-53.140439,60.652851,565.138403
-49.858503,86.373817,562.443476
-41.872605,106.876437,557.455861
-31.094903,122.209410,551.164795
-18.851060,134.255859,544.841496
-5.907361,144.633687,539.697888
7.239809,154.543976,536.561131
23.301511,172.911729,535.763344
35.180550,-174.030019,537.096687
45.193817,-156.936754,539.264970
51.724317,-134.158054,541.351835
52.840998,-107.333484,542.701949
48.108269,-82.585515,543.125520
39.161040,-63.534911,542.937341
27.850111,-49.245063,542.821484
15.342722,-37.784768,543.564652
2.313796,-27.654223,545.743779
-10.776424,-17.718293,549.473650
-23.498980,-6.902205,554.305086
-35.291280,6.117308,559.313112
-45.221357,23.128062,563.347006
-51.708530,45.747428,565.359871
-52.860393,72.387584,564.715048
-48.223908,97.056844,561.380562
-39.375715,116.124930,555.957982
-28.134365,130.456919,549.535899
-15.658609,141.954600,543.403954
-2.622986,152.113522,538.705361
10.508965,162.072002,536.132330
26.385307,-179.093913,535.966965
37.908895,-165.215362,537.598031
47.232101,-146.802626,539.826458
52.570685,-122.636028,541.774743
52.166056,-95.708178,542.890573
46.184299,-72.276814,543.113716
36.497720,-54.595048,542.870210
24.803189,-41.182133,542.898294
12.114393,-30.175773,543.961003
-0.969126,-20.192625,546.538775
-14.009792,-10.141871,550.607694
-26.562068,1.084691,555.584050
-37.997401,14.916963,560.458184
-47.243262,33.230059,564.073584
-52.555616,57.220199,565.460263
-52.206085,83.980531,564.120378
-46.326315,107.364190,560.184670
-36.733118,125.074879,554.396609
-25.099001,138.530032,547.925879
-12.432126,149.571475,542.058293
0.667285,159.581104,537.848812
13.757534,169.653855,535.844238
29.402243,-170.938263,536.266335
40.503573,-156.116411,538.136522
49.022800,-136.286369,540.368765
53.046588,-110.916118,542.143103
51.132803,-84.331503,543.020918
44.031208,-62.346035,543.071145
33.712590,-45.921646,542.819918
21.696067,-33.266820,543.041206
8.862126,-22.629287,544.454620
-4.249405,-12.726887,547.429830
-17.213465,-2.493568,551.800630
-29.557453,9.231679,556.857378
-40.570440,23.997618,561.523641
-49.020768,43.708749,564.658474
-53.037759,68.891049,565.387060
-51.196482,95.333539,563.360364
-44.198858,117.298314,558.870841
-33.966571,133.758955,552.791976
-22.001007,146.455004,546.354729
-9.179326,157.125283,540.818855
3.957036,167.052529,537.133253
16.978051,177.307779,535.691858
32.339088,-162.593639,536.647761
42.940888,-146.700229,538.697046
50.531499,-125.394576,540.880496
53.137612,-99.108359,542.452834
49.769274,-73.276093,543.097198
41.680606,-52.774577,543.008459
30.824609,-37.481983,542.799427
18.539431,-25.475038,543.260408
5.593028,-15.127696,545.048588
-7.520681,-5.240926,548.410888
-20.379471,5.245996,553.038314
-32.472180,17.566038,558.106634
-42.987229,33.391521,562.492036
-50.520244,54.557809,565.090310
-53.140439,80.652851,565.138403
-49.858503,106.373817,562.443476
-41.872605,126.876437,557.455861
-31.094903,142.209410,551.164795
-18.851060,154.255859,544.841496
-5.907361,164.633687,539.697888
7.239809,174.543976,536.561131
20.162382,-174.946662,535.667972
35.180550,-154.030019,537.096687
45.193817,-136.936754,539.264970
51.724317,-114.158054,541.351835
52.840998,-87.333484,542.701949
48.108269,-62.585515,543.125520
39.161040,-43.534911,542.937341
27.850111,-29.245063,542.821484
15.342722,-17.784768,543.564652
2.313796,-7.654223,545.743779
-10.776424,2.281707,549.473650
-23.498980,13.097795,554.305086
-35.291280,26.117308,559.313112
-45.221357,43.128062,563.347006
-51.708530,65.747428,565.359871
-52.860393,92.387584,564.715048
-48.223908,117.056844,561.380562
-39.375715,136.124930,555.957982
-28.134365,150.456919,549.535899
-15.658609,161.954600,543.403954
-2.622986,172.113522,538.705361
10.508965,-177.927998,536.132330
23.301511,-167.088271,535.763344
37.908895,-145.215362,537.598031
47.232101,-126.802626,539.826458
52.570685,-102.636028,541.774743
52.166056,-75.708178,542.890573
46.184299,-52.276814,543.113716
36.497720,-34.595048,542.870210
24.803189,-21.182133,542.898294
12.114393,-10.175773,543.961003
-0.969126,-0.192625,546.538775
-14.009792,9.858129,550.607694
-26.562068,21.084691,555.584050
-37.997401,34.916963,560.458184
-47.243262,53.230059,564.073584
-52.555616,77.220199,565.460263
-52.206085,103.980531,564.120378
-46.326315,127.364190,560.184670
-36.733118,145.074879,554.396609
-25.099001,158.530032,547.925879
-12.432126,169.571475,542.058293
0.667285,179.581104,537.848812
13.757534,-170.346145,535.844238
26.385307,-159.093913,535.966965
40.503573,-136.116411,538.136522
49.022800,-116.286369,540.368765
53.046588,-90.916118,542.143103
51.132803,-64.331503,543.020918
44.031208,-42.346035,543.071145
33.712590,-25.921646,542.819918
21.696067,-13.266820,543.041206
8.862126,-2.629287,544.454620
-4.249405,7.273113,547.429830
-17.213465,17.506432,551.800630
-29.557453,29.231679,556.857378
-40.570440,43.997618,561.523641
-49.020768,63.708749,564.658474
-53.037759,88.891049,565.387060
-51.196482,115.333539,563.360364
-44.198858,137.298314,558.870841
-33.966571,153.758955,552.791976
-22.001007,166.455004,546.354729
-9.179326,177.125283,540.818855
3.957036,-172.947471,537.133253
16.978051,-162.692221,535.691858
29.402243,-150.938263,536.266335
