41.643087,-32.711205,543.007395
30.779504,-17.435000,542.799408
18.490574,-5.437201,543.264416
5.542682,4.906265,545.058505
-7.570860,14.793299,548.426626
-20.427798,25.284697,553.057606
-32.516277,37.614675,558.125550
-43.023025,53.457435,562.506077
-50.540946,74.646255,565.095704
-53.139024,100.752652,565.133215
-49.835537,126.459723,562.428216
-41.835448,146.939930,557.433420
-31.050030,162.256558,551.139721
-18.802287,174.293831,544.818787
-5.856953,-175.332251,539.681641
7.290181,-165.421716,536.553462
20.211001,-154.907866,535.668564
32.383529,-142.544829,536.654189
42.976987,-126.633937,538.705756
50.552309,-105.305438,540.888068
53.135977,-79.007891,542.457122
49.745906,-53.190016,543.097975
39.121129,-23.476397,542.936242
27.803790,-9.200966,542.822216
15.293318,2.251670,543.570028
2.263345,12.379433,545.755247
-10.826312,22.316627,549.490569
-23.546517,33.138394,554.324696
-35.333779,46.169520,559.331225
-45.254121,63.199443,563.359183
-51.724203,85.840733,565.362710
-52.853131,112.486046,564.707194
-48.196643,137.137054,561.363153
-39.336138,156.183591,555.934415
-28.088240,170.501176,549.510960
-15.609251,-178.008836,543.382539
-2.572438,-167.852727,538.691153
10.559074,-157.892994,536.126850
23.349359,-147.047565,535.765687
35.223393,-133.977598,537.104036
45.226853,-116.864919,539.273683
51.740020,-94.064004,541.358719
52.833448,-67.234461,542.705300
48.080597,-42.505241,543.125617
36.455779,-14.540882,542.869272
24.755855,-1.140499,542.899959
12.064564,9.859565,543.967839
-1.019584,19.840973,546.551754
-14.059281,29.894015,550.625617
-26.608654,41.127556,555.603710
-38.038014,54.973247,560.475209
-47.272519,73.307183,564.083679
-52.565839,97.317260,565.460461
-52.193195,124.075992,564.109932
-46.295270,147.438599,560.165330
-36.691479,165.129205,554.372223
-25.051826,178.571819,547.901388
-12.382306,-170.393069,542.038408
0.717873,-160.385208,537.836739
13.807269,-150.310175,535.840887
26.432218,-139.050926,535.970878
37.949846,-125.158824,537.606066
47.261586,-106.724966,539.834969
52.580854,-82.538205,541.780829
52.152822,-55.612287,542.893007
46.152853,-32.202424,543.113265
33.668932,-5.871318,542.819340
21.647895,6.772739,543.043969
8.811986,17.405231,544.462982
-4.299773,27.306900,547.444244
-17.262437,37.543571,551.819353
-29.602902,49.277211,556.876809
-40.608835,64.058477,561.539304
-49.046008,83.791667,564.666298
-53.042232,108.990363,565.384570
-51.178323,135.424671,563.347436
-44.164529,157.367090,558.849815
-33.923181,173.809450,552.767086
-21.952956,-173.505293,546.330987
-9.129159,-162.840090,540.800703
4.007566,-152.913598,537.123374
17.027294,-142.654994,535.690542
29.448029,-130.892587,536.271614
40.542293,-116.055242,538.145010
49.048213,-96.202832,540.376889
53.050922,-70.816067,542.148313
51.114264,-44.240075,543.022483
43.996494,-22.277339,543.070301
30.779504,2.565000,542.799408
18.490574,14.562799,543.264416
5.542682,24.906265,545.058505
-7.570860,34.793299,548.426626
-20.427798,45.284697,553.057606
-32.516277,57.614675,558.125550
-43.023025,73.457435,562.506077
-50.540946,94.646255,565.095704
-53.139024,120.752652,565.133215
-49.835537,146.459723,562.428216
-41.835448,166.939930,557.433420
-31.050030,-177.743442,551.139721
-18.802287,-165.706169,544.818787
-5.856953,-155.332251,539.681641
7.290181,-145.421716,536.553462
20.211001,-134.907866,535.668564
32.383529,-122.544829,536.654189
42.976987,-106.633937,538.705756
50.552309,-85.305438,540.888068
53.135977,-59.007891,542.457122
49.745906,-33.190016,543.097975
41.643087,-12.711205,543.007395
27.803790,10.799034,542.822216
15.293318,22.251670,543.570028
2.263345,32.379433,545.755247
-10.826312,42.316627,549.490569
-23.546517,53.138394,554.324696
-35.333779,66.169520,559.331225
-45.254121,83.199443,563.359183
-51.724203,105.840733,565.362710
-52.853131,132.486046,564.707194
-48.196643,157.137054,561.363153
-39.336138,176.183591,555.934415
-28.088240,-169.498824,549.510960
-15.609251,-158.008836,543.382539
-2.572438,-147.852727,538.691153
10.559074,-137.892994,536.126850
23.349359,-127.047565,535.765687
35.223393,-113.977598,537.104036
45.226853,-96.864919,539.273683
51.740020,-74.064004,541.358719
52.833448,-47.234461,542.705300
48.080597,-22.505241,543.125617
39.121129,-3.476397,542.936242
24.755855,18.859501,542.899959
12.064564,29.859565,543.967839
-1.019584,39.840973,546.551754
-14.059281,49.894015,550.625617
-26.608654,61.127556,555.603710
-38.038014,74.973247,560.475209
-47.272519,93.307183,564.083679
-52.565839,117.317260,565.460461
-52.193195,144.075992,564.109932
-46.295270,167.438599,560.165330
-36.691479,-174.870795,554.372223
-25.051826,-161.428181,547.901388
-12.382306,-150.393069,542.038408
0.717873,-140.385208,537.836739
13.807269,-130.310175,535.840887
26.432218,-119.050926,535.970878
37.949846,-105.158824,537.606066
47.261586,-86.724966,539.834969
52.580854,-62.538205,541.780829
52.152822,-35.612287,542.893007
46.152853,-12.202424,543.113265
36.455779,5.459118,542.869272
21.647895,26.772739,543.043969
8.811986,37.405231,544.462982
-4.299773,47.306900,547.444244
-17.262437,57.543571,551.819353
-29.602902,69.277211,556.876809
-40.608835,84.058477,561.539304
-49.046008,103.791667,564.666298
-53.042232,128.990363,565.384570
-51.178323,155.424671,563.347436
-44.164529,177.367090,558.849815
-33.923181,-166.190550,552.767086
-21.952956,-153.505293,546.330987
-9.129159,-142.840090,540.800703
4.007566,-132.913598,537.123374
17.027294,-122.654994,535.690542
29.448029,-110.892587,536.271614
40.542293,-96.055242,538.145010
49.048213,-76.202832,540.376889
53.050922,-50.816067,542.148313
51.114264,-24.240075,543.022483
43.996494,-2.277339,543.070301
33.668932,14.128682,542.819340
18.490574,34.562799,543.264416
5.542682,44.906265,545.058505
-7.570860,54.793299,548.426626
-20.427798,65.284697,553.057606
-32.516277,77.614675,558.125550
-43.023025,93.457435,562.506077
-50.540946,114.646255,565.095704
-53.139024,140.752652,565.133215
-49.835537,166.459723,562.428216
-41.835448,-173.060070,557.433420
-31.050030,-157.743442,551.139721
-18.802287,-145.706169,544.818787
-5.856953,-135.332251,539.681641
7.290181,-125.421716,536.553462
20.211001,-114.907866,535.668564
32.383529,-102.544829,536.654189
42.976987,-86.633937,538.705756
50.552309,-65.305438,540.888068
53.135977,-39.007891,542.457122
49.745906,-13.190016,543.097975
41.643087,7.288795,543.007395
30.779504,22.565000,542.799408
15.293318,42.251670,543.570028
2.263345,52.379433,545.755247
-10.826312,62.316627,549.490569
-23.546517,73.138394,554.324696
-35.333779,86.169520,559.331225
-45.254121,103.199443,563.359183
-51.724203,125.840733,565.362710
-52.853131,152.486046,564.707194
-48.196643,177.137054,561.363153
-39.336138,-163.816409,555.934415
-28.088240,-149.498824,549.510960
-15.609251,-138.008836,543.382539
-2.572438,-127.852727,538.691153
10.559074,-117.892994,536.126850
23.349359,-107.047565,535.765687
35.223393,-93.977598,537.104036
45.226853,-76.864919,539.273683
51.740020,-54.064004,541.358719
52.833448,-27.234461,542.705300
48.080597,-2.505241,543.125617
39.121129,16.523603,542.936242
27.803790,30.799034,542.822216
12.064564,49.859565,543.967839
-1.019584,59.840973,546.551754
-14.059281,69.894015,550.625617
-26.608654,81.127556,555.603710
-38.038014,94.973247,560.475209
-47.272519,113.307183,564.083679
-52.565839,137.317260,565.460461
-52.193195,164.075992,564.109932
-46.295270,-172.561401,560.165330
-36.691479,-154.870795,554.372223
-25.051826,-141.428181,547.901388
-12.382306,-130.393069,542.038408
0.717873,-120.385208,537.836739
13.807269,-110.310175,535.840887
26.432218,-99.050926,535.970878
37.949846,-85.158824,537.606066
47.261586,-66.724966,539.834969
52.580854,-42.538205,541.780829
52.152822,-15.612287,542.893007
46.152853,7.797576,543.113265
36.455779,25.459118,542.869272
24.755855,38.859501,542.899959
8.811986,57.405231,544.462982
-4.299773,67.306900,547.444244
-17.262437,77.543571,551.819353
-29.602902,89.277211,556.876809
-40.608835,104.058477,561.539304
-49.046008,123.791667,564.666298
-53.042232,148.990363,565.384570
-51.178323,175.424671,563.347436
-44.164529,-162.632910,558.849815
-33.923181,-146.190550,552.767086
-21.952956,-133.505293,546.330987
-9.129159,-122.840090,540.800703
4.007566,-112.913598,537.123374
17.027294,-102.654994,535.690542
29.448029,-90.892587,536.271614
40.542293,-76.055242,538.145010
49.048213,-56.202832,540.376889
53.050922,-30.816067,542.148313
51.114264,-4.240075,543.022483
43.996494,17.722661,543.070301
33.668932,34.128682,542.819340
21.647895,46.772739,543.043969
5.542682,64.906265,545.058505
-7.570860,74.793299,548.426626
-20.427798,85.284697,553.057606
-32.516277,97.614675,558.125550
-43.023025,113.457435,562.506077
-50.540946,134.646255,565.095704
-53.139024,160.752652,565.133215
-49.835537,-173.540277,562.428216
-41.835448,-153.060070,557.433420
-31.050030,-137.743442,551.139721
-18.802287,-125.706169,544.818787
-5.856953,-115.332251,539.681641
7.290181,-105.421716,536.553462
20.211001,-94.907866,535.668564
32.383529,-82.544829,536.654189
42.976987,-66.633937,538.705756
50.552309,-45.305438,540.888068
53.135977,-19.007891,542.457122
49.745906,6.809984,543.097975
41.643087,27.288795,543.007395
30.779504,42.565000,542.799408
18.490574,54.562799,543.264416
2.263345,72.379433,545.755247
-10.826312,82.316627,549.490569
-23.546517,93.138394,554.324696
-35.333779,106.169520,559.331225
-45.254121,123.199443,563.359183
-51.724203,145.840733,565.362710
-52.853131,172.486046,564.707194
-48.196643,-162.862946,561.363153
-39.336138,-143.816409,555.934415
-28.088240,-129.498824,549.510960
-15.609251,-118.008836,543.382539
-2.572438,-107.852727,538.691153
10.559074,-97.892994,536.126850
23.349359,-87.047565,535.765687
35.223393,-73.977598,537.104036
45.226853,-56.864919,539.273683
51.740020,-34.064004,541.358719
52.833448,-7.234461,542.705300
48.080597,17.494759,543.125617
39.121129,36.523603,542.936242
27.803790,50.799034,542.822216
15.293318,62.251670,543.570028
-1.019584,79.840973,546.551754
-14.059281,89.894015,550.625617
-26.608654,101.127556,555.603710
-38.038014,114.973247,560.475209
-47.272519,133.307183,564.083679
-52.565839,157.317260,565.460461
-52.193195,-175.924008,564.109932
-46.295270,-152.561401,560.165330
-36.691479,-134.870795,554.372223
-25.051826,-121.428181,547.901388
-12.382306,-110.393069,542.038408
0.717873,-100.385208,537.836739
13.807269,-90.310175,535.840887
26.432218,-79.050926,535.970878
37.949846,-65.158824,537.606066
47.261586,-46.724966,539.834969
52.580854,-22.538205,541.780829
52.152822,4.387713,542.893007
46.152853,27.797576,543.113265
36.455779,45.459118,542.869272
24.755855,58.859501,542.899959
12.064564,69.859565,543.967839
-4.299773,87.306900,547.444244
-17.262437,97.543571,551.819353
-29.602902,109.277211,556.876809
-40.608835,124.058477,561.539304
-49.046008,143.791667,564.666298
-53.042232,168.990363,565.384570
-51.178323,-164.575329,563.347436
-44.164529,-142.632910,558.849815
-33.923181,-126.190550,552.767086
-21.952956,-113.505293,546.330987
-9.129159,-102.840090,540.800703
4.007566,-92.913598,537.123374
17.027294,-82.654994,535.690542
29.448029,-70.892587,536.271614
40.542293,-56.055242,538.145010
49.048213,-36.202832,540.376889
53.050922,-10.816067,542.148313
51.114264,15.759925,543.022483
43.996494,37.722661,543.070301
33.668932,54.128682,542.819340
21.647895,66.772739,543.043969
8.811986,77.405231,544.462982
-7.570860,94.793299,548.426626
-20.427798,105.284697,553.057606
-32.516277,117.614675,558.125550
-43.023025,133.457435,562.506077
-50.540946,154.646255,565.095704
-53.139024,-179.247348,565.133215
-49.835537,-153.540277,562.428216
-41.835448,-133.060070,557.433420
-31.050030,-117.743442,551.139721
-18.802287,-105.706169,544.818787
-5.856953,-95.332251,539.681641
7.290181,-85.421716,536.553462
20.211001,-74.907866,535.668564
32.383529,-62.544829,536.654189
42.976987,-46.633937,538.705756
50.552309,-25.305438,540.888068
53.135977,0.992109,542.457122
49.745906,26.809984,543.097975
41.643087,47.288795,543.007395
30.779504,62.565000,542.799408
18.490574,74.562799,543.264416
5.542682,84.906265,545.058505
-10.826312,102.316627,549.490569
-23.546517,113.138394,554.324696
-35.333779,126.169520,559.331225
-45.254121,143.199443,563.359183
-51.724203,165.840733,565.362710
-52.853131,-167.513954,564.707194
-48.196643,-142.862946,561.363153
-39.336138,-123.816409,555.934415
-28.088240,-109.498824,549.510960
-15.609251,-98.008836,543.382539
-2.572438,-87.852727,538.691153
10.559074,-77.892994,536.126850
23.349359,-67.047565,535.765687
35.223393,-53.977598,537.104036
45.226853,-36.864919,539.273683
51.740020,-14.064004,541.358719
52.833448,12.765539,542.705300
48.080597,37.494759,543.125617
39.121129,56.523603,542.936242
27.803790,70.799034,542.822216
15.293318,82.251670,543.570028
2.263345,92.379433,545.755247
-14.059281,109.894015,550.625617
-26.608654,121.127556,555.603710
-38.038014,134.973247,560.475209
-47.272519,153.307183,564.083679
-52.565839,177.317260,565.460461
-52.193195,-155.924008,564.109932
-46.295270,-132.561401,560.165330
-36.691479,-114.870795,554.372223
-25.051826,-101.428181,547.901388
-12.382306,-90.393069,542.038408
0.717873,-80.385208,537.836739
13.807269,-70.310175,535.840887
26.432218,-59.050926,535.970878
37.949846,-45.158824,537.606066
47.261586,-26.724966,539.834969
52.580854,-2.538205,541.780829
52.152822,24.387713,542.893007
46.152853,47.797576,543.113265
36.455779,65.459118,542.869272
24.755855,78.859501,542.899959
12.064564,89.859565,543.967839
-1.019584,99.840973,546.551754
-17.262437,117.543571,551.819353
-29.602902,129.277211,556.876809
-40.608835,144.058477,561.539304
-49.046008,163.791667,564.666298
-53.042232,-171.009637,565.384570
-51.178323,-144.575329,563.347436
-44.164529,-122.632910,558.849815
-33.923181,-106.190550,552.767086
-21.952956,-93.505293,546.330987
-9.129159,-82.840090,540.800703
4.007566,-72.913598,537.123374
17.027294,-62.654994,535.690542
29.448029,-50.892587,536.271614
40.542293,-36.055242,538.145010
49.048213,-16.202832,540.376889
53.050922,9.183933,542.148313
51.114264,35.759925,543.022483
43.996494,57.722661,543.070301
33.668932,74.128682,542.819340
21.647895,86.772739,543.043969
8.811986,97.405231,544.462982
-4.299773,107.306900,547.444244
-20.427798,125.284697,553.057606
-32.516277,137.614675,558.125550
-43.023025,153.457435,562.506077
-50.540946,174.646255,565.095704
-53.139024,-159.247348,565.133215
-49.835537,-133.540277,562.428216
-41.835448,-113.060070,557.433420
-31.050030,-97.743442,551.139721
-18.802287,-85.706169,544.818787
-5.856953,-75.332251,539.681641
7.290181,-65.421716,536.553462
20.211001,-54.907866,535.668564
32.383529,-42.544829,536.654189
42.976987,-26.633937,538.705756
50.552309,-5.305438,540.888068
53.135977,20.992109,542.457122
49.745906,46.809984,543.097975
41.643087,67.288795,543.007395
30.779504,82.565000,542.799408
18.490574,94.562799,543.264416
5.542682,104.906265,545.058505
-7.570860,114.793299,548.426626
-23.546517,133.138394,554.324696
-35.333779,146.169520,559.331225
-45.254121,163.199443,563.359183
-51.724203,-174.159267,565.362710
-52.853131,-147.513954,564.707194
-48.196643,-122.862946,561.363153
-39.336138,-103.816409,555.934415
-28.088240,-89.498824,549.510960
-15.609251,-78.008836,543.382539
-2.572438,-67.852727,538.691153
10.559074,-57.892994,536.126850
23.349359,-47.047565,535.765687
35.223393,-33.977598,537.104036
45.226853,-16.864919,539.273683
51.740020,5.935996,541.358719
52.833448,32.765539,542.705300
48.080597,57.494759,543.125617
39.121129,76.523603,542.936242
27.803790,90.799034,542.822216
15.293318,102.251670,543.570028
2.263345,112.379433,545.755247
-10.826312,122.316627,549.490569
-26.608654,141.127556,555.603710
-38.038014,154.973247,560.475209
-47.272519,173.307183,564.083679
-52.565839,-162.682740,565.460461
-52.193195,-135.924008,564.109932
-46.295270,-112.561401,560.165330
-36.691479,-94.870795,554.372223
-25.051826,-81.428181,547.901388
-12.382306,-70.393069,542.038408
0.717873,-60.385208,537.836739
13.807269,-50.310175,535.840887
26.432218,-39.050926,535.970878
37.949846,-25.158824,537.606066
47.261586,-6.724966,539.834969
52.580854,17.461795,541.780829
52.152822,44.387713,542.893007
46.152853,67.797576,543.113265
36.455779,85.459118,542.869272
24.755855,98.859501,542.899959
12.064564,109.859565,543.967839
-1.019584,119.840973,546.551754
-14.059281,129.894015,550.625617
-29.602902,149.277211,556.876809
-40.608835,164.058477,561.539304
-49.046008,-176.208333,564.666298
-53.042232,-151.009637,565.384570
-51.178323,-124.575329,563.347436
-44.164529,-102.632910,558.849815
-33.923181,-86.190550,552.767086
-21.952956,-73.505293,546.330987
-9.129159,-62.840090,540.800703
4.007566,-52.913598,537.123374
17.027294,-42.654994,535.690542
29.448029,-30.892587,536.271614
40.542293,-16.055242,538.145010
49.048213,3.797168,540.376889
53.050922,29.183933,542.148313
51.114264,55.759925,543.022483
43.996494,77.722661,543.070301
33.668932,94.128682,542.819340
21.647895,106.772739,543.043969
8.811986,117.405231,544.462982
-4.299773,127.306900,547.444244
-17.262437,137.543571,551.819353
-32.516277,157.614675,558.125550
-43.023025,173.457435,562.506077
-50.540946,-165.353745,565.095704
-53.139024,-139.247348,565.133215
-49.835537,-113.540277,562.428216
-41.835448,-93.060070,557.433420
-31.050030,-77.743442,551.139721
-18.802287,-65.706169,544.818787
-5.856953,-55.332251,539.681641
7.290181,-45.421716,536.553462
20.211001,-34.907866,535.668564
32.383529,-22.544829,536.654189
42.976987,-6.633937,538.705756
50.552309,14.694562,540.888068
53.135977,40.992109,542.457122
49.745906,66.809984,543.097975
41.643087,87.288795,543.007395
30.779504,102.565000,542.799408
18.490574,114.562799,543.264416
5.542682,124.906265,545.058505
-7.570860,134.793299,548.426626
-20.427798,145.284697,553.057606
-35.333779,166.169520,559.331225
-45.254121,-176.800557,563.359183
-51.724203,-154.159267,565.362710
-52.853131,-127.513954,564.707194
-48.196643,-102.862946,561.363153
-39.336138,-83.816409,555.934415
-28.088240,-69.498824,549.510960
-15.609251,-58.008836,543.382539
-2.572438,-47.852727,538.691153
10.559074,-37.892994,536.126850
23.349359,-27.047565,535.765687
35.223393,-13.977598,537.104036
45.226853,3.135081,539.273683
51.740020,25.935996,541.358719
52.833448,52.765539,542.705300
48.080597,77.494759,543.125617
39.121129,96.523603,542.936242
27.803790,110.799034,542.822216
15.293318,122.251670,543.570028
2.263345,132.379433,545.755247
-10.826312,142.316627,549.490569
-23.546517,153.138394,554.324696
-38.038014,174.973247,560.475209
-47.272519,-166.692817,564.083679
-52.565839,-142.682740,565.460461
-52.193195,-115.924008,564.109932
-46.295270,-92.561401,560.165330
-36.691479,-74.870795,554.372223
-25.051826,-61.428181,547.901388
-12.382306,-50.393069,542.038408
0.717873,-40.385208,537.836739
13.807269,-30.310175,535.840887
26.432218,-19.050926,535.970878
37.949846,-5.158824,537.606066
47.261586,13.275034,539.834969
52.580854,37.461795,541.780829
52.152822,64.387713,542.893007
46.152853,87.797576,543.113265
36.455779,105.459118,542.869272
24.755855,118.859501,542.899959
12.064564,129.859565,543.967839
-1.019584,139.840973,546.551754
-14.059281,149.894015,550.625617
-26.608654,161.127556,555.603710
-40.608835,-175.941523,561.539304
-49.046008,-156.208333,564.666298
-53.042232,-131.009637,565.384570
-51.178323,-104.575329,563.347436
-44.164529,-82.632910,558.849815
-33.923181,-66.190550,552.767086
-21.952956,-53.505293,546.330987
-9.129159,-42.840090,540.800703
4.007566,-32.913598,537.123374
17.027294,-22.654994,535.690542
29.448029,-10.892587,536.271614
40.542293,3.944758,538.145010
49.048213,23.797168,540.376889
53.050922,49.183933,542.148313
51.114264,75.759925,543.022483
43.996494,97.722661,543.070301
33.668932,114.128682,542.819340
21.647895,126.772739,543.043969
8.811986,137.405231,544.462982
-4.299773,147.306900,547.444244
-17.262437,157.543571,551.819353
-29.602902,169.277211,556.876809
-43.023025,-166.542565,562.506077
-50.540946,-145.353745,565.095704
-53.139024,-119.247348,565.133215
-49.835537,-93.540277,562.428216
-41.835448,-73.060070,557.433420
-31.050030,-57.743442,551.139721
-18.802287,-45.706169,544.818787
-5.856953,-35.332251,539.681641
7.290181,-25.421716,536.553462
20.211001,-14.907866,535.668564
32.383529,-2.544829,536.654189
42.976987,13.366063,538.705756
50.552309,34.694562,540.888068
53.135977,60.992109,542.457122
49.745906,86.809984,543.097975
41.643087,107.288795,543.007395
30.779504,122.565000,542.799408
18.490574,134.562799,543.264416
5.542682,144.906265,545.058505
-7.570860,154.793299,548.426626
-20.427798,165.284697,553.057606
-32.516277,177.614675,558.125550
-45.254121,-156.800557,563.359183
-51.724203,-134.159267,565.362710
-52.853131,-107.513954,564.707194
-48.196643,-82.862946,561.363153
-39.336138,-63.816409,555.934415
-28.088240,-49.498824,549.510960
-15.609251,-38.008836,543.382539
-2.572438,-27.852727,538.691153
10.559074,-17.892994,536.126850
23.349359,-7.047565,535.765687
35.223393,6.022402,537.104036
45.226853,23.135081,539.273683
51.740020,45.935996,541.358719
52.833448,72.765539,542.705300
48.080597,97.494759,543.125617
39.121129,116.523603,542.936242
27.803790,130.799034,542.822216
15.293318,142.251670,543.570028
2.263345,152.379433,545.755247
-10.826312,162.316627,549.490569
-23.546517,173.138394,554.324696
-35.333779,-173.830480,559.331225
-47.272519,-146.692817,564.083679
-52.565839,-122.682740,565.460461
-52.193195,-95.924008,564.109932
-46.295270,-72.561401,560.165330
-36.691479,-54.870795,554.372223
-25.051826,-41.428181,547.901388
-12.382306,-30.393069,542.038408
0.717873,-20.385208,537.836739
13.807269,-10.310175,535.840887
26.432218,0.949074,535.970878
37.949846,14.841176,537.606066
47.261586,33.275034,539.834969
52.580854,57.461795,541.780829
52.152822,84.387713,542.893007
46.152853,107.797576,543.113265
36.455779,125.459118,542.869272
24.755855,138.859501,542.899959
12.064564,149.859565,543.967839
-1.019584,159.840973,546.551754
-14.059281,169.894015,550.625617
-26.608654,-178.872444,555.603710
-38.038014,-165.026753,560.475209
-49.046008,-136.208333,564.666298
-53.042232,-111.009637,565.384570
-51.178323,-84.575329,563.347436
-44.164529,-62.632910,558.849815
-33.923181,-46.190550,552.767086
-21.952956,-33.505293,546.330987
-9.129159,-22.840090,540.800703
4.007566,-12.913598,537.123374
17.027294,-2.654994,535.690542
29.448029,9.107413,536.271614
40.542293,23.944758,538.145010
49.048213,43.797168,540.376889
53.050922,69.183933,542.148313
51.114264,95.759925,543.022483
43.996494,117.722661,543.070301
33.668932,134.128682,542.819340
21.647895,146.772739,543.043969
8.811986,157.405231,544.462982
-4.299773,167.306900,547.444244
-17.262437,177.543571,551.819353
-29.602902,-170.722789,556.876809
-40.608835,-155.941523,561.539304
-50.540946,-125.353745,565.095704
-53.139024,-99.247348,565.133215
-49.835537,-73.540277,562.428216
-41.835448,-53.060070,557.433420
-31.050030,-37.743442,551.139721
-18.802287,-25.706169,544.818787
-5.856953,-15.332251,539.681641
7.290181,-5.421716,536.553462
20.211001,5.092134,535.668564
32.383529,17.455171,536.654189
42.976987,33.366063,538.705756
50.552309,54.694562,540.888068
53.135977,80.992109,542.457122
49.745906,106.809984,543.097975
41.643087,127.288795,543.007395
30.779504,142.565000,542.799408
18.490574,154.562799,543.264416
5.542682,164.906265,545.058505
-7.570860,174.793299,548.426626
-20.427798,-174.715303,553.057606
-32.516277,-162.385325,558.125550
-43.023025,-146.542565,562.506077
-51.724203,-114.159267,565.362710
-52.853131,-87.513954,564.707194
-48.196643,-62.862946,561.363153
-39.336138,-43.816409,555.934415
-28.088240,-29.498824,549.510960
-15.609251,-18.008836,543.382539
-2.572438,-7.852727,538.691153
10.559074,2.107006,536.126850
23.349359,12.952435,535.765687
35.223393,26.022402,537.104036
45.226853,43.135081,539.273683
51.740020,65.935996,541.358719
52.833448,92.765539,542.705300
48.080597,117.494759,543.125617
39.121129,136.523603,542.936242
27.803790,150.799034,542.822216
15.293318,162.251670,543.570028
2.263345,172.379433,545.755247
-10.826312,-177.683373,549.490569
-23.546517,-166.861606,554.324696
-35.333779,-153.830480,559.331225
-45.254121,-136.800557,563.359183
-52.565839,-102.682740,565.460461
-52.193195,-75.924008,564.109932
-46.295270,-52.561401,560.165330
-36.691479,-34.870795,554.372223
-25.051826,-21.428181,547.901388
-12.382306,-10.393069,542.038408
0.717873,-0.385208,537.836739
13.807269,9.689825,535.840887
26.432218,20.949074,535.970878
37.949846,34.841176,537.606066
47.261586,53.275034,539.834969
52.580854,77.461795,541.780829
52.152822,104.387713,542.893007
46.152853,127.797576,543.113265
36.455779,145.459118,542.869272
24.755855,158.859501,542.899959
12.064564,169.859565,543.967839
-1.019584,179.840973,546.551754
-14.059281,-170.105985,550.625617
-26.608654,-158.872444,555.603710
-38.038014,-145.026753,560.475209
-47.272519,-126.692817,564.083679
-53.042232,-91.009637,565.384570
-51.178323,-64.575329,563.347436
-44.164529,-42.632910,558.849815
-33.923181,-26.190550,552.767086
-21.952956,-13.505293,546.330987
-9.129159,-2.840090,540.800703
4.007566,7.086402,537.123374
17.027294,17.345006,535.690542
29.448029,29.107413,536.271614
40.542293,43.944758,538.145010
49.048213,63.797168,540.376889
53.050922,89.183933,542.148313
51.114264,115.759925,543.022483
43.996494,137.722661,543.070301
33.668932,154.128682,542.819340
21.647895,166.772739,543.043969
8.811986,177.405231,544.462982
-4.299773,-172.693100,547.444244
-17.262437,-162.456429,551.819353
-29.602902,-150.722789,556.876809
-40.608835,-135.941523,561.539304
-49.046008,-116.208333,564.666298
-53.139024,-79.247348,565.133215
-49.835537,-53.540277,562.428216
-41.835448,-33.060070,557.433420
-31.050030,-17.743442,551.139721
-18.802287,-5.706169,544.818787
-5.856953,4.667749,539.681641
7.290181,14.578284,536.553462
20.211001,25.092134,535.668564
32.383529,37.455171,536.654189
42.976987,53.366063,538.705756
50.552309,74.694562,540.888068
53.135977,100.992109,542.457122
49.745906,126.809984,543.097975
41.643087,147.288795,543.007395
30.779504,162.565000,542.799408
18.490574,174.562799,543.264416
5.542682,-175.093735,545.058505
-7.570860,-165.206701,548.426626
-20.427798,-154.715303,553.057606
-32.516277,-142.385325,558.125550
-43.023025,-126.542565,562.506077
-50.540946,-105.353745,565.095704
-52.853131,-67.513954,564.707194
-48.196643,-42.862946,561.363153
-39.336138,-23.816409,555.934415
-28.088240,-9.498824,549.510960
-15.609251,1.991164,543.382539
-2.572438,12.147273,538.691153
10.559074,22.107006,536.126850
23.349359,32.952435,535.765687
35.223393,46.022402,537.104036
45.226853,63.135081,539.273683
51.740020,85.935996,541.358719
52.833448,112.765539,542.705300
48.080597,137.494759,543.125617
39.121129,156.523603,542.936242
27.803790,170.799034,542.822216
15.293318,-177.748330,543.570028
2.263345,-167.620567,545.755247
-10.826312,-157.683373,549.490569
-23.546517,-146.861606,554.324696
-35.333779,-133.830480,559.331225
-45.254121,-116.800557,563.359183
-51.724203,-94.159267,565.362710
-52.193195,-55.924008,564.109932
-46.295270,-32.561401,560.165330
-36.691479,-14.870795,554.372223
-25.051826,-1.428181,547.901388
-12.382306,9.606931,542.038408
0.717873,19.614792,537.836739
13.807269,29.689825,535.840887
26.432218,40.949074,535.970878
37.949846,54.841176,537.606066
47.261586,73.275034,539.834969
52.580854,97.461795,541.780829
52.152822,124.387713,542.893007
46.152853,147.797576,543.113265
36.455779,165.459118,542.869272
24.755855,178.859501,542.899959
12.064564,-170.140435,543.967839
-1.019584,-160.159027,546.551754
-14.059281,-150.105985,550.625617
-26.608654,-138.872444,555.603710
-38.038014,-125.026753,560.475209
-47.272519,-106.692817,564.083679
-52.565839,-82.682740,565.460461
-51.178323,-44.575329,563.347436
-44.164529,-22.632910,558.849815
-33.923181,-6.190550,552.767086
-21.952956,6.494707,546.330987
-9.129159,17.159910,540.800703
4.007566,27.086402,537.123374
17.027294,37.345006,535.690542
29.448029,49.107413,536.271614
40.542293,63.944758,538.145010
49.048213,83.797168,540.376889
53.050922,109.183933,542.148313
51.114264,135.759925,543.022483
43.996494,157.722661,543.070301
33.668932,174.128682,542.819340
21.647895,-173.227261,543.043969
8.811986,-162.594769,544.462982
-4.299773,-152.693100,547.444244
-17.262437,-142.456429,551.819353
-29.602902,-130.722789,556.876809
-40.608835,-115.941523,561.539304
-49.046008,-96.208333,564.666298
-53.042232,-71.009637,565.384570
-49.835537,-33.540277,562.428216
-41.835448,-13.060070,557.433420
-31.050030,2.256558,551.139721
-18.802287,14.293831,544.818787
-5.856953,24.667749,539.681641
7.290181,34.578284,536.553462
20.211001,45.092134,535.668564
32.383529,57.455171,536.654189
42.976987,73.366063,538.705756
50.552309,94.694562,540.888068
53.135977,120.992109,542.457122
49.745906,146.809984,543.097975
41.643087,167.288795,543.007395
30.779504,-177.435000,542.799408
18.490574,-165.437201,543.264416
5.542682,-155.093735,545.058505
-7.570860,-145.206701,548.426626
-20.427798,-134.715303,553.057606
-32.516277,-122.385325,558.125550
-43.023025,-106.542565,562.506077
-50.540946,-85.353745,565.095704
-53.139024,-59.247348,565.133215
-48.196643,-22.862946,561.363153
-39.336138,-3.816409,555.934415
-28.088240,10.501176,549.510960
-15.609251,21.991164,543.382539
-2.572438,32.147273,538.691153
10.559074,42.107006,536.126850
23.349359,52.952435,535.765687
35.223393,66.022402,537.104036
45.226853,83.135081,539.273683
51.740020,105.935996,541.358719
52.833448,132.765539,542.705300
48.080597,157.494759,543.125617
39.121129,176.523603,542.936242
27.803790,-169.200966,542.822216
15.293318,-157.748330,543.570028
2.263345,-147.620567,545.755247
-10.826312,-137.683373,549.490569
-23.546517,-126.861606,554.324696
-35.333779,-113.830480,559.331225
-45.254121,-96.800557,563.359183
-51.724203,-74.159267,565.362710
-52.853131,-47.513954,564.707194
-46.295270,-12.561401,560.165330
-36.691479,5.129205,554.372223
-25.051826,18.571819,547.901388
-12.382306,29.606931,542.038408
0.717873,39.614792,537.836739
13.807269,49.689825,535.840887
26.432218,60.949074,535.970878
37.949846,74.841176,537.606066
47.261586,93.275034,539.834969
52.580854,117.461795,541.780829
52.152822,144.387713,542.893007
46.152853,167.797576,543.113265
36.455779,-174.540882,542.869272
24.755855,-161.140499,542.899959
12.064564,-150.140435,543.967839
-1.019584,-140.159027,546.551754
-14.059281,-130.105985,550.625617
-26.608654,-118.872444,555.603710
-38.038014,-105.026753,560.475209
-47.272519,-86.692817,564.083679
-52.565839,-62.682740,565.460461
-52.193195,-35.924008,564.109932
-44.164529,-2.632910,558.849815
-33.923181,13.809450,552.767086
-21.952956,26.494707,546.330987
-9.129159,37.159910,540.800703
4.007566,47.086402,537.123374
17.027294,57.345006,535.690542
29.448029,69.107413,536.271614
40.542293,83.944758,538.145010
49.048213,103.797168,540.376889
53.050922,129.183933,542.148313
51.114264,155.759925,543.022483
43.996494,177.722661,543.070301
33.668932,-165.871318,542.819340
21.647895,-153.227261,543.043969
8.811986,-142.594769,544.462982
-4.299773,-132.693100,547.444244
-17.262437,-122.456429,551.819353
-29.602902,-110.722789,556.876809
-40.608835,-95.941523,561.539304
-49.046008,-76.208333,564.666298
-53.042232,-51.009637,565.384570
-51.178323,-24.575329,563.347436
-41.835448,6.939930,557.433420
-31.050030,22.256558,551.139721
-18.802287,34.293831,544.818787
-5.856953,44.667749,539.681641
7.290181,54.578284,536.553462
20.211001,65.092134,535.668564
32.383529,77.455171,536.654189
42.976987,93.366063,538.705756
50.552309,114.694562,540.888068
53.135977,140.992109,542.457122
49.745906,166.809984,543.097975
41.643087,-172.711205,543.007395
30.779504,-157.435000,542.799408
18.490574,-145.437201,543.264416
5.542682,-135.093735,545.058505
-7.570860,-125.206701,548.426626
-20.427798,-114.715303,553.057606
-32.516277,-102.385325,558.125550
-43.023025,-86.542565,562.506077
-50.540946,-65.353745,565.095704
-53.139024,-39.247348,565.133215
-49.835537,-13.540277,562.428216
-39.336138,16.183591,555.934415
-28.088240,30.501176,549.510960
-15.609251,41.991164,543.382539
-2.572438,52.147273,538.691153
10.559074,62.107006,536.126850
23.349359,72.952435,535.765687
35.223393,86.022402,537.104036
45.226853,103.135081,539.273683
51.740020,125.935996,541.358719
52.833448,152.765539,542.705300
48.080597,177.494759,543.125617
39.121129,-163.476397,542.936242
27.803790,-149.200966,542.822216
15.293318,-137.748330,543.570028
2.263345,-127.620567,545.755247
-10.826312,-117.683373,549.490569
-23.546517,-106.861606,554.324696
-35.333779,-93.830480,559.331225
-45.254121,-76.800557,563.359183
-51.724203,-54.159267,565.362710
-52.853131,-27.513954,564.707194
-48.196643,-2.862946,561.363153
-36.691479,25.129205,554.372223
-25.051826,38.571819,547.901388
-12.382306,49.606931,542.038408
0.717873,59.614792,537.836739
13.807269,69.689825,535.840887
26.432218,80.949074,535.970878
37.949846,94.841176,537.606066
47.261586,113.275034,539.834969
52.580854,137.461795,541.780829
52.152822,164.387713,542.893007
46.152853,-172.202424,543.113265
36.455779,-154.540882,542.869272
24.755855,-141.140499,542.899959
12.064564,-130.140435,543.967839
-1.019584,-120.159027,546.551754
-14.059281,-110.105985,550.625617
-26.608654,-98.872444,555.603710
-38.038014,-85.026753,560.475209
-47.272519,-66.692817,564.083679
-52.565839,-42.682740,565.460461
-52.193195,-15.924008,564.109932
-46.295270,7.438599,560.165330
-33.923181,33.809450,552.767086
-21.952956,46.494707,546.330987
-9.129159,57.159910,540.800703
4.007566,67.086402,537.123374
17.027294,77.345006,535.690542
29.448029,89.107413,536.271614
40.542293,103.944758,538.145010
49.048213,123.797168,540.376889
53.050922,149.183933,542.148313
51.114264,175.759925,543.022483
43.996494,-162.277339,543.070301
33.668932,-145.871318,542.819340
21.647895,-133.227261,543.043969
8.811986,-122.594769,544.462982
-4.299773,-112.693100,547.444244
-17.262437,-102.456429,551.819353
-29.602902,-90.722789,556.876809
-40.608835,-75.941523,561.539304
-49.046008,-56.208333,564.666298
-53.042232,-31.009637,565.384570
-51.178323,-4.575329,563.347436
-44.164529,17.367090,558.849815
-31.050030,42.256558,551.139721
-18.802287,54.293831,544.818787
-5.856953,64.667749,539.681641
7.290181,74.578284,536.553462
20.211001,85.092134,535.668564
32.383529,97.455171,536.654189
42.976987,113.366063,538.705756
50.552309,134.694562,540.888068
53.135977,160.992109,542.457122
49.745906,-173.190016,543.097975
41.643087,-152.711205,543.007395
30.779504,-137.435000,542.799408
18.490574,-125.437201,543.264416
5.542682,-115.093735,545.058505
-7.570860,-105.206701,548.426626
-20.427798,-94.715303,553.057606
-32.516277,-82.385325,558.125550
-43.023025,-66.542565,562.506077
-50.540946,-45.353745,565.095704
-53.139024,-19.247348,565.133215
-49.835537,6.459723,562.428216
-41.835448,26.939930,557.433420
-28.088240,50.501176,549.510960
-15.609251,61.991164,543.382539
-2.572438,72.147273,538.691153
10.559074,82.107006,536.126850
23.349359,92.952435,535.765687
35.223393,106.022402,537.104036
45.226853,123.135081,539.273683
51.740020,145.935996,541.358719
52.833448,172.765539,542.705300
48.080597,-162.505241,543.125617
39.121129,-143.476397,542.936242
27.803790,-129.200966,542.822216
15.293318,-117.748330,543.570028
2.263345,-107.620567,545.755247
-10.826312,-97.683373,549.490569
-23.546517,-86.861606,554.324696
-35.333779,-73.830480,559.331225
-45.254121,-56.800557,563.359183
-51.724203,-34.159267,565.362710
-52.853131,-7.513954,564.707194
-48.196643,17.137054,561.363153
-39.336138,36.183591,555.934415
-25.051826,58.571819,547.901388
-12.382306,69.606931,542.038408
0.717873,79.614792,537.836739
13.807269,89.689825,535.840887
26.432218,100.949074,535.970878
37.949846,114.841176,537.606066
47.261586,133.275034,539.834969
52.580854,157.461795,541.780829
52.152822,-175.612287,542.893007
46.152853,-152.202424,543.113265
36.455779,-134.540882,542.869272
24.755855,-121.140499,542.899959
12.064564,-110.140435,543.967839
-1.019584,-100.159027,546.551754
-14.059281,-90.105985,550.625617
-26.608654,-78.872444,555.603710
-38.038014,-65.026753,560.475209
-47.272519,-46.692817,564.083679
-52.565839,-22.682740,565.460461
-52.193195,4.075992,564.109932
-46.295270,27.438599,560.165330
-36.691479,45.129205,554.372223
-21.952956,66.494707,546.330987
-9.129159,77.159910,540.800703
4.007566,87.086402,537.123374
17.027294,97.345006,535.690542
29.448029,109.107413,536.271614
40.542293,123.944758,538.145010
49.048213,143.797168,540.376889
53.050922,169.183933,542.148313
51.114264,-164.240075,543.022483
43.996494,-142.277339,543.070301
33.668932,-125.871318,542.819340
21.647895,-113.227261,543.043969
8.811986,-102.594769,544.462982
-4.299773,-92.693100,547.444244
-17.262437,-82.456429,551.819353
-29.602902,-70.722789,556.876809
-40.608835,-55.941523,561.539304
-49.046008,-36.208333,564.666298
-53.042232,-11.009637,565.384570
-51.178323,15.424671,563.347436
-44.164529,37.367090,558.849815
-33.923181,53.809450,552.767086
-18.802287,74.293831,544.818787
-5.856953,84.667749,539.681641
7.290181,94.578284,536.553462
20.211001,105.092134,535.668564
32.383529,117.455171,536.654189
42.976987,133.366063,538.705756
50.552309,154.694562,540.888068
53.135977,-179.007891,542.457122
49.745906,-153.190016,543.097975
41.643087,-132.711205,543.007395
30.779504,-117.435000,542.799408
18.490574,-105.437201,543.264416
5.542682,-95.093735,545.058505
-7.570860,-85.206701,548.426626
-20.427798,-74.715303,553.057606
-32.516277,-62.385325,558.125550
-43.023025,-46.542565,562.506077
-50.540946,-25.353745,565.095704
-53.139024,0.752652,565.133215
-49.835537,26.459723,562.428216
-41.835448,46.939930,557.433420
-31.050030,62.256558,551.139721
-15.609251,81.991164,543.382539
-2.572438,92.147273,538.691153
10.559074,102.107006,536.126850
23.349359,112.952435,535.765687
35.223393,126.022402,537.104036
45.226853,143.135081,539.273683
51.740020,165.935996,541.358719
52.833448,-167.234461,542.705300
48.080597,-142.505241,543.125617
39.121129,-123.476397,542.936242
27.803790,-109.200966,542.822216
15.293318,-97.748330,543.570028
2.263345,-87.620567,545.755247
-10.826312,-77.683373,549.490569
-23.546517,-66.861606,554.324696
-35.333779,-53.830480,559.331225
-45.254121,-36.800557,563.359183
-51.724203,-14.159267,565.362710
-52.853131,12.486046,564.707194
-48.196643,37.137054,561.363153
-39.336138,56.183591,555.934415
-28.088240,70.501176,549.510960
-12.382306,89.606931,542.038408
0.717873,99.614792,537.836739
13.807269,109.689825,535.840887
26.432218,120.949074,535.970878
37.949846,134.841176,537.606066
47.261586,153.275034,539.834969
52.580854,177.461795,541.780829
52.152822,-155.612287,542.893007
46.152853,-132.202424,543.113265
36.455779,-114.540882,542.869272
24.755855,-101.140499,542.899959
12.064564,-90.140435,543.967839
-1.019584,-80.159027,546.551754
-14.059281,-70.105985,550.625617
-26.608654,-58.872444,555.603710
-38.038014,-45.026753,560.475209
-47.272519,-26.692817,564.083679
-52.565839,-2.682740,565.460461
-52.193195,24.075992,564.109932
-46.295270,47.438599,560.165330
-36.691479,65.129205,554.372223
-25.051826,78.571819,547.901388
-9.129159,97.159910,540.800703
4.007566,107.086402,537.123374
17.027294,117.345006,535.690542
29.448029,129.107413,536.271614
40.542293,143.944758,538.145010
49.048213,163.797168,540.376889
53.050922,-170.816067,542.148313
51.114264,-144.240075,543.022483
43.996494,-122.277339,543.070301
33.668932,-105.871318,542.819340
21.647895,-93.227261,543.043969
8.811986,-82.594769,544.462982
-4.299773,-72.693100,547.444244
-17.262437,-62.456429,551.819353
-29.602902,-50.722789,556.876809
-40.608835,-35.941523,561.539304
-49.046008,-16.208333,564.666298
-53.042232,8.990363,565.384570
-51.178323,35.424671,563.347436
-44.164529,57.367090,558.849815
-33.923181,73.809450,552.767086
-21.952956,86.494707,546.330987
-5.856953,104.667749,539.681641
7.290181,114.578284,536.553462
20.211001,125.092134,535.668564
32.383529,137.455171,536.654189
42.976987,153.366063,538.705756
50.552309,174.694562,540.888068
53.135977,-159.007891,542.457122
49.745906,-133.190016,543.097975
41.643087,-112.711205,543.007395
30.779504,-97.435000,542.799408
18.490574,-85.437201,543.264416
5.542682,-75.093735,545.058505
-7.570860,-65.206701,548.426626
-20.427798,-54.715303,553.057606
-32.516277,-42.385325,558.125550
-43.023025,-26.542565,562.506077
-50.540946,-5.353745,565.095704
-53.139024,20.752652,565.133215
-49.835537,46.459723,562.428216
-41.835448,66.939930,557.433420
-31.050030,82.256558,551.139721
-18.802287,94.293831,544.818787
-2.572438,112.147273,538.691153
10.559074,122.107006,536.126850
23.349359,132.952435,535.765687
35.223393,146.022402,537.104036
45.226853,163.135081,539.273683
51.740020,-174.064004,541.358719
52.833448,-147.234461,542.705300
48.080597,-122.505241,543.125617
39.121129,-103.476397,542.936242
27.803790,-89.200966,542.822216
15.293318,-77.748330,543.570028
2.263345,-67.620567,545.755247
-10.826312,-57.683373,549.490569
-23.546517,-46.861606,554.324696
-35.333779,-33.830480,559.331225
-45.254121,-16.800557,563.359183
-51.724203,5.840733,565.362710
-52.853131,32.486046,564.707194
-48.196643,57.137054,561.363153
-39.336138,76.183591,555.934415
-28.088240,90.501176,549.510960
-15.609251,101.991164,543.382539
0.717873,119.614792,537.836739
13.807269,129.689825,535.840887
26.432218,140.949074,535.970878
37.949846,154.841176,537.606066
47.261586,173.275034,539.834969
52.580854,-162.538205,541.780829
52.152822,-135.612287,542.893007
46.152853,-112.202424,543.113265
36.455779,-94.540882,542.869272
24.755855,-81.140499,542.899959
12.064564,-70.140435,543.967839
-1.019584,-60.159027,546.551754
-14.059281,-50.105985,550.625617
-26.608654,-38.872444,555.603710
-38.038014,-25.026753,560.475209
-47.272519,-6.692817,564.083679
-52.565839,17.317260,565.460461
-52.193195,44.075992,564.109932
-46.295270,67.438599,560.165330
-36.691479,85.129205,554.372223
-25.051826,98.571819,547.901388
-12.382306,109.606931,542.038408
4.007566,127.086402,537.123374
17.027294,137.345006,535.690542
29.448029,149.107413,536.271614
40.542293,163.944758,538.145010
49.048213,-176.202832,540.376889
53.050922,-150.816067,542.148313
51.114264,-124.240075,543.022483
43.996494,-102.277339,543.070301
33.668932,-85.871318,542.819340
21.647895,-73.227261,543.043969
8.811986,-62.594769,544.462982
-4.299773,-52.693100,547.444244
-17.262437,-42.456429,551.819353
-29.602902,-30.722789,556.876809
-40.608835,-15.941523,561.539304
-49.046008,3.791667,564.666298
-53.042232,28.990363,565.384570
-51.178323,55.424671,563.347436
-44.164529,77.367090,558.849815
-33.923181,93.809450,552.767086
-21.952956,106.494707,546.330987
-9.129159,117.159910,540.800703
7.290181,134.578284,536.553462
20.211001,145.092134,535.668564
32.383529,157.455171,536.654189
42.976987,173.366063,538.705756
50.552309,-165.305438,540.888068
53.135977,-139.007891,542.457122
49.745906,-113.190016,543.097975
41.643087,-92.711205,543.007395
30.779504,-77.435000,542.799408
18.490574,-65.437201,543.264416
5.542682,-55.093735,545.058505
-7.570860,-45.206701,548.426626
-20.427798,-34.715303,553.057606
-32.516277,-22.385325,558.125550
-43.023025,-6.542565,562.506077
-50.540946,14.646255,565.095704
-53.139024,40.752652,565.133215
-49.835537,66.459723,562.428216
-41.835448,86.939930,557.433420
-31.050030,102.256558,551.139721
-18.802287,114.293831,544.818787
-5.856953,124.667749,539.681641
10.559074,142.107006,536.126850
23.349359,152.952435,535.765687
35.223393,166.022402,537.104036
45.226853,-176.864919,539.273683
51.740020,-154.064004,541.358719
52.833448,-127.234461,542.705300
48.080597,-102.505241,543.125617
39.121129,-83.476397,542.936242
27.803790,-69.200966,542.822216
15.293318,-57.748330,543.570028
2.263345,-47.620567,545.755247
-10.826312,-37.683373,549.490569
-23.546517,-26.861606,554.324696
-35.333779,-13.830480,559.331225
-45.254121,3.199443,563.359183
-51.724203,25.840733,565.362710
-52.853131,52.486046,564.707194
-48.196643,77.137054,561.363153
-39.336138,96.183591,555.934415
-28.088240,110.501176,549.510960
-15.609251,121.991164,543.382539
-2.572438,132.147273,538.691153
13.807269,149.689825,535.840887
26.432218,160.949074,535.970878
37.949846,174.841176,537.606066
47.261586,-166.724966,539.834969
52.580854,-142.538205,541.780829
52.152822,-115.612287,542.893007
46.152853,-92.202424,543.113265
36.455779,-74.540882,542.869272
24.755855,-61.140499,542.899959
12.064564,-50.140435,543.967839
-1.019584,-40.159027,546.551754
-14.059281,-30.105985,550.625617
-26.608654,-18.872444,555.603710
-38.038014,-5.026753,560.475209
-47.272519,13.307183,564.083679
-52.565839,37.317260,565.460461
-52.193195,64.075992,564.109932
-46.295270,87.438599,560.165330
-36.691479,105.129205,554.372223
-25.051826,118.571819,547.901388
-12.382306,129.606931,542.038408
0.717873,139.614792,537.836739
17.027294,157.345006,535.690542
29.448029,169.107413,536.271614
40.542293,-176.055242,538.145010
49.048213,-156.202832,540.376889
53.050922,-130.816067,542.148313
51.114264,-104.240075,543.022483
43.996494,-82.277339,543.070301
33.668932,-65.871318,542.819340
21.647895,-53.227261,543.043969
8.811986,-42.594769,544.462982
-4.299773,-32.693100,547.444244
-17.262437,-22.456429,551.819353
-29.602902,-10.722789,556.876809
-40.608835,4.058477,561.539304
-49.046008,23.791667,564.666298
-53.042232,48.990363,565.384570
-51.178323,75.424671,563.347436
-44.164529,97.367090,558.849815
-33.923181,113.809450,552.767086
-21.952956,126.494707,546.330987
-9.129159,137.159910,540.800703
4.007566,147.086402,537.123374
20.211001,165.092134,535.668564
32.383529,177.455171,536.654189
42.976987,-166.633937,538.705756
50.552309,-145.305438,540.888068
53.135977,-119.007891,542.457122
49.745906,-93.190016,543.097975
41.643087,-72.711205,543.007395
30.779504,-57.435000,542.799408
18.490574,-45.437201,543.264416
5.542682,-35.093735,545.058505
-7.570860,-25.206701,548.426626
-20.427798,-14.715303,553.057606
-32.516277,-2.385325,558.125550
-43.023025,13.457435,562.506077
-50.540946,34.646255,565.095704
-53.139024,60.752652,565.133215
-49.835537,86.459723,562.428216
-41.835448,106.939930,557.433420
-31.050030,122.256558,551.139721
-18.802287,134.293831,544.818787
-5.856953,144.667749,539.681641
7.290181,154.578284,536.553462
23.349359,172.952435,535.765687
35.223393,-173.977598,537.104036
45.226853,-156.864919,539.273683
51.740020,-134.064004,541.358719
52.833448,-107.234461,542.705300
48.080597,-82.505241,543.125617
39.121129,-63.476397,542.936242
27.803790,-49.200966,542.822216
15.293318,-37.748330,543.570028
2.263345,-27.620567,545.755247
-10.826312,-17.683373,549.490569
-23.546517,-6.861606,554.324696
-35.333779,6.169520,559.331225
-45.254121,23.199443,563.359183
-51.724203,45.840733,565.362710
-52.853131,72.486046,564.707194
-48.196643,97.137054,561.363153
-39.336138,116.183591,555.934415
-28.088240,130.501176,549.510960
-15.609251,141.991164,543.382539
-2.572438,152.147273,538.691153
10.559074,162.107006,536.126850
26.432218,-179.050926,535.970878
37.949846,-165.158824,537.606066
47.261586,-146.724966,539.834969
52.580854,-122.538205,541.780829
52.152822,-95.612287,542.893007
46.152853,-72.202424,543.113265
36.455779,-54.540882,542.869272
24.755855,-41.140499,542.899959
12.064564,-30.140435,543.967839
-1.019584,-20.159027,546.551754
-14.059281,-10.105985,550.625617
-26.608654,1.127556,555.603710
-38.038014,14.973247,560.475209
-47.272519,33.307183,564.083679
-52.565839,57.317260,565.460461
-52.193195,84.075992,564.109932
-46.295270,107.438599,560.165330
-36.691479,125.129205,554.372223
-25.051826,138.571819,547.901388
-12.382306,149.606931,542.038408
0.717873,159.614792,537.836739
13.807269,169.689825,535.840887
29.448029,-170.892587,536.271614
40.542293,-156.055242,538.145010
49.048213,-136.202832,540.376889
53.050922,-110.816067,542.148313
51.114264,-84.240075,543.022483
43.996494,-62.277339,543.070301
33.668932,-45.871318,542.819340
21.647895,-33.227261,543.043969
8.811986,-22.594769,544.462982
-4.299773,-12.693100,547.444244
-17.262437,-2.456429,551.819353
-29.602902,9.277211,556.876809
-40.608835,24.058477,561.539304
-49.046008,43.791667,564.666298
-53.042232,68.990363,565.384570
-51.178323,95.424671,563.347436
-44.164529,117.367090,558.849815
-33.923181,133.809450,552.767086
-21.952956,146.494707,546.330987
-9.129159,157.159910,540.800703
4.007566,167.086402,537.123374
17.027294,177.345006,535.690542
32.383529,-162.544829,536.654189
42.976987,-146.633937,538.705756
50.552309,-125.305438,540.888068
53.135977,-99.007891,542.457122
49.745906,-73.190016,543.097975
41.643087,-52.711205,543.007395
30.779504,-37.435000,542.799408
18.490574,-25.437201,543.264416
5.542682,-15.093735,545.058505
-7.570860,-5.206701,548.426626
-20.427798,5.284697,553.057606
-32.516277,17.614675,558.125550
-43.023025,33.457435,562.506077
-50.540946,54.646255,565.095704
-53.139024,80.752652,565.133215
-49.835537,106.459723,562.428216
-41.835448,126.939930,557.433420
-31.050030,142.256558,551.139721
-18.802287,154.293831,544.818787
-5.856953,164.667749,539.681641
7.290181,174.578284,536.553462
20.211001,-174.907866,535.668564
35.223393,-153.977598,537.104036
45.226853,-136.864919,539.273683
51.740020,-114.064004,541.358719
52.833448,-87.234461,542.705300
48.080597,-62.505241,543.125617
39.121129,-43.476397,542.936242
27.803790,-29.200966,542.822216
15.293318,-17.748330,543.570028
2.263345,-7.620567,545.755247
-10.826312,2.316627,549.490569
-23.546517,13.138394,554.324696
-35.333779,26.169520,559.331225
-45.254121,43.199443,563.359183
-51.724203,65.840733,565.362710
-52.853131,92.486046,564.707194
-48.196643,117.137054,561.363153
-39.336138,136.183591,555.934415
-28.088240,150.501176,549.510960
-15.609251,161.991164,543.382539
-2.572438,172.147273,538.691153
10.559074,-177.892994,536.126850
23.349359,-167.047565,535.765687
37.949846,-145.158824,537.606066
47.261586,-126.724966,539.834969
52.580854,-102.538205,541.780829
52.152822,-75.612287,542.893007
46.152853,-52.202424,543.113265
36.455779,-34.540882,542.869272
24.755855,-21.140499,542.899959
12.064564,-10.140435,543.967839
-1.019584,-0.159027,546.551754
-14.059281,9.894015,550.625617
-26.608654,21.127556,555.603710
-38.038014,34.973247,560.475209
-47.272519,53.307183,564.083679
-52.565839,77.317260,565.460461
-52.193195,104.075992,564.109932
-46.295270,127.438599,560.165330
-36.691479,145.129205,554.372223
-25.051826,158.571819,547.901388
-12.382306,169.606931,542.038408
0.717873,179.614792,537.836739
13.807269,-170.310175,535.840887
26.432218,-159.050926,535.970878
40.542293,-136.055242,538.145010
49.048213,-116.202832,540.376889
53.050922,-90.816067,542.148313
51.114264,-64.240075,543.022483
43.996494,-42.277339,543.070301
33.668932,-25.871318,542.819340
21.647895,-13.227261,543.043969
8.811986,-2.594769,544.462982
-4.299773,7.306900,547.444244
-17.262437,17.543571,551.819353
-29.602902,29.277211,556.876809
-40.608835,44.058477,561.539304
-49.046008,63.791667,564.666298
-53.042232,88.990363,565.384570
-51.178323,115.424671,563.347436
-44.164529,137.367090,558.849815
-33.923181,153.809450,552.767086
-21.952956,166.494707,546.330987
-9.129159,177.159910,540.800703
4.007566,-172.913598,537.123374
17.027294,-162.654994,535.690542
29.448029,-150.892587,536.271614
