41.605528,-32.647913,543.006329
30.734378,-17.388065,542.799399
18.441708,-5.399388,543.268445
5.492334,4.940219,545.068446
-7.621036,14.827533,548.442385
-20.476113,25.323423,553.076904
-32.560353,37.663364,558.144455
-43.058777,53.523431,562.520091
-50.561575,74.734781,565.101059
-53.137518,100.852446,565.127985
-49.812501,126.545545,562.412921
-41.798251,147.003345,557.410959
-31.005136,162.303657,551.114647
-18.753504,174.331778,544.796096
-5.806542,-175.298196,539.665425
7.340549,-165.387398,536.545827
20.259609,-154.869043,535.669183
32.427947,-142.495968,536.660634
43.013042,-126.567564,538.714468
50.573044,-105.216218,540.895630
53.134251,-78.907431,542.461395
49.722468,-53.104026,543.098741
39.081185,-23.417954,542.935145
27.757453,-9.156911,542.822961
15.243906,2.288090,543.575425
2.212893,12.413086,545.766739
-10.876195,22.351561,549.507505
-23.594041,33.179024,554.344309
-35.376251,46.221792,559.349323
-45.286836,63.270912,563.371330
-51.739795,85.934106,565.365510
-52.845781,112.584475,564.699300
-48.169316,137.217175,561.345713
-39.296526,156.242182,555.910833
-28.042098,170.545392,549.486026
-15.559885,-177.972291,543.361145
-2.521890,-167.818979,538.676978
10.609178,-157.857978,536.121402
23.397194,-147.006827,535.768055
35.266209,-133.925116,537.111398
45.259839,-116.792996,539.282394
51.755641,-93.969886,541.365590
52.825808,-67.135474,542.708637
48.052862,-42.425058,543.125704
36.413809,-14.486780,542.868338
24.708507,-1.098899,542.901639
12.014730,9.894890,543.974699
-1.070042,19.874573,546.564756
-14.108762,29.929917,550.643554
-26.655224,41.170458,555.623369
-38.078596,55.029597,560.492216
-47.301718,73.384396,564.093741
-52.575976,97.414367,565.460619
-52.180220,124.171395,564.099446
-46.264171,147.512920,560.145962
-36.649811,165.183469,554.347826
-25.004636,178.613571,547.876907
-12.332481,-170.357629,542.018547
0.768461,-160.351519,537.824701
13.856998,-150.274188,535.837568
26.479114,-139.007900,535.974812
37.990766,-125.102218,537.614110
47.291014,-106.647215,539.843476
52.590935,-82.440334,541.786902
52.139503,-55.516456,542.895426
46.121353,-32.128124,543.112806
33.625249,-5.821044,542.818769
21.599711,6.812268,543.046751
8.761842,17.439738,544.471367
-4.350139,27.340693,547.458680
-17.311400,37.580730,551.838085
-29.648332,49.322788,556.896235
-40.647193,64.119409,561.554945
-49.071181,83.874673,564.674085
-53.046615,109.089698,565.382037
-51.160088,135.515730,563.334470
-44.130153,157.435783,558.828766
-33.879766,173.859889,552.742190
-21.904893,-173.465620,546.307259
-9.078988,-162.805474,540.782579
4.058094,-152.879720,537.113528
17.076528,-142.617746,535.689256
29.493795,-130.846866,536.276913
40.580976,-115.993998,538.153502
49.073560,-96.119206,540.385005
53.055165,-70.715995,542.153509
51.095646,-44.148723,543.024035
43.961733,-22.208728,543.069452
30.734378,2.611935,542.799399
18.441708,14.600612,543.268445
5.492334,24.940219,545.068446
-7.621036,34.827533,548.442385
-20.476113,45.323423,553.076904
-32.560353,57.663364,558.144455
-43.058777,73.523431,562.520091
-50.561575,94.734781,565.101059
-53.137518,120.852446,565.127985
-49.812501,146.545545,562.412921
-41.798251,167.003345,557.410959
-31.005136,-177.696343,551.114647
-18.753504,-165.668222,544.796096
-5.806542,-155.298196,539.665425
7.340549,-145.387398,536.545827
20.259609,-134.869043,535.669183
32.427947,-122.495968,536.660634
43.013042,-106.567564,538.714468
50.573044,-85.216218,540.895630
53.134251,-58.907431,542.461395
49.722468,-33.104026,543.098741
41.605528,-12.647913,543.006329
27.757453,10.843089,542.822961
15.243906,22.288090,543.575425
2.212893,32.413086,545.766739
-10.876195,42.351561,549.507505
-23.594041,53.179024,554.344309
-35.376251,66.221792,559.349323
-45.286836,83.270912,563.371330
-51.739795,105.934106,565.365510
-52.845781,132.584475,564.699300
-48.169316,157.217175,561.345713
-39.296526,176.242182,555.910833
-28.042098,-169.454608,549.486026
-15.559885,-157.972291,543.361145
-2.521890,-147.818979,538.676978
10.609178,-137.857978,536.121402
23.397194,-127.006827,535.768055
35.266209,-113.925116,537.111398
45.259839,-96.792996,539.282394
51.755641,-73.969886,541.365590
52.825808,-47.135474,542.708637
48.052862,-22.425058,543.125704
39.081185,-3.417954,542.935145
24.708507,18.901101,542.901639
12.014730,29.894890,543.974699
-1.070042,39.874573,546.564756
-14.108762,49.929917,550.643554
-26.655224,61.170458,555.623369
-38.078596,75.029597,560.492216
-47.301718,93.384396,564.093741
-52.575976,117.414367,565.460619
-52.180220,144.171395,564.099446
-46.264171,167.512920,560.145962
-36.649811,-174.816531,554.347826
-25.004636,-161.386429,547.876907
-12.332481,-150.357629,542.018547
0.768461,-140.351519,537.824701
13.856998,-130.274188,535.837568
26.479114,-119.007900,535.974812
37.990766,-105.102218,537.614110
47.291014,-86.647215,539.843476
52.590935,-62.440334,541.786902
52.139503,-35.516456,542.895426
46.121353,-12.128124,543.112806
36.413809,5.513220,542.868338
21.599711,26.812268,543.046751
8.761842,37.439738,544.471367
-4.350139,47.340693,547.458680
-17.311400,57.580730,551.838085
-29.648332,69.322788,556.896235
-40.647193,84.119409,561.554945
-49.071181,103.874673,564.674085
-53.046615,129.089698,565.382037
-51.160088,155.515730,563.334470
-44.130153,177.435783,558.828766
-33.879766,-166.140111,552.742190
-21.904893,-153.465620,546.307259
-9.078988,-142.805474,540.782579
4.058094,-132.879720,537.113528
17.076528,-122.617746,535.689256
29.493795,-110.846866,536.276913
40.580976,-95.993998,538.153502
49.073560,-76.119206,540.385005
53.055165,-50.715995,542.153509
51.095646,-24.148723,543.024035
43.961733,-2.208728,543.069452
33.625249,14.178956,542.818769
18.441708,34.600612,543.268445
5.492334,44.940219,545.068446
-7.621036,54.827533,548.442385
-20.476113,65.323423,553.076904
-32.560353,77.663364,558.144455
-43.058777,93.523431,562.520091
-50.561575,114.734781,565.101059
-53.137518,140.852446,565.127985
-49.812501,166.545545,562.412921
-41.798251,-172.996655,557.410959
-31.005136,-157.696343,551.114647
-18.753504,-145.668222,544.796096
-5.806542,-135.298196,539.665425
7.340549,-125.387398,536.545827
20.259609,-114.869043,535.669183
32.427947,-102.495968,536.660634
43.013042,-86.567564,538.714468
50.573044,-65.216218,540.895630
53.134251,-38.907431,542.461395
49.722468,-13.104026,543.098741
41.605528,7.352087,543.006329
30.734378,22.611935,542.799399
15.243906,42.288090,543.575425
2.212893,52.413086,545.766739
-10.876195,62.351561,549.507505
-23.594041,73.179024,554.344309
-35.376251,86.221792,559.349323
-45.286836,103.270912,563.371330
-51.739795,125.934106,565.365510
-52.845781,152.584475,564.699300
-48.169316,177.217175,561.345713
-39.296526,-163.757818,555.910833
-28.042098,-149.454608,549.486026
-15.559885,-137.972291,543.361145
-2.521890,-127.818979,538.676978
10.609178,-117.857978,536.121402
23.397194,-107.006827,535.768055
35.266209,-93.925116,537.111398
45.259839,-76.792996,539.282394
51.755641,-53.969886,541.365590
52.825808,-27.135474,542.708637
48.052862,-2.425058,543.125704
39.081185,16.582046,542.935145
27.757453,30.843089,542.822961
12.014730,49.894890,543.974699
-1.070042,59.874573,546.564756
-14.108762,69.929917,550.643554
-26.655224,81.170458,555.623369
-38.078596,95.029597,560.492216
-47.301718,113.384396,564.093741
-52.575976,137.414367,565.460619
-52.180220,164.171395,564.099446
-46.264171,-172.487080,560.145962
-36.649811,-154.816531,554.347826
-25.004636,-141.386429,547.876907
-12.332481,-130.357629,542.018547
0.768461,-120.351519,537.824701
13.856998,-110.274188,535.837568
26.479114,-99.007900,535.974812
37.990766,-85.102218,537.614110
47.291014,-66.647215,539.843476
52.590935,-42.440334,541.786902
52.139503,-15.516456,542.895426
46.121353,7.871876,543.112806
36.413809,25.513220,542.868338
24.708507,38.901101,542.901639
8.761842,57.439738,544.471367
-4.350139,67.340693,547.458680
-17.311400,77.580730,551.838085
-29.648332,89.322788,556.896235
-40.647193,104.119409,561.554945
-49.071181,123.874673,564.674085
-53.046615,149.089698,565.382037
-51.160088,175.515730,563.334470
-44.130153,-162.564217,558.828766
-33.879766,-146.140111,552.742190
-21.904893,-133.465620,546.307259
-9.078988,-122.805474,540.782579
4.058094,-112.879720,537.113528
17.076528,-102.617746,535.689256
29.493795,-90.846866,536.276913
40.580976,-75.993998,538.153502
49.073560,-56.119206,540.385005
53.055165,-30.715995,542.153509
51.095646,-4.148723,543.024035
43.961733,17.791272,543.069452
33.625249,34.178956,542.818769
21.599711,46.812268,543.046751
5.492334,64.940219,545.068446
-7.621036,74.827533,548.442385
-20.476113,85.323423,553.076904
-32.560353,97.663364,558.144455
-43.058777,113.523431,562.520091
-50.561575,134.734781,565.101059
-53.137518,160.852446,565.127985
-49.812501,-173.454455,562.412921
-41.798251,-152.996655,557.410959
-31.005136,-137.696343,551.114647
-18.753504,-125.668222,544.796096
-5.806542,-115.298196,539.665425
7.340549,-105.387398,536.545827
20.259609,-94.869043,535.669183
32.427947,-82.495968,536.660634
43.013042,-66.567564,538.714468
50.573044,-45.216218,540.895630
53.134251,-18.907431,542.461395
49.722468,6.895974,543.098741
41.605528,27.352087,543.006329
30.734378,42.611935,542.799399
18.441708,54.600612,543.268445
2.212893,72.413086,545.766739
-10.876195,82.351561,549.507505
-23.594041,93.179024,554.344309
-35.376251,106.221792,559.349323
-45.286836,123.270912,563.371330
-51.739795,145.934106,565.365510
-52.845781,172.584475,564.699300
-48.169316,-162.782825,561.345713
-39.296526,-143.757818,555.910833
-28.042098,-129.454608,549.486026
-15.559885,-117.972291,543.361145
-2.521890,-107.818979,538.676978
10.609178,-97.857978,536.121402
23.397194,-87.006827,535.768055
35.266209,-73.925116,537.111398
45.259839,-56.792996,539.282394
51.755641,-33.969886,541.365590
52.825808,-7.135474,542.708637
48.052862,17.574942,543.125704
39.081185,36.582046,542.935145
27.757453,50.843089,542.822961
15.243906,62.288090,543.575425
-1.070042,79.874573,546.564756
-14.108762,89.929917,550.643554
-26.655224,101.170458,555.623369
-38.078596,115.029597,560.492216
-47.301718,133.384396,564.093741
-52.575976,157.414367,565.460619
-52.180220,-175.828605,564.099446
-46.264171,-152.487080,560.145962
-36.649811,-134.816531,554.347826
-25.004636,-121.386429,547.876907
-12.332481,-110.357629,542.018547
0.768461,-100.351519,537.824701
13.856998,-90.274188,535.837568
26.479114,-79.007900,535.974812
37.990766,-65.102218,537.614110
47.291014,-46.647215,539.843476
52.590935,-22.440334,541.786902
52.139503,4.483544,542.895426
46.121353,27.871876,543.112806
36.413809,45.513220,542.868338
24.708507,58.901101,542.901639
12.014730,69.894890,543.974699
-4.350139,87.340693,547.458680
-17.311400,97.580730,551.838085
-29.648332,109.322788,556.896235
-40.647193,124.119409,561.554945
-49.071181,143.874673,564.674085
-53.046615,169.089698,565.382037
-51.160088,-164.484270,563.334470
-44.130153,-142.564217,558.828766
-33.879766,-126.140111,552.742190
-21.904893,-113.465620,546.307259
-9.078988,-102.805474,540.782579
4.058094,-92.879720,537.113528
17.076528,-82.617746,535.689256
29.493795,-70.846866,536.276913
40.580976,-55.993998,538.153502
49.073560,-36.119206,540.385005
53.055165,-10.715995,542.153509
51.095646,15.851277,543.024035
43.961733,37.791272,543.069452
33.625249,54.178956,542.818769
21.599711,66.812268,543.046751
8.761842,77.439738,544.471367
-7.621036,94.827533,548.442385
-20.476113,105.323423,553.076904
-32.560353,117.663364,558.144455
-43.058777,133.523431,562.520091
-50.561575,154.734781,565.101059
-53.137518,-179.147554,565.127985
-49.812501,-153.454455,562.412921
-41.798251,-132.996655,557.410959
-31.005136,-117.696343,551.114647
-18.753504,-105.668222,544.796096
-5.806542,-95.298196,539.665425
7.340549,-85.387398,536.545827
20.259609,-74.869043,535.669183
32.427947,-62.495968,536.660634
43.013042,-46.567564,538.714468
50.573044,-25.216218,540.895630
53.134251,1.092569,542.461395
49.722468,26.895974,543.098741
41.605528,47.352087,543.006329
30.734378,62.611935,542.799399
18.441708,74.600612,543.268445
5.492334,84.940219,545.068446
-10.876195,102.351561,549.507505
-23.594041,113.179024,554.344309
-35.376251,126.221792,559.349323
-45.286836,143.270912,563.371330
-51.739795,165.934106,565.365510
-52.845781,-167.415525,564.699300
-48.169316,-142.782825,561.345713
-39.296526,-123.757818,555.910833
-28.042098,-109.454608,549.486026
-15.559885,-97.972291,543.361145
-2.521890,-87.818979,538.676978
10.609178,-77.857978,536.121402
23.397194,-67.006827,535.768055
35.266209,-53.925116,537.111398
45.259839,-36.792996,539.282394
51.755641,-13.969886,541.365590
52.825808,12.864526,542.708637
48.052862,37.574942,543.125704
39.081185,56.582046,542.935145
27.757453,70.843089,542.822961
15.243906,82.288090,543.575425
2.212893,92.413086,545.766739
-14.108762,109.929917,550.643554
-26.655224,121.170458,555.623369
-38.078596,135.029597,560.492216
-47.301718,153.384396,564.093741
-52.575976,177.414367,565.460619
-52.180220,-155.828605,564.099446
-46.264171,-132.487080,560.145962
-36.649811,-114.816531,554.347826
-25.004636,-101.386429,547.876907
-12.332481,-90.357629,542.018547
0.768461,-80.351519,537.824701
13.856998,-70.274188,535.837568
26.479114,-59.007900,535.974812
37.990766,-45.102218,537.614110
47.291014,-26.647215,539.843476
52.590935,-2.440334,541.786902
52.139503,24.483544,542.895426
46.121353,47.871876,543.112806
36.413809,65.513220,542.868338
24.708507,78.901101,542.901639
12.014730,89.894890,543.974699
-1.070042,99.874573,546.564756
-17.311400,117.580730,551.838085
-29.648332,129.322788,556.896235
-40.647193,144.119409,561.554945
-49.071181,163.874673,564.674085
-53.046615,-170.910302,565.382037
-51.160088,-144.484270,563.334470
-44.130153,-122.564217,558.828766
-33.879766,-106.140111,552.742190
-21.904893,-93.465620,546.307259
-9.078988,-82.805474,540.782579
4.058094,-72.879720,537.113528
17.076528,-62.617746,535.689256
29.493795,-50.846866,536.276913
40.580976,-35.993998,538.153502
49.073560,-16.119206,540.385005
53.055165,9.284005,542.153509
51.095646,35.851277,543.024035
43.961733,57.791272,543.069452
33.625249,74.178956,542.818769
21.599711,86.812268,543.046751
8.761842,97.439738,544.471367
-4.350139,107.340693,547.458680
-20.476113,125.323423,553.076904
-32.560353,137.663364,558.144455
-43.058777,153.523431,562.520091
-50.561575,174.734781,565.101059
-53.137518,-159.147554,565.127985
-49.812501,-133.454455,562.412921
-41.798251,-112.996655,557.410959
-31.005136,-97.696343,551.114647
-18.753504,-85.668222,544.796096
-5.806542,-75.298196,539.665425
7.340549,-65.387398,536.545827
20.259609,-54.869043,535.669183
32.427947,-42.495968,536.660634
43.013042,-26.567564,538.714468
50.573044,-5.216218,540.895630
53.134251,21.092569,542.461395
49.722468,46.895974,543.098741
41.605528,67.352087,543.006329
30.734378,82.611935,542.799399
18.441708,94.600612,543.268445
5.492334,104.940219,545.068446
-7.621036,114.827533,548.442385
-23.594041,133.179024,554.344309
-35.376251,146.221792,559.349323
-45.286836,163.270912,563.371330
-51.739795,-174.065894,565.365510
-52.845781,-147.415525,564.699300
-48.169316,-122.782825,561.345713
-39.296526,-103.757818,555.910833
-28.042098,-89.454608,549.486026
-15.559885,-77.972291,543.361145
-2.521890,-67.818979,538.676978
10.609178,-57.857978,536.121402
23.397194,-47.006827,535.768055
35.266209,-33.925116,537.111398
45.259839,-16.792996,539.282394
51.755641,6.030114,541.365590
52.825808,32.864526,542.708637
48.052862,57.574942,543.125704
39.081185,76.582046,542.935145
27.757453,90.843089,542.822961
15.243906,102.288090,543.575425
2.212893,112.413086,545.766739
-10.876195,122.351561,549.507505
-26.655224,141.170458,555.623369
-38.078596,155.029597,560.492216
-47.301718,173.384396,564.093741
-52.575976,-162.585633,565.460619
-52.180220,-135.828605,564.099446
-46.264171,-112.487080,560.145962
-36.649811,-94.816531,554.347826
-25.004636,-81.386429,547.876907
-12.332481,-70.357629,542.018547
0.768461,-60.351519,537.824701
13.856998,-50.274188,535.837568
26.479114,-39.007900,535.974812
37.990766,-25.102218,537.614110
47.291014,-6.647215,539.843476
52.590935,17.559666,541.786902
52.139503,44.483544,542.895426
46.121353,67.871876,543.112806
36.413809,85.513220,542.868338
24.708507,98.901101,542.901639
12.014730,109.894890,543.974699
-1.070042,119.874573,546.564756
-14.108762,129.929917,550.643554
-29.648332,149.322788,556.896235
-40.647193,164.119409,561.554945
-49.071181,-176.125327,564.674085
-53.046615,-150.910302,565.382037
-51.160088,-124.484270,563.334470
-44.130153,-102.564217,558.828766
-33.879766,-86.140111,552.742190
-21.904893,-73.465620,546.307259
-9.078988,-62.805474,540.782579
4.058094,-52.879720,537.113528
17.076528,-42.617746,535.689256
29.493795,-30.846866,536.276913
40.580976,-15.993998,538.153502
49.073560,3.880794,540.385005
53.055165,29.284005,542.153509
51.095646,55.851277,543.024035
43.961733,77.791272,543.069452
33.625249,94.178956,542.818769
21.599711,106.812268,543.046751
8.761842,117.439738,544.471367
-4.350139,127.340693,547.458680
-17.311400,137.580730,551.838085
-32.560353,157.663364,558.144455
-43.058777,173.523431,562.520091
-50.561575,-165.265219,565.101059
-53.137518,-139.147554,565.127985
-49.812501,-113.454455,562.412921
-41.798251,-92.996655,557.410959
-31.005136,-77.696343,551.114647
-18.753504,-65.668222,544.796096
-5.806542,-55.298196,539.665425
7.340549,-45.387398,536.545827
20.259609,-34.869043,535.669183
32.427947,-22.495968,536.660634
43.013042,-6.567564,538.714468
50.573044,14.783782,540.895630
53.134251,41.092569,542.461395
49.722468,66.895974,543.098741
41.605528,87.352087,543.006329
30.734378,102.611935,542.799399
18.441708,114.600612,543.268445
5.492334,124.940219,545.068446
-7.621036,134.827533,548.442385
-20.476113,145.323423,553.076904
-35.376251,166.221792,559.349323
-45.286836,-176.729088,563.371330
-51.739795,-154.065894,565.365510
-52.845781,-127.415525,564.699300
-48.169316,-102.782825,561.345713
-39.296526,-83.757818,555.910833
-28.042098,-69.454608,549.486026
-15.559885,-57.972291,543.361145
-2.521890,-47.818979,538.676978
10.609178,-37.857978,536.121402
23.397194,-27.006827,535.768055
35.266209,-13.925116,537.111398
45.259839,3.207004,539.282394
51.755641,26.030114,541.365590
52.825808,52.864526,542.708637
48.052862,77.574942,543.125704
39.081185,96.582046,542.935145
27.757453,110.843089,542.822961
15.243906,122.288090,543.575425
2.212893,132.413086,545.766739
-10.876195,142.351561,549.507505
-23.594041,153.179024,554.344309
-38.078596,175.029597,560.492216
-47.301718,-166.615604,564.093741
-52.575976,-142.585633,565.460619
-52.180220,-115.828605,564.099446
-46.264171,-92.487080,560.145962
-36.649811,-74.816531,554.347826
-25.004636,-61.386429,547.876907
-12.332481,-50.357629,542.018547
0.768461,-40.351519,537.824701
13.856998,-30.274188,535.837568
26.479114,-19.007900,535.974812
37.990766,-5.102218,537.614110
47.291014,13.352785,539.843476
52.590935,37.559666,541.786902
52.139503,64.483544,542.895426
46.121353,87.871876,543.112806
36.413809,105.513220,542.868338
24.708507,118.901101,542.901639
12.014730,129.894890,543.974699
-1.070042,139.874573,546.564756
-14.108762,149.929917,550.643554
-26.655224,161.170458,555.623369
-40.647193,-175.880591,561.554945
-49.071181,-156.125327,564.674085
-53.046615,-130.910302,565.382037
-51.160088,-104.484270,563.334470
-44.130153,-82.564217,558.828766
-33.879766,-66.140111,552.742190
-21.904893,-53.465620,546.307259
-9.078988,-42.805474,540.782579
4.058094,-32.879720,537.113528
17.076528,-22.617746,535.689256
29.493795,-10.846866,536.276913
40.580976,4.006002,538.153502
49.073560,23.880794,540.385005
53.055165,49.284005,542.153509
51.095646,75.851277,543.024035
43.961733,97.791272,543.069452
33.625249,114.178956,542.818769
21.599711,126.812268,543.046751
8.761842,137.439738,544.471367
-4.350139,147.340693,547.458680
-17.311400,157.580730,551.838085
-29.648332,169.322788,556.896235
-43.058777,-166.476569,562.520091
-50.561575,-145.265219,565.101059
-53.137518,-119.147554,565.127985
-49.812501,-93.454455,562.412921
-41.798251,-72.996655,557.410959
-31.005136,-57.696343,551.114647
-18.753504,-45.668222,544.796096
-5.806542,-35.298196,539.665425
7.340549,-25.387398,536.545827
20.259609,-14.869043,535.669183
32.427947,-2.495968,536.660634
43.013042,13.432436,538.714468
50.573044,34.783782,540.895630
53.134251,61.092569,542.461395
49.722468,86.895974,543.098741
41.605528,107.352087,543.006329
30.734378,122.611935,542.799399
18.441708,134.600612,543.268445
5.492334,144.940219,545.068446
-7.621036,154.827533,548.442385
-20.476113,165.323423,553.076904
-32.560353,177.663364,558.144455
-45.286836,-156.729088,563.371330
-51.739795,-134.065894,565.365510
-52.845781,-107.415525,564.699300
-48.169316,-82.782825,561.345713
-39.296526,-63.757818,555.910833
-28.042098,-49.454608,549.486026
-15.559885,-37.972291,543.361145
-2.521890,-27.818979,538.676978
10.609178,-17.857978,536.121402
23.397194,-7.006827,535.768055
35.266209,6.074884,537.111398
45.259839,23.207004,539.282394
51.755641,46.030114,541.365590
52.825808,72.864526,542.708637
48.052862,97.574942,543.125704
39.081185,116.582046,542.935145
27.757453,130.843089,542.822961
15.243906,142.288090,543.575425
2.212893,152.413086,545.766739
-10.876195,162.351561,549.507505
-23.594041,173.179024,554.344309
-35.376251,-173.778208,559.349323
-47.301718,-146.615604,564.093741
-52.575976,-122.585633,565.460619
-52.180220,-95.828605,564.099446
-46.264171,-72.487080,560.145962
-36.649811,-54.816531,554.347826
-25.004636,-41.386429,547.876907
-12.332481,-30.357629,542.018547
0.768461,-20.351519,537.824701
13.856998,-10.274188,535.837568
26.479114,0.992100,535.974812
37.990766,14.897782,537.614110
47.291014,33.352785,539.843476
52.590935,57.559666,541.786902
52.139503,84.483544,542.895426
46.121353,107.871876,543.112806
36.413809,125.513220,542.868338
24.708507,138.901101,542.901639
12.014730,149.894890,543.974699
-1.070042,159.874573,546.564756
-14.108762,169.929917,550.643554
-26.655224,-178.829542,555.623369
-38.078596,-164.970403,560.492216
-49.071181,-136.125327,564.674085
-53.046615,-110.910302,565.382037
-51.160088,-84.484270,563.334470
-44.130153,-62.564217,558.828766
-33.879766,-46.140111,552.742190
-21.904893,-33.465620,546.307259
-9.078988,-22.805474,540.782579
4.058094,-12.879720,537.113528
17.076528,-2.617746,535.689256
29.493795,9.153134,536.276913
40.580976,24.006002,538.153502
49.073560,43.880794,540.385005
53.055165,69.284005,542.153509
51.095646,95.851277,543.024035
43.961733,117.791272,543.069452
33.625249,134.178956,542.818769
21.599711,146.812268,543.046751
8.761842,157.439738,544.471367
-4.350139,167.340693,547.458680
-17.311400,177.580730,551.838085
-29.648332,-170.677212,556.896235
-40.647193,-155.880591,561.554945
-50.561575,-125.265219,565.101059
-53.137518,-99.147554,565.127985
-49.812501,-73.454455,562.412921
-41.798251,-52.996655,557.410959
-31.005136,-37.696343,551.114647
-18.753504,-25.668222,544.796096
-5.806542,-15.298196,539.665425
7.340549,-5.387398,536.545827
20.259609,5.130957,535.669183
32.427947,17.504032,536.660634
43.013042,33.432436,538.714468
50.573044,54.783782,540.895630
53.134251,81.092569,542.461395
49.722468,106.895974,543.098741
41.605528,127.352087,543.006329
30.734378,142.611935,542.799399
18.441708,154.600612,543.268445
5.492334,164.940219,545.068446
-7.621036,174.827533,548.442385
-20.476113,-174.676577,553.076904
-32.560353,-162.336636,558.144455
-43.058777,-146.476569,562.520091
-51.739795,-114.065894,565.365510
-52.845781,-87.415525,564.699300
-48.169316,-62.782825,561.345713
-39.296526,-43.757818,555.910833
-28.042098,-29.454608,549.486026
-15.559885,-17.972291,543.361145
-2.521890,-7.818979,538.676978
10.609178,2.142022,536.121402
23.397194,12.993173,535.768055
35.266209,26.074884,537.111398
45.259839,43.207004,539.282394
51.755641,66.030114,541.365590
52.825808,92.864526,542.708637
48.052862,117.574942,543.125704
39.081185,136.582046,542.935145
27.757453,150.843089,542.822961
15.243906,162.288090,543.575425
2.212893,172.413086,545.766739
-10.876195,-177.648439,549.507505
-23.594041,-166.820976,554.344309
-35.376251,-153.778208,559.349323
-45.286836,-136.729088,563.371330
-52.575976,-102.585633,565.460619
-52.180220,-75.828605,564.099446
-46.264171,-52.487080,560.145962
-36.649811,-34.816531,554.347826
-25.004636,-21.386429,547.876907
-12.332481,-10.357629,542.018547
0.768461,-0.351519,537.824701
13.856998,9.725812,535.837568
26.479114,20.992100,535.974812
37.990766,34.897782,537.614110
47.291014,53.352785,539.843476
52.590935,77.559666,541.786902
52.139503,104.483544,542.895426
46.121353,127.871876,543.112806
36.413809,145.513220,542.868338
24.708507,158.901101,542.901639
12.014730,169.894890,543.974699
-1.070042,179.874573,546.564756
-14.108762,-170.070083,550.643554
-26.655224,-158.829542,555.623369
-38.078596,-144.970403,560.492216
-47.301718,-126.615604,564.093741
-53.046615,-90.910302,565.382037
-51.160088,-64.484270,563.334470
-44.130153,-42.564217,558.828766
-33.879766,-26.140111,552.742190
-21.904893,-13.465620,546.307259
-9.078988,-2.805474,540.782579
4.058094,7.120280,537.113528
17.076528,17.382254,535.689256
29.493795,29.153134,536.276913
40.580976,44.006002,538.153502
49.073560,63.880794,540.385005
53.055165,89.284005,542.153509
51.095646,115.851277,543.024035
43.961733,137.791272,543.069452
33.625249,154.178956,542.818769
21.599711,166.812268,543.046751
8.761842,177.439738,544.471367
-4.350139,-172.659307,547.458680
-17.311400,-162.419270,551.838085
-29.648332,-150.677212,556.896235
-40.647193,-135.880591,561.554945
-49.071181,-116.125327,564.674085
-53.137518,-79.147554,565.127985
-49.812501,-53.454455,562.412921
-41.798251,-32.996655,557.410959
-31.005136,-17.696343,551.114647
-18.753504,-5.668222,544.796096
-5.806542,4.701804,539.665425
7.340549,14.612602,536.545827
20.259609,25.130957,535.669183
32.427947,37.504032,536.660634
43.013042,53.432436,538.714468
50.573044,74.783782,540.895630
53.134251,101.092569,542.461395
49.722468,126.895974,543.098741
41.605528,147.352087,543.006329
30.734378,162.611935,542.799399
18.441708,174.600612,543.268445
5.492334,-175.059781,545.068446
-7.621036,-165.172467,548.442385
-20.476113,-154.676577,553.076904
-32.560353,-142.336636,558.144455
-43.058777,-126.476569,562.520091
-50.561575,-105.265219,565.101059
-52.845781,-67.415525,564.699300
-48.169316,-42.782825,561.345713
-39.296526,-23.757818,555.910833
-28.042098,-9.454608,549.486026
-15.559885,2.027709,543.361145
-2.521890,12.181021,538.676978
10.609178,22.142022,536.121402
23.397194,32.993173,535.768055
35.266209,46.074884,537.111398
45.259839,63.207004,539.282394
51.755641,86.030114,541.365590
52.825808,112.864526,542.708637
48.052862,137.574942,543.125704
39.081185,156.582046,542.935145
27.757453,170.843089,542.822961
15.243906,-177.711910,543.575425
2.212893,-167.586914,545.766739
-10.876195,-157.648439,549.507505
-23.594041,-146.820976,554.344309
-35.376251,-133.778208,559.349323
-45.286836,-116.729088,563.371330
-51.739795,-94.065894,565.365510
-52.180220,-55.828605,564.099446
-46.264171,-32.487080,560.145962
-36.649811,-14.816531,554.347826
-25.004636,-1.386429,547.876907
-12.332481,9.642371,542.018547
0.768461,19.648481,537.824701
13.856998,29.725812,535.837568
26.479114,40.992100,535.974812
37.990766,54.897782,537.614110
47.291014,73.352785,539.843476
52.590935,97.559666,541.786902
52.139503,124.483544,542.895426
46.121353,147.871876,543.112806
36.413809,165.513220,542.868338
24.708507,178.901101,542.901639
12.014730,-170.105110,543.974699
-1.070042,-160.125427,546.564756
-14.108762,-150.070083,550.643554
-26.655224,-138.829542,555.623369
-38.078596,-124.970403,560.492216
-47.301718,-106.615604,564.093741
-52.575976,-82.585633,565.460619
-51.160088,-44.484270,563.334470
-44.130153,-22.564217,558.828766
-33.879766,-6.140111,552.742190
-21.904893,6.534380,546.307259
-9.078988,17.194526,540.782579
4.058094,27.120280,537.113528
17.076528,37.382254,535.689256
29.493795,49.153134,536.276913
40.580976,64.006002,538.153502
49.073560,83.880794,540.385005
53.055165,109.284005,542.153509
51.095646,135.851277,543.024035
43.961733,157.791272,543.069452
33.625249,174.178956,542.818769
21.599711,-173.187732,543.046751
8.761842,-162.560262,544.471367
-4.350139,-152.659307,547.458680
-17.311400,-142.419270,551.838085
-29.648332,-130.677212,556.896235
-40.647193,-115.880591,561.554945
-49.071181,-96.125327,564.674085
-53.046615,-70.910302,565.382037
-49.812501,-33.454455,562.412921
-41.798251,-12.996655,557.410959
-31.005136,2.303657,551.114647
-18.753504,14.331778,544.796096
-5.806542,24.701804,539.665425
7.340549,34.612602,536.545827
20.259609,45.130957,535.669183
32.427947,57.504032,536.660634
43.013042,73.432436,538.714468
50.573044,94.783782,540.895630
53.134251,121.092569,542.461395
49.722468,146.895974,543.098741
41.605528,167.352087,543.006329
30.734378,-177.388065,542.799399
18.441708,-165.399388,543.268445
5.492334,-155.059781,545.068446
-7.621036,-145.172467,548.442385
-20.476113,-134.676577,553.076904
-32.560353,-122.336636,558.144455
-43.058777,-106.476569,562.520091
-50.561575,-85.265219,565.101059
-53.137518,-59.147554,565.127985
-48.169316,-22.782825,561.345713
-39.296526,-3.757818,555.910833
-28.042098,10.545392,549.486026
-15.559885,22.027709,543.361145
-2.521890,32.181021,538.676978
10.609178,42.142022,536.121402
23.397194,52.993173,535.768055
35.266209,66.074884,537.111398
45.259839,83.207004,539.282394
51.755641,106.030114,541.365590
52.825808,132.864526,542.708637
48.052862,157.574942,543.125704
39.081185,176.582046,542.935145
27.757453,-169.156911,542.822961
15.243906,-157.711910,543.575425
2.212893,-147.586914,545.766739
-10.876195,-137.648439,549.507505
-23.594041,-126.820976,554.344309
-35.376251,-113.778208,559.349323
-45.286836,-96.729088,563.371330
-51.739795,-74.065894,565.365510
-52.845781,-47.415525,564.699300
-46.264171,-12.487080,560.145962
-36.649811,5.183469,554.347826
-25.004636,18.613571,547.876907
-12.332481,29.642371,542.018547
0.768461,39.648481,537.824701
13.856998,49.725812,535.837568
26.479114,60.992100,535.974812
37.990766,74.897782,537.614110
47.291014,93.352785,539.843476
52.590935,117.559666,541.786902
52.139503,144.483544,542.895426
46.121353,167.871876,543.112806
36.413809,-174.486780,542.868338
24.708507,-161.098899,542.901639
12.014730,-150.105110,543.974699
-1.070042,-140.125427,546.564756
-14.108762,-130.070083,550.643554
-26.655224,-118.829542,555.623369
-38.078596,-104.970403,560.492216
-47.301718,-86.615604,564.093741
-52.575976,-62.585633,565.460619
-52.180220,-35.828605,564.099446
-44.130153,-2.564217,558.828766
-33.879766,13.859889,552.742190
-21.904893,26.534380,546.307259
-9.078988,37.194526,540.782579
4.058094,47.120280,537.113528
17.076528,57.382254,535.689256
29.493795,69.153134,536.276913
40.580976,84.006002,538.153502
49.073560,103.880794,540.385005
53.055165,129.284005,542.153509
51.095646,155.851277,543.024035
43.961733,177.791272,543.069452
33.625249,-165.821044,542.818769
21.599711,-153.187732,543.046751
8.761842,-142.560262,544.471367
-4.350139,-132.659307,547.458680
-17.311400,-122.419270,551.838085
-29.648332,-110.677212,556.896235
-40.647193,-95.880591,561.554945
-49.071181,-76.125327,564.674085
-53.046615,-50.910302,565.382037
-51.160088,-24.484270,563.334470
-41.798251,7.003345,557.410959
-31.005136,22.303657,551.114647
-18.753504,34.331778,544.796096
-5.806542,44.701804,539.665425
7.340549,54.612602,536.545827
20.259609,65.130957,535.669183
32.427947,77.504032,536.660634
43.013042,93.432436,538.714468
50.573044,114.783782,540.895630
53.134251,141.092569,542.461395
49.722468,166.895974,543.098741
41.605528,-172.647913,543.006329
30.734378,-157.388065,542.799399
18.441708,-145.399388,543.268445
5.492334,-135.059781,545.068446
-7.621036,-125.172467,548.442385
-20.476113,-114.676577,553.076904
-32.560353,-102.336636,558.144455
-43.058777,-86.476569,562.520091
-50.561575,-65.265219,565.101059
-53.137518,-39.147554,565.127985
-49.812501,-13.454455,562.412921
-39.296526,16.242182,555.910833
-28.042098,30.545392,549.486026
-15.559885,42.027709,543.361145
-2.521890,52.181021,538.676978
10.609178,62.142022,536.121402
23.397194,72.993173,535.768055
35.266209,86.074884,537.111398
45.259839,103.207004,539.282394
51.755641,126.030114,541.365590
52.825808,152.864526,542.708637
48.052862,177.574942,543.125704
39.081185,-163.417954,542.935145
27.757453,-149.156911,542.822961
15.243906,-137.711910,543.575425
2.212893,-127.586914,545.766739
-10.876195,-117.648439,549.507505
-23.594041,-106.820976,554.344309
-35.376251,-93.778208,559.349323
-45.286836,-76.729088,563.371330
-51.739795,-54.065894,565.365510
-52.845781,-27.415525,564.699300
-48.169316,-2.782825,561.345713
-36.649811,25.183469,554.347826
-25.004636,38.613571,547.876907
-12.332481,49.642371,542.018547
0.768461,59.648481,537.824701
13.856998,69.725812,535.837568
26.479114,80.992100,535.974812
37.990766,94.897782,537.614110
47.291014,113.352785,539.843476
52.590935,137.559666,541.786902
52.139503,164.483544,542.895426
46.121353,-172.128124,543.112806
36.413809,-154.486780,542.868338
24.708507,-141.098899,542.901639
12.014730,-130.105110,543.974699
-1.070042,-120.125427,546.564756
-14.108762,-110.070083,550.643554
-26.655224,-98.829542,555.623369
-38.078596,-84.970403,560.492216
-47.301718,-66.615604,564.093741
-52.575976,-42.585633,565.460619
-52.180220,-15.828605,564.099446
-46.264171,7.512920,560.145962
-33.879766,33.859889,552.742190
-21.904893,46.534380,546.307259
-9.078988,57.194526,540.782579
4.058094,67.120280,537.113528
17.076528,77.382254,535.689256
29.493795,89.153134,536.276913
40.580976,104.006002,538.153502
49.073560,123.880794,540.385005
53.055165,149.284005,542.153509
51.095646,175.851277,543.024035
43.961733,-162.208728,543.069452
33.625249,-145.821044,542.818769
21.599711,-133.187732,543.046751
8.761842,-122.560262,544.471367
-4.350139,-112.659307,547.458680
-17.311400,-102.419270,551.838085
-29.648332,-90.677212,556.896235
-40.647193,-75.880591,561.554945
-49.071181,-56.125327,564.674085
-53.046615,-30.910302,565.382037
-51.160088,-4.484270,563.334470
-44.130153,17.435783,558.828766
-31.005136,42.303657,551.114647
-18.753504,54.331778,544.796096
-5.806542,64.701804,539.665425
7.340549,74.612602,536.545827
20.259609,85.130957,535.669183
32.427947,97.504032,536.660634
43.013042,113.432436,538.714468
50.573044,134.783782,540.895630
53.134251,161.092569,542.461395
49.722468,-173.104026,543.098741
41.605528,-152.647913,543.006329
30.734378,-137.388065,542.799399
18.441708,-125.399388,543.268445
5.492334,-115.059781,545.068446
-7.621036,-105.172467,548.442385
-20.476113,-94.676577,553.076904
-32.560353,-82.336636,558.144455
-43.058777,-66.476569,562.520091
-50.561575,-45.265219,565.101059
-53.137518,-19.147554,565.127985
-49.812501,6.545545,562.412921
-41.798251,27.003345,557.410959
-28.042098,50.545392,549.486026
-15.559885,62.027709,543.361145
-2.521890,72.181021,538.676978
10.609178,82.142022,536.121402
23.397194,92.993173,535.768055
35.266209,106.074884,537.111398
45.259839,123.207004,539.282394
51.755641,146.030114,541.365590
52.825808,172.864526,542.708637
48.052862,-162.425058,543.125704
39.081185,-143.417954,542.935145
27.757453,-129.156911,542.822961
15.243906,-117.711910,543.575425
2.212893,-107.586914,545.766739
-10.876195,-97.648439,549.507505
-23.594041,-86.820976,554.344309
-35.376251,-73.778208,559.349323
-45.286836,-56.729088,563.371330
-51.739795,-34.065894,565.365510
-52.845781,-7.415525,564.699300
-48.169316,17.217175,561.345713
-39.296526,36.242182,555.910833
-25.004636,58.613571,547.876907
-12.332481,69.642371,542.018547
0.768461,79.648481,537.824701
13.856998,89.725812,535.837568
26.479114,100.992100,535.974812
37.990766,114.897782,537.614110
47.291014,133.352785,539.843476
52.590935,157.559666,541.786902
52.139503,-175.516456,542.895426
46.121353,-152.128124,543.112806
36.413809,-134.486780,542.868338
24.708507,-121.098899,542.901639
12.014730,-110.105110,543.974699
-1.070042,-100.125427,546.564756
-14.108762,-90.070083,550.643554
-26.655224,-78.829542,555.623369
-38.078596,-64.970403,560.492216
-47.301718,-46.615604,564.093741
-52.575976,-22.585633,565.460619
-52.180220,4.171395,564.099446
-46.264171,27.512920,560.145962
-36.649811,45.183469,554.347826
-21.904893,66.534380,546.307259
-9.078988,77.194526,540.782579
4.058094,87.120280,537.113528
17.076528,97.382254,535.689256
29.493795,109.153134,536.276913
40.580976,124.006002,538.153502
49.073560,143.880794,540.385005
53.055165,169.284005,542.153509
51.095646,-164.148723,543.024035
43.961733,-142.208728,543.069452
33.625249,-125.821044,542.818769
21.599711,-113.187732,543.046751
8.761842,-102.560262,544.471367
-4.350139,-92.659307,547.458680
-17.311400,-82.419270,551.838085
-29.648332,-70.677212,556.896235
-40.647193,-55.880591,561.554945
-49.071181,-36.125327,564.674085
-53.046615,-10.910302,565.382037
-51.160088,15.515730,563.334470
-44.130153,37.435783,558.828766
-33.879766,53.859889,552.742190
-18.753504,74.331778,544.796096
-5.806542,84.701804,539.665425
7.340549,94.612602,536.545827
20.259609,105.130957,535.669183
32.427947,117.504032,536.660634
43.013042,133.432436,538.714468
50.573044,154.783782,540.895630
53.134251,-178.907431,542.461395
49.722468,-153.104026,543.098741
41.605528,-132.647913,543.006329
30.734378,-117.388065,542.799399
18.441708,-105.399388,543.268445
5.492334,-95.059781,545.068446
-7.621036,-85.172467,548.442385
-20.476113,-74.676577,553.076904
-32.560353,-62.336636,558.144455
-43.058777,-46.476569,562.520091
-50.561575,-25.265219,565.101059
-53.137518,0.852446,565.127985
-49.812501,26.545545,562.412921
-41.798251,47.003345,557.410959
-31.005136,62.303657,551.114647
-15.559885,82.027709,543.361145
-2.521890,92.181021,538.676978
10.609178,102.142022,536.121402
23.397194,112.993173,535.768055
35.266209,126.074884,537.111398
45.259839,143.207004,539.282394
51.755641,166.030114,541.365590
52.825808,-167.135474,542.708637
48.052862,-142.425058,543.125704
39.081185,-123.417954,542.935145
27.757453,-109.156911,542.822961
15.243906,-97.711910,543.575425
2.212893,-87.586914,545.766739
-10.876195,-77.648439,549.507505
-23.594041,-66.820976,554.344309
-35.376251,-53.778208,559.349323
-45.286836,-36.729088,563.371330
-51.739795,-14.065894,565.365510
-52.845781,12.584475,564.699300
-48.169316,37.217175,561.345713
-39.296526,56.242182,555.910833
-28.042098,70.545392,549.486026
-12.332481,89.642371,542.018547
0.768461,99.648481,537.824701
13.856998,109.725812,535.837568
26.479114,120.992100,535.974812
37.990766,134.897782,537.614110
47.291014,153.352785,539.843476
52.590935,177.559666,541.786902
52.139503,-155.516456,542.895426
46.121353,-132.128124,543.112806
36.413809,-114.486780,542.868338
24.708507,-101.098899,542.901639
12.014730,-90.105110,543.974699
-1.070042,-80.125427,546.564756
-14.108762,-70.070083,550.643554
-26.655224,-58.829542,555.623369
-38.078596,-44.970403,560.492216
-47.301718,-26.615604,564.093741
-52.575976,-2.585633,565.460619
-52.180220,24.171395,564.099446
-46.264171,47.512920,560.145962
-36.649811,65.183469,554.347826
-25.004636,78.613571,547.876907
-9.078988,97.194526,540.782579
4.058094,107.120280,537.113528
17.076528,117.382254,535.689256
29.493795,129.153134,536.276913
40.580976,144.006002,538.153502
49.073560,163.880794,540.385005
53.055165,-170.715995,542.153509
51.095646,-144.148723,543.024035
43.961733,-122.208728,543.069452
33.625249,-105.821044,542.818769
21.599711,-93.187732,543.046751
8.761842,-82.560262,544.471367
-4.350139,-72.659307,547.458680
-17.311400,-62.419270,551.838085
-29.648332,-50.677212,556.896235
-40.647193,-35.880591,561.554945
-49.071181,-16.125327,564.674085
-53.046615,9.089698,565.382037
-51.160088,35.515730,563.334470
-44.130153,57.435783,558.828766
-33.879766,73.859889,552.742190
-21.904893,86.534380,546.307259
-5.806542,104.701804,539.665425
7.340549,114.612602,536.545827
20.259609,125.130957,535.669183
32.427947,137.504032,536.660634
43.013042,153.432436,538.714468
50.573044,174.783782,540.895630
53.134251,-158.907431,542.461395
49.722468,-133.104026,543.098741
41.605528,-112.647913,543.006329
30.734378,-97.388065,542.799399
18.441708,-85.399388,543.268445
5.492334,-75.059781,545.068446
-7.621036,-65.172467,548.442385
-20.476113,-54.676577,553.076904
-32.560353,-42.336636,558.144455
-43.058777,-26.476569,562.520091
-50.561575,-5.265219,565.101059
-53.137518,20.852446,565.127985
-49.812501,46.545545,562.412921
-41.798251,67.003345,557.410959
-31.005136,82.303657,551.114647
-18.753504,94.331778,544.796096
-2.521890,112.181021,538.676978
10.609178,122.142022,536.121402
23.397194,132.993173,535.768055
35.266209,146.074884,537.111398
45.259839,163.207004,539.282394
51.755641,-173.969886,541.365590
52.825808,-147.135474,542.708637
48.052862,-122.425058,543.125704
39.081185,-103.417954,542.935145
27.757453,-89.156911,542.822961
15.243906,-77.711910,543.575425
2.212893,-67.586914,545.766739
-10.876195,-57.648439,549.507505
-23.594041,-46.820976,554.344309
-35.376251,-33.778208,559.349323
-45.286836,-16.729088,563.371330
-51.739795,5.934106,565.365510
-52.845781,32.584475,564.699300
-48.169316,57.217175,561.345713
-39.296526,76.242182,555.910833
-28.042098,90.545392,549.486026
-15.559885,102.027709,543.361145
0.768461,119.648481,537.824701
13.856998,129.725812,535.837568
26.479114,140.992100,535.974812
37.990766,154.897782,537.614110
47.291014,173.352785,539.843476
52.590935,-162.440334,541.786902
52.139503,-135.516456,542.895426
46.121353,-112.128124,543.112806
36.413809,-94.486780,542.868338
24.708507,-81.098899,542.901639
12.014730,-70.105110,543.974699
-1.070042,-60.125427,546.564756
-14.108762,-50.070083,550.643554
-26.655224,-38.829542,555.623369
-38.078596,-24.970403,560.492216
-47.301718,-6.615604,564.093741
-52.575976,17.414367,565.460619
-52.180220,44.171395,564.099446
-46.264171,67.512920,560.145962
-36.649811,85.183469,554.347826
-25.004636,98.613571,547.876907
-12.332481,109.642371,542.018547
4.058094,127.120280,537.113528
17.076528,137.382254,535.689256
29.493795,149.153134,536.276913
40.580976,164.006002,538.153502
49.073560,-176.119206,540.385005
53.055165,-150.715995,542.153509
51.095646,-124.148723,543.024035
43.961733,-102.208728,543.069452
33.625249,-85.821044,542.818769
21.599711,-73.187732,543.046751
8.761842,-62.560262,544.471367
-4.350139,-52.659307,547.458680
-17.311400,-42.419270,551.838085
-29.648332,-30.677212,556.896235
-40.647193,-15.880591,561.554945
-49.071181,3.874673,564.674085
-53.046615,29.089698,565.382037
-51.160088,55.515730,563.334470
-44.130153,77.435783,558.828766
-33.879766,93.859889,552.742190
-21.904893,106.534380,546.307259
-9.078988,117.194526,540.782579
7.340549,134.612602,536.545827
20.259609,145.130957,535.669183
32.427947,157.504032,536.660634
43.013042,173.432436,538.714468
50.573044,-165.216218,540.895630
53.134251,-138.907431,542.461395
49.722468,-113.104026,543.098741
41.605528,-92.647913,543.006329
30.734378,-77.388065,542.799399
18.441708,-65.399388,543.268445
5.492334,-55.059781,545.068446
-7.621036,-45.172467,548.442385
-20.476113,-34.676577,553.076904
-32.560353,-22.336636,558.144455
-43.058777,-6.476569,562.520091
-50.561575,14.734781,565.101059
-53.137518,40.852446,565.127985
-49.812501,66.545545,562.412921
-41.798251,87.003345,557.410959
-31.005136,102.303657,551.114647
-18.753504,114.331778,544.796096
-5.806542,124.701804,539.665425
10.609178,142.142022,536.121402
23.397194,152.993173,535.768055
35.266209,166.074884,537.111398
45.259839,-176.792996,539.282394
51.755641,-153.969886,541.365590
52.825808,-127.135474,542.708637
48.052862,-102.425058,543.125704
39.081185,-83.417954,542.935145
27.757453,-69.156911,542.822961
15.243906,-57.711910,543.575425
2.212893,-47.586914,545.766739
-10.876195,-37.648439,549.507505
-23.594041,-26.820976,554.344309
-35.376251,-13.778208,559.349323
-45.286836,3.270912,563.371330
-51.739795,25.934106,565.365510
-52.845781,52.584475,564.699300
-48.169316,77.217175,561.345713
-39.296526,96.242182,555.910833
-28.042098,110.545392,549.486026
-15.559885,122.027709,543.361145
-2.521890,132.181021,538.676978
13.856998,149.725812,535.837568
26.479114,160.992100,535.974812
37.990766,174.897782,537.614110
47.291014,-166.647215,539.843476
52.590935,-142.440334,541.786902
52.139503,-115.516456,542.895426
46.121353,-92.128124,543.112806
36.413809,-74.486780,542.868338
24.708507,-61.098899,542.901639
12.014730,-50.105110,543.974699
-1.070042,-40.125427,546.564756
-14.108762,-30.070083,550.643554
-26.655224,-18.829542,555.623369
-38.078596,-4.970403,560.492216
-47.301718,13.384396,564.093741
-52.575976,37.414367,565.460619
-52.180220,64.171395,564.099446
-46.264171,87.512920,560.145962
-36.649811,105.183469,554.347826
-25.004636,118.613571,547.876907
-12.332481,129.642371,542.018547
0.768461,139.648481,537.824701
17.076528,157.382254,535.689256
29.493795,169.153134,536.276913
40.580976,-175.993998,538.153502
49.073560,-156.119206,540.385005
53.055165,-130.715995,542.153509
51.095646,-104.148723,543.024035
43.961733,-82.208728,543.069452
33.625249,-65.821044,542.818769
21.599711,-53.187732,543.046751
8.761842,-42.560262,544.471367
-4.350139,-32.659307,547.458680
-17.311400,-22.419270,551.838085
-29.648332,-10.677212,556.896235
-40.647193,4.119409,561.554945
-49.071181,23.874673,564.674085
-53.046615,49.089698,565.382037
-51.160088,75.515730,563.334470
-44.130153,97.435783,558.828766
-33.879766,113.859889,552.742190
-21.904893,126.534380,546.307259
-9.078988,137.194526,540.782579
4.058094,147.120280,537.113528
20.259609,165.130957,535.669183
32.427947,177.504032,536.660634
43.013042,-166.567564,538.714468
50.573044,-145.216218,540.895630
53.134251,-118.907431,542.461395
49.722468,-93.104026,543.098741
41.605528,-72.647913,543.006329
30.734378,-57.388065,542.799399
18.441708,-45.399388,543.268445
5.492334,-35.059781,545.068446
-7.621036,-25.172467,548.442385
-20.476113,-14.676577,553.076904
-32.560353,-2.336636,558.144455
-43.058777,13.523431,562.520091
-50.561575,34.734781,565.101059
-53.137518,60.852446,565.127985
-49.812501,86.545545,562.412921
-41.798251,107.003345,557.410959
-31.005136,122.303657,551.114647
-18.753504,134.331778,544.796096
-5.806542,144.701804,539.665425
7.340549,154.612602,536.545827
23.397194,172.993173,535.768055
35.266209,-173.925116,537.111398
45.259839,-156.792996,539.282394
51.755641,-133.969886,541.365590
52.825808,-107.135474,542.708637
48.052862,-82.425058,543.125704
39.081185,-63.417954,542.935145
27.757453,-49.156911,542.822961
15.243906,-37.711910,543.575425
2.212893,-27.586914,545.766739
-10.876195,-17.648439,549.507505
-23.594041,-6.820976,554.344309
-35.376251,6.221792,559.349323
-45.286836,23.270912,563.371330
-51.739795,45.934106,565.365510
-52.845781,72.584475,564.699300
-48.169316,97.217175,561.345713
-39.296526,116.242182,555.910833
-28.042098,130.545392,549.486026
-15.559885,142.027709,543.361145
-2.521890,152.181021,538.676978
10.609178,162.142022,536.121402
26.479114,-179.007900,535.974812
37.990766,-165.102218,537.614110
47.291014,-146.647215,539.843476
52.590935,-122.440334,541.786902
52.139503,-95.516456,542.895426
46.121353,-72.128124,543.112806
36.413809,-54.486780,542.868338
24.708507,-41.098899,542.901639
12.014730,-30.105110,543.974699
-1.070042,-20.125427,546.564756
-14.108762,-10.070083,550.643554
-26.655224,1.170458,555.623369
-38.078596,15.029597,560.492216
-47.301718,33.384396,564.093741
-52.575976,57.414367,565.460619
-52.180220,84.171395,564.099446
-46.264171,107.512920,560.145962
-36.649811,125.183469,554.347826
-25.004636,138.613571,547.876907
-12.332481,149.642371,542.018547
0.768461,159.648481,537.824701
13.856998,169.725812,535.837568
29.493795,-170.846866,536.276913
40.580976,-155.993998,538.153502
49.073560,-136.119206,540.385005
53.055165,-110.715995,542.153509
51.095646,-84.148723,543.024035
43.961733,-62.208728,543.069452
33.625249,-45.821044,542.818769
21.599711,-33.187732,543.046751
8.761842,-22.560262,544.471367
-4.350139,-12.659307,547.458680
-17.311400,-2.419270,551.838085
-29.648332,9.322788,556.896235
-40.647193,24.119409,561.554945
-49.071181,43.874673,564.674085
-53.046615,69.089698,565.382037
-51.160088,95.515730,563.334470
-44.130153,117.435783,558.828766
-33.879766,133.859889,552.742190
-21.904893,146.534380,546.307259
-9.078988,157.194526,540.782579
4.058094,167.120280,537.113528
17.076528,177.382254,535.689256
32.427947,-162.495968,536.660634
43.013042,-146.567564,538.714468
50.573044,-125.216218,540.895630
53.134251,-98.907431,542.461395
49.722468,-73.104026,543.098741
41.605528,-52.647913,543.006329
30.734378,-37.388065,542.799399
18.441708,-25.399388,543.268445
5.492334,-15.059781,545.068446
-7.621036,-5.172467,548.442385
-20.476113,5.323423,553.076904
-32.560353,17.663364,558.144455
-43.058777,33.523431,562.520091
-50.561575,54.734781,565.101059
-53.137518,80.852446,565.127985
-49.812501,106.545545,562.412921
-41.798251,127.003345,557.410959
-31.005136,142.303657,551.114647
-18.753504,154.331778,544.796096
-5.806542,164.701804,539.665425
7.340549,174.612602,536.545827
20.259609,-174.869043,535.669183
35.266209,-153.925116,537.111398
45.259839,-136.792996,539.282394
51.755641,-113.969886,541.365590
52.825808,-87.135474,542.708637
48.052862,-62.425058,543.125704
39.081185,-43.417954,542.935145
27.757453,-29.156911,542.822961
15.243906,-17.711910,543.575425
2.212893,-7.586914,545.766739
-10.876195,2.351561,549.507505
-23.594041,13.179024,554.344309
-35.376251,26.221792,559.349323
-45.286836,43.270912,563.371330
-51.739795,65.934106,565.365510
-52.845781,92.584475,564.699300
-48.169316,117.217175,561.345713
-39.296526,136.242182,555.910833
-28.042098,150.545392,549.486026
-15.559885,162.027709,543.361145
-2.521890,172.181021,538.676978
10.609178,-177.857978,536.121402
23.397194,-167.006827,535.768055
37.990766,-145.102218,537.614110
47.291014,-126.647215,539.843476
52.590935,-102.440334,541.786902
52.139503,-75.516456,542.895426
46.121353,-52.128124,543.112806
36.413809,-34.486780,542.868338
24.708507,-21.098899,542.901639
12.014730,-10.105110,543.974699
-1.070042,-0.125427,546.564756
-14.108762,9.929917,550.643554
-26.655224,21.170458,555.623369
-38.078596,35.029597,560.492216
-47.301718,53.384396,564.093741
-52.575976,77.414367,565.460619
-52.180220,104.171395,564.099446
-46.264171,127.512920,560.145962
-36.649811,145.183469,554.347826
-25.004636,158.613571,547.876907
-12.332481,169.642371,542.018547
0.768461,179.648481,537.824701
13.856998,-170.274188,535.837568
26.479114,-159.007900,535.974812
40.580976,-135.993998,538.153502
49.073560,-116.119206,540.385005
53.055165,-90.715995,542.153509
51.095646,-64.148723,543.024035
43.961733,-42.208728,543.069452
33.625249,-25.821044,542.818769
21.599711,-13.187732,543.046751
8.761842,-2.560262,544.471367
-4.350139,7.340693,547.458680
-17.311400,17.580730,551.838085
-29.648332,29.322788,556.896235
-40.647193,44.119409,561.554945
-49.071181,63.874673,564.674085
-53.046615,89.089698,565.382037
-51.160088,115.515730,563.334470
-44.130153,137.435783,558.828766
-33.879766,153.859889,552.742190
-21.904893,166.534380,546.307259
-9.078988,177.194526,540.782579
4.058094,-172.879720,537.113528
17.076528,-162.617746,535.689256
29.493795,-150.846866,536.276913
