41.379346,-32.269795,542.999892
30.463197,-17.107452,542.799559
18.148314,-5.173008,543.293043
5.190196,5.143809,545.128594
-7.922011,15.033124,548.537337
-20.765773,25.556345,553.192836
-32.824327,37.956579,558.257673
-43.272377,53.921114,562.603607
-50.683795,75.267627,565.132383
-53.126579,101.451043,565.095741
-49.672820,127.058682,562.320428
-41.574230,147.382208,557.275787
-30.735336,162.585259,550.964197
-18.460598,174.558963,544.660330
-5.504018,-175.094003,539.568765
7.642688,-165.181309,536.500726
20.551030,-154.635541,535.673491
32.693979,-142.201703,536.699632
43.228454,-126.167589,538.766769
50.695874,-104.679189,540.940801
53.121965,-78.304870,542.486733
49.580371,-52.589916,543.103097
38.840811,-23.068773,542.928582
27.479074,-8.893430,542.827705
14.947279,2.506208,543.608269
1.910166,12.614953,545.836183
-11.175380,22.561432,549.609471
-23.878904,33.423483,554.462042
-35.630521,46.536663,559.457602
-45.482062,63.701545,563.443568
-51.831646,86.495739,565.381466
-52.799823,113.174305,564.651086
-48.004062,137.696027,561.240417
-39.058144,156.592256,555.769034
-27.764880,170.809829,549.336520
-15.263522,-177.753423,543.233247
-2.218570,-167.616548,538.592601
10.909696,-157.647610,536.089416
23.683927,-146.761719,535.782798
35.522540,-133.608976,537.155822
45.456681,-116.359609,539.334625
51.847636,-93.403769,541.406579
52.778090,-66.542336,542.728358
47.885162,-41.945862,543.126028
36.161392,-14.163476,542.862822
24.424124,-0.850027,542.912052
11.715605,10.106531,544.016344
-1.372772,20.076198,546.643242
-14.405502,30.145694,550.751464
-26.934306,41.428672,555.741291
-38.321421,55.369103,560.593855
-47.475692,73.849554,564.153405
-52.634976,97.997978,565.460701
-52.100613,124.742588,564.035712
-46.076446,147.956989,560.029175
-36.399194,165.507742,554.201238
-24.721190,178.863356,547.730217
-12.033400,-170.145291,541.899915
1.071982,-160.149360,537.753169
14.155229,-150.057903,535.818326
26.760153,-138.748940,535.998893
38.235617,-124.761164,537.662555
47.466340,-106.178807,539.894415
52.649576,-81.852150,541.823066
52.057816,-54.942737,542.909653
45.931226,-31.684202,543.109906
33.362649,-5.520555,542.815497
21.310365,7.048841,543.063823
8.460895,17.646566,544.522180
-4.652289,27.543551,547.545739
-17.604989,37.804146,551.950701
-29.920508,49.597183,557.012664
-40.876560,64.486570,561.648301
-49.220834,84.374550,564.720048
-53.071025,109.686133,565.365973
-51.049050,136.060498,563.255902
-43.922921,157.846173,558.701971
-33.618760,174.161375,552.592710
-21.616259,-173.228187,546.165185
-8.777867,-162.597999,540.674428
4.361225,-152.676350,537.055168
17.371751,-142.393795,535.682177
29.767992,-130.571593,536.309109
40.812288,-115.624950,538.204562
49.224229,-95.615580,540.433545
53.078706,-70.115158,542.184393
50.982310,-43.602237,543.033081
43.752199,-21.798842,543.064263
30.463197,2.892548,542.799559
18.148314,14.826992,543.293043
5.190196,25.143809,545.128594
-7.922011,35.033124,548.537337
-20.765773,45.556345,553.192836
-32.824327,57.956579,558.257673
-43.272377,73.921114,562.603607
-50.683795,95.267627,565.132383
-53.126579,121.451043,565.095741
-49.672820,147.058682,562.320428
-41.574230,167.382208,557.275787
-30.735336,-177.414741,550.964197
-18.460598,-165.441037,544.660330
-5.504018,-155.094003,539.568765
7.642688,-145.181309,536.500726
20.551030,-134.635541,535.673491
32.693979,-122.201703,536.699632
43.228454,-106.167589,538.766769
50.695874,-84.679189,540.940801
53.121965,-58.304870,542.486733
49.580371,-32.589916,543.103097
41.379346,-12.269795,542.999892
27.479074,11.106570,542.827705
14.947279,22.506208,543.608269
1.910166,32.614953,545.836183
-11.175380,42.561432,549.609471
-23.878904,53.423483,554.462042
-35.630521,66.536663,559.457602
-45.482062,83.701545,563.443568
-51.831646,106.495739,565.381466
-52.799823,133.174305,564.651086
-48.004062,157.696027,561.240417
-39.058144,176.592256,555.769034
-27.764880,-169.190171,549.336520
-15.263522,-157.753423,543.233247
-2.218570,-147.616548,538.592601
10.909696,-137.647610,536.089416
23.683927,-126.761719,535.782798
35.522540,-113.608976,537.155822
45.456681,-96.359609,539.334625
51.847636,-73.403769,541.406579
52.778090,-46.542336,542.728358
47.885162,-21.945862,543.126028
38.840811,-3.068773,542.928582
24.424124,19.149973,542.912052
11.715605,30.106531,544.016344
-1.372772,40.076198,546.643242
-14.405502,50.145694,550.751464
-26.934306,61.428672,555.741291
-38.321421,75.369103,560.593855
-47.475692,93.849554,564.153405
-52.634976,117.997978,565.460701
-52.100613,144.742588,564.035712
-46.076446,167.956989,560.029175
-36.399194,-174.492258,554.201238
-24.721190,-161.136644,547.730217
-12.033400,-150.145291,541.899915
1.071982,-140.149360,537.753169
14.155229,-130.057903,535.818326
26.760153,-118.748940,535.998893
38.235617,-104.761164,537.662555
47.466340,-86.178807,539.894415
52.649576,-61.852150,541.823066
52.057816,-34.942737,542.909653
45.931226,-11.684202,543.109906
36.161392,5.836524,542.862822
21.310365,27.048841,543.063823
8.460895,37.646566,544.522180
-4.652289,47.543551,547.545739
-17.604989,57.804146,551.950701
-29.920508,69.597183,557.012664
-40.876560,84.486570,561.648301
-49.220834,104.374550,564.720048
-53.071025,129.686133,565.365973
-51.049050,156.060498,563.255902
-43.922921,177.846173,558.701971
-33.618760,-165.838625,552.592710
-21.616259,-153.228187,546.165185
-8.777867,-142.597999,540.674428
4.361225,-132.676350,537.055168
17.371751,-122.393795,535.682177
29.767992,-110.571593,536.309109
40.812288,-95.624950,538.204562
49.224229,-75.615580,540.433545
53.078706,-50.115158,542.184393
50.982310,-23.602237,543.033081
43.752199,-1.798842,543.064263
33.362649,14.479445,542.815497
18.148314,34.826992,543.293043
5.190196,45.143809,545.128594
-7.922011,55.033124,548.537337
-20.765773,65.556345,553.192836
-32.824327,77.956579,558.257673
-43.272377,93.921114,562.603607
-50.683795,115.267627,565.132383
-53.126579,141.451043,565.095741
-49.672820,167.058682,562.320428
-41.574230,-172.617792,557.275787
-30.735336,-157.414741,550.964197
-18.460598,-145.441037,544.660330
-5.504018,-135.094003,539.568765
7.642688,-125.181309,536.500726
20.551030,-114.635541,535.673491
32.693979,-102.201703,536.699632
43.228454,-86.167589,538.766769
50.695874,-64.679189,540.940801
53.121965,-38.304870,542.486733
49.580371,-12.589916,543.103097
41.379346,7.730205,542.999892
30.463197,22.892548,542.799559
14.947279,42.506208,543.608269
1.910166,52.614953,545.836183
-11.175380,62.561432,549.609471
-23.878904,73.423483,554.462042
-35.630521,86.536663,559.457602
-45.482062,103.701545,563.443568
-51.831646,126.495739,565.381466
-52.799823,153.174305,564.651086
-48.004062,177.696027,561.240417
-39.058144,-163.407744,555.769034
-27.764880,-149.190171,549.336520
-15.263522,-137.753423,543.233247
-2.218570,-127.616548,538.592601
10.909696,-117.647610,536.089416
23.683927,-106.761719,535.782798
35.522540,-93.608976,537.155822
45.456681,-76.359609,539.334625
51.847636,-53.403769,541.406579
52.778090,-26.542336,542.728358
47.885162,-1.945862,543.126028
38.840811,16.931227,542.928582
27.479074,31.106570,542.827705
11.715605,50.106531,544.016344
-1.372772,60.076198,546.643242
-14.405502,70.145694,550.751464
-26.934306,81.428672,555.741291
-38.321421,95.369103,560.593855
-47.475692,113.849554,564.153405
-52.634976,137.997978,565.460701
-52.100613,164.742588,564.035712
-46.076446,-172.043011,560.029175
-36.399194,-154.492258,554.201238
-24.721190,-141.136644,547.730217
-12.033400,-130.145291,541.899915
1.071982,-120.149360,537.753169
14.155229,-110.057903,535.818326
26.760153,-98.748940,535.998893
38.235617,-84.761164,537.662555
47.466340,-66.178807,539.894415
52.649576,-41.852150,541.823066
52.057816,-14.942737,542.909653
45.931226,8.315798,543.109906
36.161392,25.836524,542.862822
24.424124,39.149973,542.912052
8.460895,57.646566,544.522180
-4.652289,67.543551,547.545739
-17.604989,77.804146,551.950701
-29.920508,89.597183,557.012664
-40.876560,104.486570,561.648301
-49.220834,124.374550,564.720048
-53.071025,149.686133,565.365973
-51.049050,176.060498,563.255902
-43.922921,-162.153827,558.701971
-33.618760,-145.838625,552.592710
-21.616259,-133.228187,546.165185
-8.777867,-122.597999,540.674428
4.361225,-112.676350,537.055168
17.371751,-102.393795,535.682177
29.767992,-90.571593,536.309109
40.812288,-75.624950,538.204562
49.224229,-55.615580,540.433545
53.078706,-30.115158,542.184393
50.982310,-3.602237,543.033081
43.752199,18.201158,543.064263
33.362649,34.479445,542.815497
21.310365,47.048841,543.063823
5.190196,65.143809,545.128594
-7.922011,75.033124,548.537337
-20.765773,85.556345,553.192836
-32.824327,97.956579,558.257673
-43.272377,113.921114,562.603607
-50.683795,135.267627,565.132383
-53.126579,161.451043,565.095741
-49.672820,-172.941318,562.320428
-41.574230,-152.617792,557.275787
-30.735336,-137.414741,550.964197
-18.460598,-125.441037,544.660330
-5.504018,-115.094003,539.568765
7.642688,-105.181309,536.500726
20.551030,-94.635541,535.673491
32.693979,-82.201703,536.699632
43.228454,-66.167589,538.766769
50.695874,-44.679189,540.940801
53.121965,-18.304870,542.486733
49.580371,7.410084,543.103097
41.379346,27.730205,542.999892
30.463197,42.892548,542.799559
18.148314,54.826992,543.293043
1.910166,72.614953,545.836183
-11.175380,82.561432,549.609471
-23.878904,93.423483,554.462042
-35.630521,106.536663,559.457602
-45.482062,123.701545,563.443568
-51.831646,146.495739,565.381466
-52.799823,173.174305,564.651086
-48.004062,-162.303973,561.240417
-39.058144,-143.407744,555.769034
-27.764880,-129.190171,549.336520
-15.263522,-117.753423,543.233247
-2.218570,-107.616548,538.592601
10.909696,-97.647610,536.089416
23.683927,-86.761719,535.782798
35.522540,-73.608976,537.155822
45.456681,-56.359609,539.334625
51.847636,-33.403769,541.406579
52.778090,-6.542336,542.728358
47.885162,18.054138,543.126028
38.840811,36.931227,542.928582
27.479074,51.106570,542.827705
14.947279,62.506208,543.608269
-1.372772,80.076198,546.643242
-14.405502,90.145694,550.751464
-26.934306,101.428672,555.741291
-38.321421,115.369103,560.593855
-47.475692,133.849554,564.153405
-52.634976,157.997978,565.460701
-52.100613,-175.257412,564.035712
-46.076446,-152.043011,560.029175
-36.399194,-134.492258,554.201238
-24.721190,-121.136644,547.730217
-12.033400,-110.145291,541.899915
1.071982,-100.149360,537.753169
14.155229,-90.057903,535.818326
26.760153,-78.748940,535.998893
38.235617,-64.761164,537.662555
47.466340,-46.178807,539.894415
52.649576,-21.852150,541.823066
52.057816,5.057263,542.909653
45.931226,28.315798,543.109906
36.161392,45.836524,542.862822
24.424124,59.149973,542.912052
11.715605,70.106531,544.016344
-4.652289,87.543551,547.545739
-17.604989,97.804146,551.950701
-29.920508,109.597183,557.012664
-40.876560,124.486570,561.648301
-49.220834,144.374550,564.720048
-53.071025,169.686133,565.365973
-51.049050,-163.939502,563.255902
-43.922921,-142.153827,558.701971
-33.618760,-125.838625,552.592710
-21.616259,-113.228187,546.165185
-8.777867,-102.597999,540.674428
4.361225,-92.676350,537.055168
17.371751,-82.393795,535.682177
29.767992,-70.571593,536.309109
40.812288,-55.624950,538.204562
49.224229,-35.615580,540.433545
53.078706,-10.115158,542.184393
50.982310,16.397763,543.033081
43.752199,38.201158,543.064263
33.362649,54.479445,542.815497
21.310365,67.048841,543.063823
8.460895,77.646566,544.522180
-7.922011,95.033124,548.537337
-20.765773,105.556345,553.192836
-32.824327,117.956579,558.257673
-43.272377,133.921114,562.603607
-50.683795,155.267627,565.132383
-53.126579,-178.548957,565.095741
-49.672820,-152.941318,562.320428
-41.574230,-132.617792,557.275787
-30.735336,-117.414741,550.964197
-18.460598,-105.441037,544.660330
-5.504018,-95.094003,539.568765
7.642688,-85.181309,536.500726
20.551030,-74.635541,535.673491
32.693979,-62.201703,536.699632
43.228454,-46.167589,538.766769
50.695874,-24.679189,540.940801
53.121965,1.695130,542.486733
49.580371,27.410084,543.103097
41.379346,47.730205,542.999892
30.463197,62.892548,542.799559
18.148314,74.826992,543.293043
5.190196,85.143809,545.128594
-11.175380,102.561432,549.609471
-23.878904,113.423483,554.462042
-35.630521,126.536663,559.457602
-45.482062,143.701545,563.443568
-51.831646,166.495739,565.381466
-52.799823,-166.825695,564.651086
-48.004062,-142.303973,561.240417
-39.058144,-123.407744,555.769034
-27.764880,-109.190171,549.336520
-15.263522,-97.753423,543.233247
-2.218570,-87.616548,538.592601
10.909696,-77.647610,536.089416
23.683927,-66.761719,535.782798
35.522540,-53.608976,537.155822
45.456681,-36.359609,539.334625
51.847636,-13.403769,541.406579
52.778090,13.457664,542.728358
47.885162,38.054138,543.126028
38.840811,56.931227,542.928582
27.479074,71.106570,542.827705
14.947279,82.506208,543.608269
1.910166,92.614953,545.836183
-14.405502,110.145694,550.751464
-26.934306,121.428672,555.741291
-38.321421,135.369103,560.593855
-47.475692,153.849554,564.153405
-52.634976,177.997978,565.460701
-52.100613,-155.257412,564.035712
-46.076446,-132.043011,560.029175
-36.399194,-114.492258,554.201238
-24.721190,-101.136644,547.730217
-12.033400,-90.145291,541.899915
1.071982,-80.149360,537.753169
14.155229,-70.057903,535.818326
26.760153,-58.748940,535.998893
38.235617,-44.761164,537.662555
47.466340,-26.178807,539.894415
52.649576,-1.852150,541.823066
52.057816,25.057263,542.909653
45.931226,48.315798,543.109906
36.161392,65.836524,542.862822
24.424124,79.149973,542.912052
11.715605,90.106531,544.016344
-1.372772,100.076198,546.643242
-17.604989,117.804146,551.950701
-29.920508,129.597183,557.012664
-40.876560,144.486570,561.648301
-49.220834,164.374550,564.720048
-53.071025,-170.313867,565.365973
-51.049050,-143.939502,563.255902
-43.922921,-122.153827,558.701971
-33.618760,-105.838625,552.592710
-21.616259,-93.228187,546.165185
-8.777867,-82.597999,540.674428
4.361225,-72.676350,537.055168
17.371751,-62.393795,535.682177
29.767992,-50.571593,536.309109
40.812288,-35.624950,538.204562
49.224229,-15.615580,540.433545
53.078706,9.884842,542.184393
50.982310,36.397763,543.033081
43.752199,58.201158,543.064263
33.362649,74.479445,542.815497
21.310365,87.048841,543.063823
8.460895,97.646566,544.522180
-4.652289,107.543551,547.545739
-20.765773,125.556345,553.192836
-32.824327,137.956579,558.257673
-43.272377,153.921114,562.603607
-50.683795,175.267627,565.132383
-53.126579,-158.548957,565.095741
-49.672820,-132.941318,562.320428
-41.574230,-112.617792,557.275787
-30.735336,-97.414741,550.964197
-18.460598,-85.441037,544.660330
-5.504018,-75.094003,539.568765
7.642688,-65.181309,536.500726
20.551030,-54.635541,535.673491
32.693979,-42.201703,536.699632
43.228454,-26.167589,538.766769
50.695874,-4.679189,540.940801
53.121965,21.695130,542.486733
49.580371,47.410084,543.103097
41.379346,67.730205,542.999892
30.463197,82.892548,542.799559
18.148314,94.826992,543.293043
5.190196,105.143809,545.128594
-7.922011,115.033124,548.537337
-23.878904,133.423483,554.462042
-35.630521,146.536663,559.457602
-45.482062,163.701545,563.443568
-51.831646,-173.504261,565.381466
-52.799823,-146.825695,564.651086
-48.004062,-122.303973,561.240417
-39.058144,-103.407744,555.769034
-27.764880,-89.190171,549.336520
-15.263522,-77.753423,543.233247
-2.218570,-67.616548,538.592601
10.909696,-57.647610,536.089416
23.683927,-46.761719,535.782798
35.522540,-33.608976,537.155822
45.456681,-16.359609,539.334625
51.847636,6.596231,541.406579
52.778090,33.457664,542.728358
47.885162,58.054138,543.126028
38.840811,76.931227,542.928582
27.479074,91.106570,542.827705
14.947279,102.506208,543.608269
1.910166,112.614953,545.836183
-11.175380,122.561432,549.609471
-26.934306,141.428672,555.741291
-38.321421,155.369103,560.593855
-47.475692,173.849554,564.153405
-52.634976,-162.002022,565.460701
-52.100613,-135.257412,564.035712
-46.076446,-112.043011,560.029175
-36.399194,-94.492258,554.201238
-24.721190,-81.136644,547.730217
-12.033400,-70.145291,541.899915
1.071982,-60.149360,537.753169
14.155229,-50.057903,535.818326
26.760153,-38.748940,535.998893
38.235617,-24.761164,537.662555
47.466340,-6.178807,539.894415
52.649576,18.147850,541.823066
52.057816,45.057263,542.909653
45.931226,68.315798,543.109906
36.161392,85.836524,542.862822
24.424124,99.149973,542.912052
11.715605,110.106531,544.016344
-1.372772,120.076198,546.643242
-14.405502,130.145694,550.751464
-29.920508,149.597183,557.012664
-40.876560,164.486570,561.648301
-49.220834,-175.625450,564.720048
-53.071025,-150.313867,565.365973
-51.049050,-123.939502,563.255902
-43.922921,-102.153827,558.701971
-33.618760,-85.838625,552.592710
-21.616259,-73.228187,546.165185
-8.777867,-62.597999,540.674428
4.361225,-52.676350,537.055168
17.371751,-42.393795,535.682177
29.767992,-30.571593,536.309109
40.812288,-15.624950,538.204562
49.224229,4.384420,540.433545
53.078706,29.884842,542.184393
50.982310,56.397763,543.033081
43.752199,78.201158,543.064263
33.362649,94.479445,542.815497
21.310365,107.048841,543.063823
8.460895,117.646566,544.522180
-4.652289,127.543551,547.545739
-17.604989,137.804146,551.950701
-32.824327,157.956579,558.257673
-43.272377,173.921114,562.603607
-50.683795,-164.732373,565.132383
-53.126579,-138.548957,565.095741
-49.672820,-112.941318,562.320428
-41.574230,-92.617792,557.275787
-30.735336,-77.414741,550.964197
-18.460598,-65.441037,544.660330
-5.504018,-55.094003,539.568765
7.642688,-45.181309,536.500726
20.551030,-34.635541,535.673491
32.693979,-22.201703,536.699632
43.228454,-6.167589,538.766769
50.695874,15.320811,540.940801
53.121965,41.695130,542.486733
49.580371,67.410084,543.103097
41.379346,87.730205,542.999892
30.463197,102.892548,542.799559
18.148314,114.826992,543.293043
5.190196,125.143809,545.128594
-7.922011,135.033124,548.537337
-20.765773,145.556345,553.192836
-35.630521,166.536663,559.457602
-45.482062,-176.298455,563.443568
-51.831646,-153.504261,565.381466
-52.799823,-126.825695,564.651086
-48.004062,-102.303973,561.240417
-39.058144,-83.407744,555.769034
-27.764880,-69.190171,549.336520
-15.263522,-57.753423,543.233247
-2.218570,-47.616548,538.592601
10.909696,-37.647610,536.089416
23.683927,-26.761719,535.782798
35.522540,-13.608976,537.155822
45.456681,3.640391,539.334625
51.847636,26.596231,541.406579
52.778090,53.457664,542.728358
47.885162,78.054138,543.126028
38.840811,96.931227,542.928582
27.479074,111.106570,542.827705
14.947279,122.506208,543.608269
1.910166,132.614953,545.836183
-11.175380,142.561432,549.609471
-23.878904,153.423483,554.462042
-38.321421,175.369103,560.593855
-47.475692,-166.150446,564.153405
-52.634976,-142.002022,565.460701
-52.100613,-115.257412,564.035712
-46.076446,-92.043011,560.029175
-36.399194,-74.492258,554.201238
-24.721190,-61.136644,547.730217
-12.033400,-50.145291,541.899915
1.071982,-40.149360,537.753169
14.155229,-30.057903,535.818326
26.760153,-18.748940,535.998893
38.235617,-4.761164,537.662555
47.466340,13.821193,539.894415
52.649576,38.147850,541.823066
52.057816,65.057263,542.909653
45.931226,88.315798,543.109906
36.161392,105.836524,542.862822
24.424124,119.149973,542.912052
11.715605,130.106531,544.016344
-1.372772,140.076198,546.643242
-14.405502,150.145694,550.751464
-26.934306,161.428672,555.741291
-40.876560,-175.513430,561.648301
-49.220834,-155.625450,564.720048
-53.071025,-130.313867,565.365973
-51.049050,-103.939502,563.255902
-43.922921,-82.153827,558.701971
-33.618760,-65.838625,552.592710
-21.616259,-53.228187,546.165185
-8.777867,-42.597999,540.674428
4.361225,-32.676350,537.055168
17.371751,-22.393795,535.682177
29.767992,-10.571593,536.309109
40.812288,4.375050,538.204562
49.224229,24.384420,540.433545
53.078706,49.884842,542.184393
50.982310,76.397763,543.033081
43.752199,98.201158,543.064263
33.362649,114.479445,542.815497
21.310365,127.048841,543.063823
8.460895,137.646566,544.522180
-4.652289,147.543551,547.545739
-17.604989,157.804146,551.950701
-29.920508,169.597183,557.012664
-43.272377,-166.078886,562.603607
-50.683795,-144.732373,565.132383
-53.126579,-118.548957,565.095741
-49.672820,-92.941318,562.320428
-41.574230,-72.617792,557.275787
-30.735336,-57.414741,550.964197
-18.460598,-45.441037,544.660330
-5.504018,-35.094003,539.568765
7.642688,-25.181309,536.500726
20.551030,-14.635541,535.673491
32.693979,-2.201703,536.699632
43.228454,13.832411,538.766769
50.695874,35.320811,540.940801
53.121965,61.695130,542.486733
49.580371,87.410084,543.103097
41.379346,107.730205,542.999892
30.463197,122.892548,542.799559
18.148314,134.826992,543.293043
5.190196,145.143809,545.128594
-7.922011,155.033124,548.537337
-20.765773,165.556345,553.192836
-32.824327,177.956579,558.257673
-45.482062,-156.298455,563.443568
-51.831646,-133.504261,565.381466
-52.799823,-106.825695,564.651086
-48.004062,-82.303973,561.240417
-39.058144,-63.407744,555.769034
-27.764880,-49.190171,549.336520
-15.263522,-37.753423,543.233247
-2.218570,-27.616548,538.592601
10.909696,-17.647610,536.089416
23.683927,-6.761719,535.782798
35.522540,6.391024,537.155822
45.456681,23.640391,539.334625
51.847636,46.596231,541.406579
52.778090,73.457664,542.728358
47.885162,98.054138,543.126028
38.840811,116.931227,542.928582
27.479074,131.106570,542.827705
14.947279,142.506208,543.608269
1.910166,152.614953,545.836183
-11.175380,162.561432,549.609471
-23.878904,173.423483,554.462042
-35.630521,-173.463337,559.457602
-47.475692,-146.150446,564.153405
-52.634976,-122.002022,565.460701
-52.100613,-95.257412,564.035712
-46.076446,-72.043011,560.029175
-36.399194,-54.492258,554.201238
-24.721190,-41.136644,547.730217
-12.033400,-30.145291,541.899915
1.071982,-20.149360,537.753169
14.155229,-10.057903,535.818326
26.760153,1.251060,535.998893
38.235617,15.238836,537.662555
47.466340,33.821193,539.894415
52.649576,58.147850,541.823066
52.057816,85.057263,542.909653
45.931226,108.315798,543.109906
36.161392,125.836524,542.862822
24.424124,139.149973,542.912052
11.715605,150.106531,544.016344
-1.372772,160.076198,546.643242
-14.405502,170.145694,550.751464
-26.934306,-178.571328,555.741291
-38.321421,-164.630897,560.593855
-49.220834,-135.625450,564.720048
-53.071025,-110.313867,565.365973
-51.049050,-83.939502,563.255902
-43.922921,-62.153827,558.701971
-33.618760,-45.838625,552.592710
-21.616259,-33.228187,546.165185
-8.777867,-22.597999,540.674428
4.361225,-12.676350,537.055168
17.371751,-2.393795,535.682177
29.767992,9.428407,536.309109
40.812288,24.375050,538.204562
49.224229,44.384420,540.433545
53.078706,69.884842,542.184393
50.982310,96.397763,543.033081
43.752199,118.201158,543.064263
33.362649,134.479445,542.815497
21.310365,147.048841,543.063823
8.460895,157.646566,544.522180
-4.652289,167.543551,547.545739
-17.604989,177.804146,551.950701
-29.920508,-170.402817,557.012664
-40.876560,-155.513430,561.648301
-50.683795,-124.732373,565.132383
-53.126579,-98.548957,565.095741
-49.672820,-72.941318,562.320428
-41.574230,-52.617792,557.275787
-30.735336,-37.414741,550.964197
-18.460598,-25.441037,544.660330
-5.504018,-15.094003,539.568765
7.642688,-5.181309,536.500726
20.551030,5.364459,535.673491
32.693979,17.798297,536.699632
43.228454,33.832411,538.766769
50.695874,55.320811,540.940801
53.121965,81.695130,542.486733
49.580371,107.410084,543.103097
41.379346,127.730205,542.999892
30.463197,142.892548,542.799559
18.148314,154.826992,543.293043
5.190196,165.143809,545.128594
-7.922011,175.033124,548.537337
-20.765773,-174.443655,553.192836
-32.824327,-162.043421,558.257673
-43.272377,-146.078886,562.603607
-51.831646,-113.504261,565.381466
-52.799823,-86.825695,564.651086
-48.004062,-62.303973,561.240417
-39.058144,-43.407744,555.769034
-27.764880,-29.190171,549.336520
-15.263522,-17.753423,543.233247
-2.218570,-7.616548,538.592601
10.909696,2.352390,536.089416
23.683927,13.238281,535.782798
35.522540,26.391024,537.155822
45.456681,43.640391,539.334625
51.847636,66.596231,541.406579
52.778090,93.457664,542.728358
47.885162,118.054138,543.126028
38.840811,136.931227,542.928582
27.479074,151.106570,542.827705
14.947279,162.506208,543.608269
1.910166,172.614953,545.836183
-11.175380,-177.438568,549.609471
-23.878904,-166.576517,554.462042
-35.630521,-153.463337,559.457602
-45.482062,-136.298455,563.443568
-52.634976,-102.002022,565.460701
-52.100613,-75.257412,564.035712
-46.076446,-52.043011,560.029175
-36.399194,-34.492258,554.201238
-24.721190,-21.136644,547.730217
-12.033400,-10.145291,541.899915
1.071982,-0.149360,537.753169
14.155229,9.942097,535.818326
26.760153,21.251060,535.998893
38.235617,35.238836,537.662555
47.466340,53.821193,539.894415
52.649576,78.147850,541.823066
52.057816,105.057263,542.909653
45.931226,128.315798,543.109906
36.161392,145.836524,542.862822
24.424124,159.149973,542.912052
11.715605,170.106531,544.016344
-1.372772,-179.923802,546.643242
-14.405502,-169.854306,550.751464
-26.934306,-158.571328,555.741291
-38.321421,-144.630897,560.593855
-47.475692,-126.150446,564.153405
-53.071025,-90.313867,565.365973
-51.049050,-63.939502,563.255902
-43.922921,-42.153827,558.701971
-33.618760,-25.838625,552.592710
-21.616259,-13.228187,546.165185
-8.777867,-2.597999,540.674428
4.361225,7.323650,537.055168
17.371751,17.606205,535.682177
29.767992,29.428407,536.309109
40.812288,44.375050,538.204562
49.224229,64.384420,540.433545
53.078706,89.884842,542.184393
50.982310,116.397763,543.033081
43.752199,138.201158,543.064263
33.362649,154.479445,542.815497
21.310365,167.048841,543.063823
8.460895,177.646566,544.522180
-4.652289,-172.456449,547.545739
-17.604989,-162.195854,551.950701
-29.920508,-150.402817,557.012664
-40.876560,-135.513430,561.648301
-49.220834,-115.625450,564.720048
-53.126579,-78.548957,565.095741
-49.672820,-52.941318,562.320428
-41.574230,-32.617792,557.275787
-30.735336,-17.414741,550.964197
-18.460598,-5.441037,544.660330
-5.504018,4.905997,539.568765
7.642688,14.818691,536.500726
20.551030,25.364459,535.673491
32.693979,37.798297,536.699632
43.228454,53.832411,538.766769
50.695874,75.320811,540.940801
53.121965,101.695130,542.486733
49.580371,127.410084,543.103097
41.379346,147.730205,542.999892
30.463197,162.892548,542.799559
18.148314,174.826992,543.293043
5.190196,-174.856191,545.128594
-7.922011,-164.966876,548.537337
-20.765773,-154.443655,553.192836
-32.824327,-142.043421,558.257673
-43.272377,-126.078886,562.603607
-50.683795,-104.732373,565.132383
-52.799823,-66.825695,564.651086
-48.004062,-42.303973,561.240417
-39.058144,-23.407744,555.769034
-27.764880,-9.190171,549.336520
-15.263522,2.246577,543.233247
-2.218570,12.383452,538.592601
10.909696,22.352390,536.089416
23.683927,33.238281,535.782798
35.522540,46.391024,537.155822
45.456681,63.640391,539.334625
51.847636,86.596231,541.406579
52.778090,113.457664,542.728358
47.885162,138.054138,543.126028
38.840811,156.931227,542.928582
27.479074,171.106570,542.827705
14.947279,-177.493792,543.608269
1.910166,-167.385047,545.836183
-11.175380,-157.438568,549.609471
-23.878904,-146.576517,554.462042
-35.630521,-133.463337,559.457602
-45.482062,-116.298455,563.443568
-51.831646,-93.504261,565.381466
-52.100613,-55.257412,564.035712
-46.076446,-32.043011,560.029175
-36.399194,-14.492258,554.201238
-24.721190,-1.136644,547.730217
-12.033400,9.854709,541.899915
1.071982,19.850640,537.753169
14.155229,29.942097,535.818326
26.760153,41.251060,535.998893
38.235617,55.238836,537.662555
47.466340,73.821193,539.894415
52.649576,98.147850,541.823066
52.057816,125.057263,542.909653
45.931226,148.315798,543.109906
36.161392,165.836524,542.862822
24.424124,179.149973,542.912052
11.715605,-169.893469,544.016344
-1.372772,-159.923802,546.643242
-14.405502,-149.854306,550.751464
-26.934306,-138.571328,555.741291
-38.321421,-124.630897,560.593855
-47.475692,-106.150446,564.153405
-52.634976,-82.002022,565.460701
-51.049050,-43.939502,563.255902
-43.922921,-22.153827,558.701971
-33.618760,-5.838625,552.592710
-21.616259,6.771813,546.165185
-8.777867,17.402001,540.674428
4.361225,27.323650,537.055168
17.371751,37.606205,535.682177
29.767992,49.428407,536.309109
40.812288,64.375050,538.204562
49.224229,84.384420,540.433545
53.078706,109.884842,542.184393
50.982310,136.397763,543.033081
43.752199,158.201158,543.064263
33.362649,174.479445,542.815497
21.310365,-172.951159,543.063823
8.460895,-162.353434,544.522180
-4.652289,-152.456449,547.545739
-17.604989,-142.195854,551.950701
-29.920508,-130.402817,557.012664
-40.876560,-115.513430,561.648301
-49.220834,-95.625450,564.720048
-53.071025,-70.313867,565.365973
-49.672820,-32.941318,562.320428
-41.574230,-12.617792,557.275787
-30.735336,2.585259,550.964197
-18.460598,14.558963,544.660330
-5.504018,24.905997,539.568765
7.642688,34.818691,536.500726
20.551030,45.364459,535.673491
32.693979,57.798297,536.699632
43.228454,73.832411,538.766769
50.695874,95.320811,540.940801
53.121965,121.695130,542.486733
49.580371,147.410084,543.103097
41.379346,167.730205,542.999892
30.463197,-177.107452,542.799559
18.148314,-165.173008,543.293043
5.190196,-154.856191,545.128594
-7.922011,-144.966876,548.537337
-20.765773,-134.443655,553.192836
-32.824327,-122.043421,558.257673
-43.272377,-106.078886,562.603607
-50.683795,-84.732373,565.132383
-53.126579,-58.548957,565.095741
-48.004062,-22.303973,561.240417
-39.058144,-3.407744,555.769034
-27.764880,10.809829,549.336520
-15.263522,22.246577,543.233247
-2.218570,32.383452,538.592601
10.909696,42.352390,536.089416
23.683927,53.238281,535.782798
35.522540,66.391024,537.155822
45.456681,83.640391,539.334625
51.847636,106.596231,541.406579
52.778090,133.457664,542.728358
47.885162,158.054138,543.126028
38.840811,176.931227,542.928582
27.479074,-168.893430,542.827705
14.947279,-157.493792,543.608269
1.910166,-147.385047,545.836183
-11.175380,-137.438568,549.609471
-23.878904,-126.576517,554.462042
-35.630521,-113.463337,559.457602
-45.482062,-96.298455,563.443568
-51.831646,-73.504261,565.381466
-52.799823,-46.825695,564.651086
-46.076446,-12.043011,560.029175
-36.399194,5.507742,554.201238
-24.721190,18.863356,547.730217
-12.033400,29.854709,541.899915
1.071982,39.850640,537.753169
14.155229,49.942097,535.818326
26.760153,61.251060,535.998893
38.235617,75.238836,537.662555
47.466340,93.821193,539.894415
52.649576,118.147850,541.823066
52.057816,145.057263,542.909653
45.931226,168.315798,543.109906
36.161392,-174.163476,542.862822
24.424124,-160.850027,542.912052
11.715605,-149.893469,544.016344
-1.372772,-139.923802,546.643242
-14.405502,-129.854306,550.751464
-26.934306,-118.571328,555.741291
-38.321421,-104.630897,560.593855
-47.475692,-86.150446,564.153405
-52.634976,-62.002022,565.460701
-52.100613,-35.257412,564.035712
-43.922921,-2.153827,558.701971
-33.618760,14.161375,552.592710
-21.616259,26.771813,546.165185
-8.777867,37.402001,540.674428
4.361225,47.323650,537.055168
17.371751,57.606205,535.682177
29.767992,69.428407,536.309109
40.812288,84.375050,538.204562
49.224229,104.384420,540.433545
53.078706,129.884842,542.184393
50.982310,156.397763,543.033081
43.752199,178.201158,543.064263
33.362649,-165.520555,542.815497
21.310365,-152.951159,543.063823
8.460895,-142.353434,544.522180
-4.652289,-132.456449,547.545739
-17.604989,-122.195854,551.950701
-29.920508,-110.402817,557.012664
-40.876560,-95.513430,561.648301
-49.220834,-75.625450,564.720048
-53.071025,-50.313867,565.365973
-51.049050,-23.939502,563.255902
-41.574230,7.382208,557.275787
-30.735336,22.585259,550.964197
-18.460598,34.558963,544.660330
-5.504018,44.905997,539.568765
7.642688,54.818691,536.500726
20.551030,65.364459,535.673491
32.693979,77.798297,536.699632
43.228454,93.832411,538.766769
50.695874,115.320811,540.940801
53.121965,141.695130,542.486733
49.580371,167.410084,543.103097
41.379346,-172.269795,542.999892
30.463197,-157.107452,542.799559
18.148314,-145.173008,543.293043
5.190196,-134.856191,545.128594
-7.922011,-124.966876,548.537337
-20.765773,-114.443655,553.192836
-32.824327,-102.043421,558.257673
-43.272377,-86.078886,562.603607
-50.683795,-64.732373,565.132383
-53.126579,-38.548957,565.095741
-49.672820,-12.941318,562.320428
-39.058144,16.592256,555.769034
-27.764880,30.809829,549.336520
-15.263522,42.246577,543.233247
-2.218570,52.383452,538.592601
10.909696,62.352390,536.089416
23.683927,73.238281,535.782798
35.522540,86.391024,537.155822
45.456681,103.640391,539.334625
51.847636,126.596231,541.406579
52.778090,153.457664,542.728358
47.885162,178.054138,543.126028
38.840811,-163.068773,542.928582
27.479074,-148.893430,542.827705
14.947279,-137.493792,543.608269
1.910166,-127.385047,545.836183
-11.175380,-117.438568,549.609471
-23.878904,-106.576517,554.462042
-35.630521,-93.463337,559.457602
-45.482062,-76.298455,563.443568
-51.831646,-53.504261,565.381466
-52.799823,-26.825695,564.651086
-48.004062,-2.303973,561.240417
-36.399194,25.507742,554.201238
-24.721190,38.863356,547.730217
-12.033400,49.854709,541.899915
1.071982,59.850640,537.753169
14.155229,69.942097,535.818326
26.760153,81.251060,535.998893
38.235617,95.238836,537.662555
47.466340,113.821193,539.894415
52.649576,138.147850,541.823066
52.057816,165.057263,542.909653
45.931226,-171.684202,543.109906
36.161392,-154.163476,542.862822
24.424124,-140.850027,542.912052
11.715605,-129.893469,544.016344
-1.372772,-119.923802,546.643242
-14.405502,-109.854306,550.751464
-26.934306,-98.571328,555.741291
-38.321421,-84.630897,560.593855
-47.475692,-66.150446,564.153405
-52.634976,-42.002022,565.460701
-52.100613,-15.257412,564.035712
-46.076446,7.956989,560.029175
-33.618760,34.161375,552.592710
-21.616259,46.771813,546.165185
-8.777867,57.402001,540.674428
4.361225,67.323650,537.055168
17.371751,77.606205,535.682177
29.767992,89.428407,536.309109
40.812288,104.375050,538.204562
49.224229,124.384420,540.433545
53.078706,149.884842,542.184393
50.982310,176.397763,543.033081
43.752199,-161.798842,543.064263
33.362649,-145.520555,542.815497
21.310365,-132.951159,543.063823
8.460895,-122.353434,544.522180
-4.652289,-112.456449,547.545739
-17.604989,-102.195854,551.950701
-29.920508,-90.402817,557.012664
-40.876560,-75.513430,561.648301
-49.220834,-55.625450,564.720048
-53.071025,-30.313867,565.365973
-51.049050,-3.939502,563.255902
-43.922921,17.846173,558.701971
-30.735336,42.585259,550.964197
-18.460598,54.558963,544.660330
-5.504018,64.905997,539.568765
7.642688,74.818691,536.500726
20.551030,85.364459,535.673491
32.693979,97.798297,536.699632
43.228454,113.832411,538.766769
50.695874,135.320811,540.940801
53.121965,161.695130,542.486733
49.580371,-172.589916,543.103097
41.379346,-152.269795,542.999892
30.463197,-137.107452,542.799559
18.148314,-125.173008,543.293043
5.190196,-114.856191,545.128594
-7.922011,-104.966876,548.537337
-20.765773,-94.443655,553.192836
-32.824327,-82.043421,558.257673
-43.272377,-66.078886,562.603607
-50.683795,-44.732373,565.132383
-53.126579,-18.548957,565.095741
-49.672820,7.058682,562.320428
-41.574230,27.382208,557.275787
-27.764880,50.809829,549.336520
-15.263522,62.246577,543.233247
-2.218570,72.383452,538.592601
10.909696,82.352390,536.089416
23.683927,93.238281,535.782798
35.522540,106.391024,537.155822
45.456681,123.640391,539.334625
51.847636,146.596231,541.406579
52.778090,173.457664,542.728358
47.885162,-161.945862,543.126028
38.840811,-143.068773,542.928582
27.479074,-128.893430,542.827705
14.947279,-117.493792,543.608269
1.910166,-107.385047,545.836183
-11.175380,-97.438568,549.609471
-23.878904,-86.576517,554.462042
-35.630521,-73.463337,559.457602
-45.482062,-56.298455,563.443568
-51.831646,-33.504261,565.381466
-52.799823,-6.825695,564.651086
-48.004062,17.696027,561.240417
-39.058144,36.592256,555.769034
-24.721190,58.863356,547.730217
-12.033400,69.854709,541.899915
1.071982,79.850640,537.753169
14.155229,89.942097,535.818326
26.760153,101.251060,535.998893
38.235617,115.238836,537.662555
47.466340,133.821193,539.894415
52.649576,158.147850,541.823066
52.057816,-174.942737,542.909653
45.931226,-151.684202,543.109906
36.161392,-134.163476,542.862822
24.424124,-120.850027,542.912052
11.715605,-109.893469,544.016344
-1.372772,-99.923802,546.643242
-14.405502,-89.854306,550.751464
-26.934306,-78.571328,555.741291
-38.321421,-64.630897,560.593855
-47.475692,-46.150446,564.153405
-52.634976,-22.002022,565.460701
-52.100613,4.742588,564.035712
-46.076446,27.956989,560.029175
-36.399194,45.507742,554.201238
-21.616259,66.771813,546.165185
-8.777867,77.402001,540.674428
4.361225,87.323650,537.055168
17.371751,97.606205,535.682177
29.767992,109.428407,536.309109
40.812288,124.375050,538.204562
49.224229,144.384420,540.433545
53.078706,169.884842,542.184393
50.982310,-163.602237,543.033081
43.752199,-141.798842,543.064263
33.362649,-125.520555,542.815497
21.310365,-112.951159,543.063823
8.460895,-102.353434,544.522180
-4.652289,-92.456449,547.545739
-17.604989,-82.195854,551.950701
-29.920508,-70.402817,557.012664
-40.876560,-55.513430,561.648301
-49.220834,-35.625450,564.720048
-53.071025,-10.313867,565.365973
-51.049050,16.060498,563.255902
-43.922921,37.846173,558.701971
-33.618760,54.161375,552.592710
-18.460598,74.558963,544.660330
-5.504018,84.905997,539.568765
7.642688,94.818691,536.500726
20.551030,105.364459,535.673491
32.693979,117.798297,536.699632
43.228454,133.832411,538.766769
50.695874,155.320811,540.940801
53.121965,-178.304870,542.486733
49.580371,-152.589916,543.103097
41.379346,-132.269795,542.999892
30.463197,-117.107452,542.799559
18.148314,-105.173008,543.293043
5.190196,-94.856191,545.128594
-7.922011,-84.966876,548.537337
-20.765773,-74.443655,553.192836
-32.824327,-62.043421,558.257673
-43.272377,-46.078886,562.603607
-50.683795,-24.732373,565.132383
-53.126579,1.451043,565.095741
-49.672820,27.058682,562.320428
-41.574230,47.382208,557.275787
-30.735336,62.585259,550.964197
-15.263522,82.246577,543.233247
-2.218570,92.383452,538.592601
10.909696,102.352390,536.089416
23.683927,113.238281,535.782798
35.522540,126.391024,537.155822
45.456681,143.640391,539.334625
51.847636,166.596231,541.406579
52.778090,-166.542336,542.728358
47.885162,-141.945862,543.126028
38.840811,-123.068773,542.928582
27.479074,-108.893430,542.827705
14.947279,-97.493792,543.608269
1.910166,-87.385047,545.836183
-11.175380,-77.438568,549.609471
-23.878904,-66.576517,554.462042
-35.630521,-53.463337,559.457602
-45.482062,-36.298455,563.443568
-51.831646,-13.504261,565.381466
-52.799823,13.174305,564.651086
-48.004062,37.696027,561.240417
-39.058144,56.592256,555.769034
-27.764880,70.809829,549.336520
-12.033400,89.854709,541.899915
1.071982,99.850640,537.753169
14.155229,109.942097,535.818326
26.760153,121.251060,535.998893
38.235617,135.238836,537.662555
47.466340,153.821193,539.894415
52.649576,178.147850,541.823066
52.057816,-154.942737,542.909653
45.931226,-131.684202,543.109906
36.161392,-114.163476,542.862822
24.424124,-100.850027,542.912052
11.715605,-89.893469,544.016344
-1.372772,-79.923802,546.643242
-14.405502,-69.854306,550.751464
-26.934306,-58.571328,555.741291
-38.321421,-44.630897,560.593855
-47.475692,-26.150446,564.153405
-52.634976,-2.002022,565.460701
-52.100613,24.742588,564.035712
-46.076446,47.956989,560.029175
-36.399194,65.507742,554.201238
-24.721190,78.863356,547.730217
-8.777867,97.402001,540.674428
4.361225,107.323650,537.055168
17.371751,117.606205,535.682177
29.767992,129.428407,536.309109
40.812288,144.375050,538.204562
49.224229,164.384420,540.433545
53.078706,-170.115158,542.184393
50.982310,-143.602237,543.033081
43.752199,-121.798842,543.064263
33.362649,-105.520555,542.815497
21.310365,-92.951159,543.063823
8.460895,-82.353434,544.522180
-4.652289,-72.456449,547.545739
-17.604989,-62.195854,551.950701
-29.920508,-50.402817,557.012664
-40.876560,-35.513430,561.648301
-49.220834,-15.625450,564.720048
-53.071025,9.686133,565.365973
-51.049050,36.060498,563.255902
-43.922921,57.846173,558.701971
-33.618760,74.161375,552.592710
-21.616259,86.771813,546.165185
-5.504018,104.905997,539.568765
7.642688,114.818691,536.500726
20.551030,125.364459,535.673491
32.693979,137.798297,536.699632
43.228454,153.832411,538.766769
50.695874,175.320811,540.940801
53.121965,-158.304870,542.486733
49.580371,-132.589916,543.103097
41.379346,-112.269795,542.999892
30.463197,-97.107452,542.799559
18.148314,-85.173008,543.293043
5.190196,-74.856191,545.128594
-7.922011,-64.966876,548.537337
-20.765773,-54.443655,553.192836
-32.824327,-42.043421,558.257673
-43.272377,-26.078886,562.603607
-50.683795,-4.732373,565.132383
-53.126579,21.451043,565.095741
-49.672820,47.058682,562.320428
-41.574230,67.382208,557.275787
-30.735336,82.585259,550.964197
-18.460598,94.558963,544.660330
-2.218570,112.383452,538.592601
10.909696,122.352390,536.089416
23.683927,133.238281,535.782798
35.522540,146.391024,537.155822
45.456681,163.640391,539.334625
51.847636,-173.403769,541.406579
52.778090,-146.542336,542.728358
47.885162,-121.945862,543.126028
38.840811,-103.068773,542.928582
27.479074,-88.893430,542.827705
14.947279,-77.493792,543.608269
1.910166,-67.385047,545.836183
-11.175380,-57.438568,549.609471
-23.878904,-46.576517,554.462042
-35.630521,-33.463337,559.457602
-45.482062,-16.298455,563.443568
-51.831646,6.495739,565.381466
-52.799823,33.174305,564.651086
-48.004062,57.696027,561.240417
-39.058144,76.592256,555.769034
-27.764880,90.809829,549.336520
-15.263522,102.246577,543.233247
1.071982,119.850640,537.753169
14.155229,129.942097,535.818326
26.760153,141.251060,535.998893
38.235617,155.238836,537.662555
47.466340,173.821193,539.894415
52.649576,-161.852150,541.823066
52.057816,-134.942737,542.909653
45.931226,-111.684202,543.109906
36.161392,-94.163476,542.862822
24.424124,-80.850027,542.912052
11.715605,-69.893469,544.016344
-1.372772,-59.923802,546.643242
-14.405502,-49.854306,550.751464
-26.934306,-38.571328,555.741291
-38.321421,-24.630897,560.593855
-47.475692,-6.150446,564.153405
-52.634976,17.997978,565.460701
-52.100613,44.742588,564.035712
-46.076446,67.956989,560.029175
-36.399194,85.507742,554.201238
-24.721190,98.863356,547.730217
-12.033400,109.854709,541.899915
4.361225,127.323650,537.055168
17.371751,137.606205,535.682177
29.767992,149.428407,536.309109
40.812288,164.375050,538.204562
49.224229,-175.615580,540.433545
53.078706,-150.115158,542.184393
50.982310,-123.602237,543.033081
43.752199,-101.798842,543.064263
33.362649,-85.520555,542.815497
21.310365,-72.951159,543.063823
8.460895,-62.353434,544.522180
-4.652289,-52.456449,547.545739
-17.604989,-42.195854,551.950701
-29.920508,-30.402817,557.012664
-40.876560,-15.513430,561.648301
-49.220834,4.374550,564.720048
-53.071025,29.686133,565.365973
-51.049050,56.060498,563.255902
-43.922921,77.846173,558.701971
-33.618760,94.161375,552.592710
-21.616259,106.771813,546.165185
-8.777867,117.402001,540.674428
7.642688,134.818691,536.500726
20.551030,145.364459,535.673491
32.693979,157.798297,536.699632
43.228454,173.832411,538.766769
50.695874,-164.679189,540.940801
53.121965,-138.304870,542.486733
49.580371,-112.589916,543.103097
41.379346,-92.269795,542.999892
30.463197,-77.107452,542.799559
18.148314,-65.173008,543.293043
5.190196,-54.856191,545.128594
-7.922011,-44.966876,548.537337
-20.765773,-34.443655,553.192836
-32.824327,-22.043421,558.257673
-43.272377,-6.078886,562.603607
-50.683795,15.267627,565.132383
-53.126579,41.451043,565.095741
-49.672820,67.058682,562.320428
-41.574230,87.382208,557.275787
-30.735336,102.585259,550.964197
-18.460598,114.558963,544.660330
-5.504018,124.905997,539.568765
10.909696,142.352390,536.089416
23.683927,153.238281,535.782798
35.522540,166.391024,537.155822
45.456681,-176.359609,539.334625
51.847636,-153.403769,541.406579
52.778090,-126.542336,542.728358
47.885162,-101.945862,543.126028
38.840811,-83.068773,542.928582
27.479074,-68.893430,542.827705
14.947279,-57.493792,543.608269
1.910166,-47.385047,545.836183
-11.175380,-37.438568,549.609471
-23.878904,-26.576517,554.462042
-35.630521,-13.463337,559.457602
-45.482062,3.701545,563.443568
-51.831646,26.495739,565.381466
-52.799823,53.174305,564.651086
-48.004062,77.696027,561.240417
-39.058144,96.592256,555.769034
-27.764880,110.809829,549.336520
-15.263522,122.246577,543.233247
-2.218570,132.383452,538.592601
14.155229,149.942097,535.818326
26.760153,161.251060,535.998893
38.235617,175.238836,537.662555
47.466340,-166.178807,539.894415
52.649576,-141.852150,541.823066
52.057816,-114.942737,542.909653
45.931226,-91.684202,543.109906
36.161392,-74.163476,542.862822
24.424124,-60.850027,542.912052
11.715605,-49.893469,544.016344
-1.372772,-39.923802,546.643242
-14.405502,-29.854306,550.751464
-26.934306,-18.571328,555.741291
-38.321421,-4.630897,560.593855
-47.475692,13.849554,564.153405
-52.634976,37.997978,565.460701
-52.100613,64.742588,564.035712
-46.076446,87.956989,560.029175
-36.399194,105.507742,554.201238
-24.721190,118.863356,547.730217
-12.033400,129.854709,541.899915
1.071982,139.850640,537.753169
17.371751,157.606205,535.682177
29.767992,169.428407,536.309109
40.812288,-175.624950,538.204562
49.224229,-155.615580,540.433545
53.078706,-130.115158,542.184393
50.982310,-103.602237,543.033081
43.752199,-81.798842,543.064263
33.362649,-65.520555,542.815497
21.310365,-52.951159,543.063823
8.460895,-42.353434,544.522180
-4.652289,-32.456449,547.545739
-17.604989,-22.195854,551.950701
-29.920508,-10.402817,557.012664
-40.876560,4.486570,561.648301
-49.220834,24.374550,564.720048
-53.071025,49.686133,565.365973
-51.049050,76.060498,563.255902
-43.922921,97.846173,558.701971
-33.618760,114.161375,552.592710
-21.616259,126.771813,546.165185
-8.777867,137.402001,540.674428
4.361225,147.323650,537.055168
20.551030,165.364459,535.673491
32.693979,177.798297,536.699632
43.228454,-166.167589,538.766769
50.695874,-144.679189,540.940801
53.121965,-118.304870,542.486733
49.580371,-92.589916,543.103097
41.379346,-72.269795,542.999892
30.463197,-57.107452,542.799559
18.148314,-45.173008,543.293043
5.190196,-34.856191,545.128594
-7.922011,-24.966876,548.537337
-20.765773,-14.443655,553.192836
-32.824327,-2.043421,558.257673
-43.272377,13.921114,562.603607
-50.683795,35.267627,565.132383
-53.126579,61.451043,565.095741
-49.672820,87.058682,562.320428
-41.574230,107.382208,557.275787
-30.735336,122.585259,550.964197
-18.460598,134.558963,544.660330
-5.504018,144.905997,539.568765
7.642688,154.818691,536.500726
23.683927,173.238281,535.782798
35.522540,-173.608976,537.155822
45.456681,-156.359609,539.334625
51.847636,-133.403769,541.406579
52.778090,-106.542336,542.728358
47.885162,-81.945862,543.126028
38.840811,-63.068773,542.928582
27.479074,-48.893430,542.827705
14.947279,-37.493792,543.608269
1.910166,-27.385047,545.836183
-11.175380,-17.438568,549.609471
-23.878904,-6.576517,554.462042
-35.630521,6.536663,559.457602
-45.482062,23.701545,563.443568
-51.831646,46.495739,565.381466
-52.799823,73.174305,564.651086
-48.004062,97.696027,561.240417
-39.058144,116.592256,555.769034
-27.764880,130.809829,549.336520
-15.263522,142.246577,543.233247
-2.218570,152.383452,538.592601
10.909696,162.352390,536.089416
26.760153,-178.748940,535.998893
38.235617,-164.761164,537.662555
47.466340,-146.178807,539.894415
52.649576,-121.852150,541.823066
52.057816,-94.942737,542.909653
45.931226,-71.684202,543.109906
36.161392,-54.163476,542.862822
24.424124,-40.850027,542.912052
11.715605,-29.893469,544.016344
-1.372772,-19.923802,546.643242
-14.405502,-9.854306,550.751464
-26.934306,1.428672,555.741291
-38.321421,15.369103,560.593855
-47.475692,33.849554,564.153405
-52.634976,57.997978,565.460701
-52.100613,84.742588,564.035712
-46.076446,107.956989,560.029175
-36.399194,125.507742,554.201238
-24.721190,138.863356,547.730217
-12.033400,149.854709,541.899915
1.071982,159.850640,537.753169
14.155229,169.942097,535.818326
29.767992,-170.571593,536.309109
40.812288,-155.624950,538.204562
49.224229,-135.615580,540.433545
53.078706,-110.115158,542.184393
50.982310,-83.602237,543.033081
43.752199,-61.798842,543.064263
33.362649,-45.520555,542.815497
21.310365,-32.951159,543.063823
8.460895,-22.353434,544.522180
-4.652289,-12.456449,547.545739
-17.604989,-2.195854,551.950701
-29.920508,9.597183,557.012664
-40.876560,24.486570,561.648301
-49.220834,44.374550,564.720048
-53.071025,69.686133,565.365973
-51.049050,96.060498,563.255902
-43.922921,117.846173,558.701971
-33.618760,134.161375,552.592710
-21.616259,146.771813,546.165185
-8.777867,157.402001,540.674428
4.361225,167.323650,537.055168
17.371751,177.606205,535.682177
32.693979,-162.201703,536.699632
43.228454,-146.167589,538.766769
50.695874,-124.679189,540.940801
53.121965,-98.304870,542.486733
49.580371,-72.589916,543.103097
41.379346,-52.269795,542.999892
30.463197,-37.107452,542.799559
18.148314,-25.173008,543.293043
5.190196,-14.856191,545.128594
-7.922011,-4.966876,548.537337
-20.765773,5.556345,553.192836
-32.824327,17.956579,558.257673
-43.272377,33.921114,562.603607
-50.683795,55.267627,565.132383
-53.126579,81.451043,565.095741
-49.672820,107.058682,562.320428
-41.574230,127.382208,557.275787
-30.735336,142.585259,550.964197
-18.460598,154.558963,544.660330
-5.504018,164.905997,539.568765
7.642688,174.818691,536.500726
20.551030,-174.635541,535.673491
35.522540,-153.608976,537.155822
45.456681,-136.359609,539.334625
51.847636,-113.403769,541.406579
52.778090,-86.542336,542.728358
47.885162,-61.945862,543.126028
38.840811,-43.068773,542.928582
27.479074,-28.893430,542.827705
14.947279,-17.493792,543.608269
1.910166,-7.385047,545.836183
-11.175380,2.561432,549.609471
-23.878904,13.423483,554.462042
-35.630521,26.536663,559.457602
-45.482062,43.701545,563.443568
-51.831646,66.495739,565.381466
-52.799823,93.174305,564.651086
-48.004062,117.696027,561.240417
-39.058144,136.592256,555.769034
-27.764880,150.809829,549.336520
-15.263522,162.246577,543.233247
-2.218570,172.383452,538.592601
10.909696,-177.647610,536.089416
23.683927,-166.761719,535.782798
38.235617,-144.761164,537.662555
47.466340,-126.178807,539.894415
52.649576,-101.852150,541.823066
52.057816,-74.942737,542.909653
45.931226,-51.684202,543.109906
36.161392,-34.163476,542.862822
24.424124,-20.850027,542.912052
11.715605,-9.893469,544.016344
-1.372772,0.076198,546.643242
-14.405502,10.145694,550.751464
-26.934306,21.428672,555.741291
-38.321421,35.369103,560.593855
-47.475692,53.849554,564.153405
-52.634976,77.997978,565.460701
-52.100613,104.742588,564.035712
-46.076446,127.956989,560.029175
-36.399194,145.507742,554.201238
-24.721190,158.863356,547.730217
-12.033400,169.854709,541.899915
1.071982,179.850640,537.753169
14.155229,-170.057903,535.818326
26.760153,-158.748940,535.998893
40.812288,-135.624950,538.204562
49.224229,-115.615580,540.433545
53.078706,-90.115158,542.184393
50.982310,-63.602237,543.033081
43.752199,-41.798842,543.064263
33.362649,-25.520555,542.815497
21.310365,-12.951159,543.063823
8.460895,-2.353434,544.522180
-4.652289,7.543551,547.545739
-17.604989,17.804146,551.950701
-29.920508,29.597183,557.012664
-40.876560,44.486570,561.648301
-49.220834,64.374550,564.720048
-53.071025,89.686133,565.365973
-51.049050,116.060498,563.255902
-43.922921,137.846173,558.701971
-33.618760,154.161375,552.592710
-21.616259,166.771813,546.165185
-8.777867,177.402001,540.674428
4.361225,-172.676350,537.055168
17.371751,-162.393795,535.682177
29.767992,-150.571593,536.309109
