41.341512,-32.207048,542.998813
30.417930,-17.060848,542.799621
18.099383,-5.135361,543.297213
5.139832,5.177719,545.138703
-7.972160,15.067421,548.553230
-20.814011,25.595260,553.212180
-32.868242,38.005630,558.276505
-43.307824,53.987680,562.617432
-50.703905,75.356714,565.137468
-53.124438,101.550777,565.090222
-49.649297,127.143905,562.304893
-41.536755,147.445081,557.253192
-30.690297,162.632027,550.939122
-18.411746,174.596744,544.637766
-5.453588,-175.059993,539.552762
7.693032,-165.146929,536.493327
20.599562,-154.596529,535.674306
32.738237,-142.152476,536.706186
43.264201,-126.100637,538.775491
50.716082,-104.589401,540.948295
53.119596,-78.204480,542.490905
49.556444,-52.504537,543.103784
38.800632,-23.010822,542.927492
27.432619,-8.849658,542.828542
14.897816,2.542496,543.613820
1.859709,12.648589,545.847840
-11.225225,22.596456,549.626523
-23.926333,33.464340,554.481672
-35.672805,46.589349,559.475596
-45.514422,63.773622,563.455500
-51.846670,86.589574,565.383985
-52.791854,113.272483,564.642909
-47.976304,137.775523,561.222759
-39.018295,156.650357,555.745350
-27.718616,170.853760,549.311620
-15.214101,-177.717011,543.212008
-2.168013,-167.582818,538.578651
10.959765,-157.612503,536.084201
23.731669,-146.720754,535.785344
35.565166,-133.556075,537.163268
45.489308,-116.287069,539.343324
51.862680,-93.309185,541.413369
52.769825,-66.443613,542.731594
47.856997,-41.866314,543.126049
36.119224,-14.109810,542.861918
24.376678,-0.808668,542.913843
11.665732,10.141754,544.023365
-1.423224,20.109807,546.656402
-14.454934,30.181718,550.769497
-26.980762,41.471842,555.760939
-38.361780,55.425923,560.610728
-47.504483,73.927393,564.163230
-52.644505,98.095403,565.460571
-52.087053,124.837580,564.024953
-46.044971,148.030692,560.009614
-36.357324,165.561571,554.176773
-24.673898,178.904867,547.705803
-11.983532,-170.109953,541.880232
1.122568,-160.115662,537.741364
14.204911,-150.021794,535.815231
26.806937,-138.705645,536.002984
38.276313,-124.704084,537.670658
47.495354,-106.100421,539.902888
52.659041,-81.753962,541.829048
52.043906,-54.847332,542.911977
45.899351,-31.610528,543.109398
33.318799,-5.470664,542.814977
21.262101,7.088169,543.066732
8.410724,17.681002,544.530732
-4.702639,27.577379,547.560322
-17.653889,37.841459,551.969506
-29.965803,49.643073,557.032048
-40.914657,64.548025,561.663779
-49.245544,84.458170,564.727581
-53.074778,109.785606,565.363150
-51.030274,136.151028,563.242679
-43.888220,157.914279,558.680756
-33.575174,174.211433,552.567780
-21.568111,-173.188716,546.141555
-8.727665,-162.563456,540.656502
4.411741,-152.642437,537.045560
17.420924,-142.356393,535.681103
29.813625,-130.525556,536.314542
40.850708,-115.563177,538.213089
49.249105,-95.531332,540.441609
53.082310,-70.014954,542.189492
50.963150,-43.511428,543.034544
43.717116,-21.730824,543.063382
30.417930,2.939152,542.799621
18.099383,14.864639,543.297213
5.139832,25.177719,545.138703
-7.972160,35.067421,548.553230
-20.814011,45.595260,553.212180
-32.868242,58.005630,558.276505
-43.307824,73.987680,562.617432
-50.703905,95.356714,565.137468
-53.124438,121.550777,565.090222
-49.649297,147.143905,562.304893
-41.536755,167.445081,557.253192
-30.690297,-177.367973,550.939122
-18.411746,-165.403256,544.637766
-5.453588,-155.059993,539.552762
7.693032,-145.146929,536.493327
20.599562,-134.596529,535.674306
32.738237,-122.152476,536.706186
43.264201,-106.100637,538.775491
50.716082,-84.589401,540.948295
53.119596,-58.204480,542.490905
49.556444,-32.504537,543.103784
41.341512,-12.207048,542.998813
27.432619,11.150342,542.828542
14.897816,22.542496,543.613820
1.859709,32.648589,545.847840
-11.225225,42.596456,549.626523
-23.926333,53.464340,554.481672
-35.672805,66.589349,559.475596
-45.514422,83.773622,563.455500
-51.846670,106.589574,565.383985
-52.791854,133.272483,564.642909
-47.976304,157.775523,561.222759
-39.018295,176.650357,555.745350
-27.718616,-169.146240,549.311620
-15.214101,-157.717011,543.212008
-2.168013,-147.582818,538.578651
10.959765,-137.612503,536.084201
23.731669,-126.720754,535.785344
35.565166,-113.556076,537.163268
45.489308,-96.287069,539.343324
51.862680,-73.309185,541.413369
52.769825,-46.443613,542.731594
47.856997,-21.866314,543.126049
38.800632,-3.010822,542.927492
24.376678,19.191332,542.913843
11.665732,30.141754,544.023365
-1.423224,40.109807,546.656402
-14.454934,50.181718,550.769497
-26.980762,61.471842,555.760939
-38.361780,75.425923,560.610728
-47.504483,93.927393,564.163230
-52.644505,118.095403,565.460571
-52.087053,144.837580,564.024953
-46.044971,168.030692,560.009614
-36.357324,-174.438429,554.176773
-24.673898,-161.095133,547.705803
-11.983532,-150.109953,541.880232
1.122568,-140.115662,537.741364
14.204911,-130.021794,535.815231
26.806937,-118.705645,536.002984
38.276313,-104.704084,537.670658
47.495354,-86.100421,539.902888
52.659041,-61.753962,541.829048
52.043906,-34.847332,542.911977
45.899351,-11.610528,543.109398
36.119224,5.890190,542.861918
21.262101,27.088169,543.066732
8.410724,37.681002,544.530732
-4.702639,47.577379,547.560322
-17.653889,57.841459,551.969506
-29.965803,69.643073,557.032048
-40.914657,84.548025,561.663779
-49.245544,104.458170,564.727581
-53.074778,129.785606,565.363150
-51.030274,156.151028,563.242679
-43.888220,177.914279,558.680756
-33.575174,-165.788567,552.567780
-21.568111,-153.188716,546.141555
-8.727665,-142.563456,540.656502
4.411741,-132.642437,537.045560
17.420924,-122.356393,535.681103
29.813625,-110.525556,536.314542
40.850708,-95.563177,538.213089
49.249105,-75.531332,540.441609
53.082310,-50.014954,542.189492
50.963150,-23.511428,543.034544
43.717116,-1.730824,543.063382
33.318799,14.529336,542.814977
18.099383,34.864639,543.297213
5.139832,45.177719,545.138703
-7.972160,55.067421,548.553230
-20.814011,65.595260,553.212180
-32.868242,78.005630,558.276505
-43.307824,93.987680,562.617432
-50.703905,115.356714,565.137468
-53.124438,141.550777,565.090222
-49.649297,167.143905,562.304893
-41.536755,-172.554919,557.253192
-30.690297,-157.367973,550.939122
-18.411746,-145.403256,544.637766
-5.453588,-135.059993,539.552762
7.693032,-125.146929,536.493327
20.599562,-114.596529,535.674306
32.738237,-102.152476,536.706186
43.264201,-86.100637,538.775491
50.716082,-64.589401,540.948295
53.119596,-38.204480,542.490905
49.556444,-12.504537,543.103784
41.341512,7.792952,542.998813
30.417930,22.939152,542.799621
14.897816,42.542496,543.613820
1.859709,52.648589,545.847840
-11.225225,62.596456,549.626523
-23.926333,73.464340,554.481672
-35.672805,86.589349,559.475596
-45.514422,103.773622,563.455500
-51.846670,126.589574,565.383985
-52.791854,153.272483,564.642909
-47.976304,177.775523,561.222759
-39.018295,-163.349643,555.745350
-27.718616,-149.146240,549.311620
-15.214101,-137.717011,543.212008
-2.168013,-127.582818,538.578651
10.959765,-117.612503,536.084201
23.731669,-106.720754,535.785344
35.565166,-93.556075,537.163268
45.489308,-76.287069,539.343324
51.862680,-53.309185,541.413369
52.769825,-26.443613,542.731594
47.856997,-1.866314,543.126049
38.800632,16.989178,542.927492
27.432619,31.150342,542.828542
11.665732,50.141754,544.023365
-1.423224,60.109807,546.656402
-14.454934,70.181718,550.769497
-26.980762,81.471842,555.760939
-38.361780,95.425923,560.610728
-47.504483,113.927393,564.163230
-52.644505,138.095403,565.460571
-52.087053,164.837580,564.024953
-46.044971,-171.969308,560.009614
-36.357324,-154.438429,554.176773
-24.673898,-141.095133,547.705803
-11.983532,-130.109953,541.880232
1.122568,-120.115662,537.741364
14.204911,-110.021794,535.815231
26.806937,-98.705645,536.002984
38.276313,-84.704084,537.670658
47.495354,-66.100421,539.902888
52.659041,-41.753962,541.829048
52.043906,-14.847332,542.911977
45.899351,8.389472,543.109398
36.119224,25.890190,542.861918
24.376678,39.191332,542.913843
8.410724,57.681002,544.530732
-4.702639,67.577379,547.560322
-17.653889,77.841459,551.969506
-29.965803,89.643073,557.032048
-40.914657,104.548025,561.663779
-49.245544,124.458170,564.727581
-53.074778,149.785606,565.363150
-51.030274,176.151028,563.242679
-43.888220,-162.085721,558.680756
-33.575174,-145.788567,552.567780
-21.568111,-133.188716,546.141555
-8.727665,-122.563456,540.656502
4.411741,-112.642437,537.045560
17.420924,-102.356393,535.681103
29.813625,-90.525556,536.314542
40.850708,-75.563177,538.213089
49.249105,-55.531332,540.441609
53.082310,-30.014954,542.189492
50.963150,-3.511428,543.034544
43.717116,18.269176,543.063382
33.318799,34.529336,542.814977
21.262101,47.088169,543.066732
5.139832,65.177719,545.138703
-7.972160,75.067421,548.553230
-20.814011,85.595260,553.212180
-32.868242,98.005630,558.276505
-43.307824,113.987680,562.617432
-50.703905,135.356714,565.137468
-53.124438,161.550777,565.090222
-49.649297,-172.856095,562.304893
-41.536755,-152.554919,557.253192
-30.690297,-137.367973,550.939122
-18.411746,-125.403256,544.637766
-5.453588,-115.059993,539.552762
7.693032,-105.146929,536.493327
20.599562,-94.596529,535.674306
32.738237,-82.152476,536.706186
43.264201,-66.100637,538.775491
50.716082,-44.589401,540.948295
53.119596,-18.204480,542.490905
49.556444,7.495463,543.103784
41.341512,27.792952,542.998813
30.417930,42.939152,542.799621
18.099383,54.864639,543.297213
1.859709,72.648589,545.847840
-11.225225,82.596456,549.626523
-23.926333,93.464340,554.481672
-35.672805,106.589349,559.475596
-45.514422,123.773622,563.455500
-51.846670,146.589574,565.383985
-52.791854,173.272483,564.642909
-47.976304,-162.224477,561.222759
-39.018295,-143.349643,555.745350
-27.718616,-129.146240,549.311620
-15.214101,-117.717011,543.212008
-2.168013,-107.582818,538.578651
10.959765,-97.612503,536.084201
23.731669,-86.720754,535.785344
35.565166,-73.556075,537.163268
45.489308,-56.287069,539.343324
51.862680,-33.309185,541.413369
52.769825,-6.443613,542.731594
47.856997,18.133686,543.126049
38.800632,36.989178,542.927492
27.432619,51.150342,542.828542
14.897816,62.542496,543.613820
-1.423224,80.109807,546.656402
-14.454934,90.181718,550.769497
-26.980762,101.471842,555.760939
-38.361780,115.425923,560.610728
-47.504483,133.927393,564.163230
-52.644505,158.095403,565.460571
-52.087053,-175.162420,564.024953
-46.044971,-151.969308,560.009614
-36.357324,-134.438429,554.176773
-24.673898,-121.095133,547.705803
-11.983532,-110.109953,541.880232
1.122568,-100.115662,537.741364
14.204911,-90.021794,535.815231
26.806937,-78.705645,536.002984
38.276313,-64.704084,537.670658
47.495354,-46.100421,539.902888
52.659041,-21.753962,541.829048
52.043906,5.152668,542.911977
45.899351,28.389472,543.109398
36.119224,45.890190,542.861918
24.376678,59.191332,542.913843
11.665732,70.141754,544.023365
-4.702639,87.577379,547.560322
-17.653889,97.841459,551.969506
-29.965803,109.643073,557.032048
-40.914657,124.548025,561.663779
-49.245544,144.458170,564.727581
-53.074778,169.785606,565.363150
-51.030274,-163.848972,563.242679
-43.888220,-142.085721,558.680756
-33.575174,-125.788567,552.567780
-21.568111,-113.188716,546.141555
-8.727665,-102.563456,540.656502
4.411741,-92.642437,537.045560
17.420924,-82.356393,535.681103
29.813625,-70.525556,536.314542
40.850708,-55.563177,538.213089
49.249105,-35.531332,540.441609
53.082310,-10.014954,542.189492
50.963150,16.488572,543.034544
43.717116,38.269176,543.063382
33.318799,54.529336,542.814977
21.262101,67.088169,543.066732
8.410724,77.681002,544.530732
-7.972160,95.067421,548.553230
-20.814011,105.595260,553.212180
-32.868242,118.005630,558.276505
-43.307824,133.987680,562.617432
-50.703905,155.356714,565.137468
-53.124438,-178.449223,565.090222
-49.649297,-152.856095,562.304893
-41.536755,-132.554919,557.253192
-30.690297,-117.367973,550.939122
-18.411746,-105.403256,544.637766
-5.453588,-95.059993,539.552762
7.693032,-85.146929,536.493327
20.599562,-74.596529,535.674306
32.738237,-62.152476,536.706186
43.264201,-46.100637,538.775491
50.716082,-24.589401,540.948295
53.119596,1.795520,542.490905
49.556444,27.495463,543.103784
41.341512,47.792952,542.998813
30.417930,62.939152,542.799621
18.099383,74.864639,543.297213
5.139832,85.177719,545.138703
-11.225225,102.596456,549.626523
-23.926333,113.464340,554.481672
-35.672805,126.589349,559.475596
-45.514422,143.773622,563.455500
-51.846670,166.589574,565.383985
-52.791854,-166.727517,564.642909
-47.976304,-142.224477,561.222759
-39.018295,-123.349643,555.745350
-27.718616,-109.146240,549.311620
-15.214101,-97.717011,543.212008
-2.168013,-87.582818,538.578651
10.959765,-77.612503,536.084201
23.731669,-66.720754,535.785344
35.565166,-53.556075,537.163268
45.489308,-36.287069,539.343324
51.862680,-13.309185,541.413369
52.769825,13.556387,542.731594
47.856997,38.133686,543.126049
38.800632,56.989178,542.927492
27.432619,71.150342,542.828542
14.897816,82.542496,543.613820
1.859709,92.648589,545.847840
-14.454934,110.181718,550.769497
-26.980762,121.471842,555.760939
-38.361780,135.425923,560.610728
-47.504483,153.927393,564.163230
-52.644505,178.095403,565.460571
-52.087053,-155.162420,564.024953
-46.044971,-131.969308,560.009614
-36.357324,-114.438429,554.176773
-24.673898,-101.095133,547.705803
-11.983532,-90.109953,541.880232
1.122568,-80.115662,537.741364
14.204911,-70.021794,535.815231
26.806937,-58.705645,536.002984
38.276313,-44.704084,537.670658
47.495354,-26.100421,539.902888
52.659041,-1.753962,541.829048
52.043906,25.152668,542.911977
45.899351,48.389472,543.109398
36.119224,65.890190,542.861918
24.376678,79.191332,542.913843
11.665732,90.141754,544.023365
-1.423224,100.109807,546.656402
-17.653889,117.841459,551.969506
-29.965803,129.643073,557.032048
-40.914657,144.548025,561.663779
-49.245544,164.458170,564.727581
-53.074778,-170.214394,565.363150
-51.030274,-143.848972,563.242679
-43.888220,-122.085721,558.680756
-33.575174,-105.788567,552.567780
-21.568111,-93.188716,546.141555
-8.727665,-82.563456,540.656502
4.411741,-72.642437,537.045560
17.420924,-62.356393,535.681103
29.813625,-50.525556,536.314542
40.850708,-35.563177,538.213089
49.249105,-15.531332,540.441609
53.082310,9.985046,542.189492
50.963150,36.488572,543.034544
43.717116,58.269176,543.063382
33.318799,74.529336,542.814977
21.262101,87.088169,543.066732
8.410724,97.681002,544.530732
-4.702639,107.577379,547.560322
-20.814011,125.595260,553.212180
-32.868242,138.005630,558.276505
-43.307824,153.987680,562.617432
-50.703905,175.356714,565.137468
-53.124438,-158.449223,565.090222
-49.649297,-132.856095,562.304893
-41.536755,-112.554919,557.253192
-30.690297,-97.367973,550.939122
-18.411746,-85.403256,544.637766
-5.453588,-75.059993,539.552762
7.693032,-65.146929,536.493327
20.599562,-54.596529,535.674306
32.738237,-42.152476,536.706186
43.264201,-26.100637,538.775491
50.716082,-4.589401,540.948295
53.119596,21.795520,542.490905
49.556444,47.495463,543.103784
41.341512,67.792952,542.998813
30.417930,82.939152,542.799621
18.099383,94.864639,543.297213
5.139832,105.177719,545.138703
-7.972160,115.067421,548.553230
-23.926333,133.464340,554.481672
-35.672805,146.589349,559.475596
-45.514422,163.773622,563.455500
-51.846670,-173.410426,565.383985
-52.791854,-146.727517,564.642909
-47.976304,-122.224477,561.222759
-39.018295,-103.349643,555.745350
-27.718616,-89.146240,549.311620
-15.214101,-77.717011,543.212008
-2.168013,-67.582818,538.578651
10.959765,-57.612503,536.084201
23.731669,-46.720754,535.785344
35.565166,-33.556075,537.163268
45.489308,-16.287069,539.343324
51.862680,6.690815,541.413369
52.769825,33.556387,542.731594
47.856997,58.133686,543.126049
38.800632,76.989178,542.927492
27.432619,91.150342,542.828542
14.897816,102.542496,543.613820
1.859709,112.648589,545.847840
-11.225225,122.596456,549.626523
-26.980762,141.471842,555.760939
-38.361780,155.425923,560.610728
-47.504483,173.927393,564.163230
-52.644505,-161.904597,565.460571
-52.087053,-135.162420,564.024953
-46.044971,-111.969308,560.009614
-36.357324,-94.438429,554.176773
-24.673898,-81.095133,547.705803
-11.983532,-70.109953,541.880232
1.122568,-60.115662,537.741364
14.204911,-50.021794,535.815231
26.806937,-38.705645,536.002984
38.276313,-24.704084,537.670658
47.495354,-6.100421,539.902888
52.659041,18.246038,541.829048
52.043906,45.152668,542.911977
45.899351,68.389472,543.109398
36.119224,85.890190,542.861918
24.376678,99.191332,542.913843
11.665732,110.141754,544.023365
-1.423224,120.109807,546.656402
-14.454934,130.181718,550.769497
-29.965803,149.643073,557.032048
-40.914657,164.548025,561.663779
-49.245544,-175.541830,564.727581
-53.074778,-150.214394,565.363150
-51.030274,-123.848972,563.242679
-43.888220,-102.085721,558.680756
-33.575174,-85.788567,552.567780
-21.568111,-73.188716,546.141555
-8.727665,-62.563456,540.656502
4.411741,-52.642437,537.045560
17.420924,-42.356393,535.681103
29.813625,-30.525556,536.314542
40.850708,-15.563177,538.213089
49.249105,4.468668,540.441609
53.082310,29.985046,542.189492
50.963150,56.488572,543.034544
43.717116,78.269176,543.063382
33.318799,94.529336,542.814977
21.262101,107.088169,543.066732
8.410724,117.681002,544.530732
-4.702639,127.577379,547.560322
-17.653889,137.841459,551.969506
-32.868242,158.005630,558.276505
-43.307824,173.987680,562.617432
-50.703905,-164.643286,565.137468
-53.124438,-138.449223,565.090222
-49.649297,-112.856095,562.304893
-41.536755,-92.554919,557.253192
-30.690297,-77.367973,550.939122
-18.411746,-65.403256,544.637766
-5.453588,-55.059993,539.552762
7.693032,-45.146929,536.493327
20.599562,-34.596529,535.674306
32.738237,-22.152476,536.706186
43.264201,-6.100637,538.775491
50.716082,15.410599,540.948295
53.119596,41.795520,542.490905
49.556444,67.495463,543.103784
41.341512,87.792952,542.998813
30.417930,102.939152,542.799621
18.099383,114.864639,543.297213
5.139832,125.177719,545.138703
-7.972160,135.067421,548.553230
-20.814011,145.595260,553.212180
-35.672805,166.589349,559.475596
-45.514422,-176.226378,563.455500
-51.846670,-153.410426,565.383985
-52.791854,-126.727517,564.642909
-47.976304,-102.224477,561.222759
-39.018295,-83.349643,555.745350
-27.718616,-69.146240,549.311620
-15.214101,-57.717011,543.212008
-2.168013,-47.582818,538.578651
10.959765,-37.612503,536.084201
23.731669,-26.720754,535.785344
35.565166,-13.556076,537.163268
45.489308,3.712931,539.343324
51.862680,26.690815,541.413369
52.769825,53.556387,542.731594
47.856997,78.133686,543.126049
38.800632,96.989178,542.927492
27.432619,111.150342,542.828542
14.897816,122.542496,543.613820
1.859709,132.648589,545.847840
-11.225225,142.596456,549.626523
-23.926333,153.464340,554.481672
-38.361780,175.425923,560.610728
-47.504483,-166.072607,564.163230
-52.644505,-141.904597,565.460571
-52.087053,-115.162420,564.024953
-46.044971,-91.969308,560.009614
-36.357324,-74.438429,554.176773
-24.673898,-61.095133,547.705803
-11.983532,-50.109953,541.880232
1.122568,-40.115662,537.741364
14.204911,-30.021794,535.815231
26.806937,-18.705645,536.002984
38.276313,-4.704084,537.670658
47.495354,13.899579,539.902888
52.659041,38.246038,541.829048
52.043906,65.152668,542.911977
45.899351,88.389472,543.109398
36.119224,105.890190,542.861918
24.376678,119.191332,542.913843
11.665732,130.141754,544.023365
-1.423224,140.109807,546.656402
-14.454934,150.181718,550.769497
-26.980762,161.471842,555.760939
-40.914657,-175.451975,561.663779
-49.245544,-155.541830,564.727581
-53.074778,-130.214394,565.363150
-51.030274,-103.848972,563.242679
-43.888220,-82.085721,558.680756
-33.575174,-65.788567,552.567780
-21.568111,-53.188716,546.141555
-8.727665,-42.563456,540.656502
4.411741,-32.642437,537.045560
17.420924,-22.356393,535.681103
29.813625,-10.525556,536.314542
40.850708,4.436823,538.213089
49.249105,24.468668,540.441609
53.082310,49.985046,542.189492
50.963150,76.488572,543.034544
43.717116,98.269176,543.063382
33.318799,114.529336,542.814977
21.262101,127.088169,543.066732
8.410724,137.681002,544.530732
-4.702639,147.577379,547.560322
-17.653889,157.841459,551.969506
-29.965803,169.643073,557.032048
-43.307824,-166.012320,562.617432
-50.703905,-144.643286,565.137468
-53.124438,-118.449223,565.090222
-49.649297,-92.856095,562.304893
-41.536755,-72.554919,557.253192
-30.690297,-57.367973,550.939122
-18.411746,-45.403256,544.637766
-5.453588,-35.059993,539.552762
7.693032,-25.146929,536.493327
20.599562,-14.596529,535.674306
32.738237,-2.152476,536.706186
43.264201,13.899363,538.775491
50.716082,35.410599,540.948295
53.119596,61.795520,542.490905
49.556444,87.495463,543.103784
41.341512,107.792952,542.998813
30.417930,122.939152,542.799621
18.099383,134.864639,543.297213
5.139832,145.177719,545.138703
-7.972160,155.067421,548.553230
-20.814011,165.595260,553.212180
-32.868242,178.005630,558.276505
-45.514422,-156.226378,563.455500
-51.846670,-133.410426,565.383985
-52.791854,-106.727517,564.642909
-47.976304,-82.224477,561.222759
-39.018295,-63.349643,555.745350
-27.718616,-49.146240,549.311620
-15.214101,-37.717011,543.212008
-2.168013,-27.582818,538.578651
10.959765,-17.612503,536.084201
23.731669,-6.720754,535.785344
35.565166,6.443925,537.163268
45.489308,23.712931,539.343324
51.862680,46.690815,541.413369
52.769825,73.556387,542.731594
47.856997,98.133686,543.126049
38.800632,116.989178,542.927492
27.432619,131.150342,542.828542
14.897816,142.542496,543.613820
1.859709,152.648589,545.847840
-11.225225,162.596456,549.626523
-23.926333,173.464340,554.481672
-35.672805,-173.410651,559.475596
-47.504483,-146.072607,564.163230
-52.644505,-121.904597,565.460571
-52.087053,-95.162420,564.024953
-46.044971,-71.969308,560.009614
-36.357324,-54.438429,554.176773
-24.673898,-41.095133,547.705803
-11.983532,-30.109953,541.880232
1.122568,-20.115662,537.741364
14.204911,-10.021794,535.815231
26.806937,1.294355,536.002984
38.276313,15.295916,537.670658
47.495354,33.899579,539.902888
52.659041,58.246038,541.829048
52.043906,85.152668,542.911977
45.899351,108.389472,543.109398
36.119224,125.890190,542.861918
24.376678,139.191332,542.913843
11.665732,150.141754,544.023365
-1.423224,160.109807,546.656402
-14.454934,170.181718,550.769497
-26.980762,-178.528158,555.760939
-38.361780,-164.574077,560.610728
-49.245544,-135.541830,564.727581
-53.074778,-110.214394,565.363150
-51.030274,-83.848972,563.242679
-43.888220,-62.085721,558.680756
-33.575174,-45.788567,552.567780
-21.568111,-33.188716,546.141555
-8.727665,-22.563456,540.656502
4.411741,-12.642437,537.045560
17.420924,-2.356393,535.681103
29.813625,9.474444,536.314542
40.850708,24.436823,538.213089
49.249105,44.468668,540.441609
53.082310,69.985046,542.189492
50.963150,96.488572,543.034544
43.717116,118.269176,543.063382
33.318799,134.529336,542.814977
21.262101,147.088169,543.066732
8.410724,157.681002,544.530732
-4.702639,167.577379,547.560322
-17.653889,177.841459,551.969506
-29.965803,-170.356927,557.032048
-40.914657,-155.451975,561.663779
-50.703905,-124.643286,565.137468
-53.124438,-98.449223,565.090222
-49.649297,-72.856095,562.304893
-41.536755,-52.554919,557.253192
-30.690297,-37.367973,550.939122
-18.411746,-25.403256,544.637766
-5.453588,-15.059993,539.552762
7.693032,-5.146929,536.493327
20.599562,5.403471,535.674306
32.738237,17.847524,536.706186
43.264201,33.899363,538.775491
50.716082,55.410599,540.948295
53.119596,81.795520,542.490905
49.556444,107.495463,543.103784
41.341512,127.792952,542.998813
30.417930,142.939152,542.799621
18.099383,154.864639,543.297213
5.139832,165.177719,545.138703
-7.972160,175.067421,548.553230
-20.814011,-174.404740,553.212180
-32.868242,-161.994370,558.276505
-43.307824,-146.012320,562.617432
-51.846670,-113.410426,565.383985
-52.791854,-86.727517,564.642909
-47.976304,-62.224477,561.222759
-39.018295,-43.349643,555.745350
-27.718616,-29.146240,549.311620
-15.214101,-17.717011,543.212008
-2.168013,-7.582818,538.578651
10.959765,2.387497,536.084201
23.731669,13.279246,535.785344
35.565166,26.443925,537.163268
45.489308,43.712931,539.343324
51.862680,66.690815,541.413369
52.769825,93.556387,542.731594
47.856997,118.133686,543.126049
38.800632,136.989178,542.927492
27.432619,151.150342,542.828542
14.897816,162.542496,543.613820
1.859709,172.648589,545.847840
-11.225225,-177.403544,549.626523
-23.926333,-166.535660,554.481672
-35.672805,-153.410651,559.475596
-45.514422,-136.226378,563.455500
-52.644505,-101.904597,565.460571
-52.087053,-75.162420,564.024953
-46.044971,-51.969308,560.009614
-36.357324,-34.438429,554.176773
-24.673898,-21.095133,547.705803
-11.983532,-10.109953,541.880232
1.122568,-0.115662,537.741364
14.204911,9.978206,535.815231
26.806937,21.294355,536.002984
38.276313,35.295916,537.670658
47.495354,53.899579,539.902888
52.659041,78.246038,541.829048
52.043906,105.152668,542.911977
45.899351,128.389472,543.109398
36.119224,145.890190,542.861918
24.376678,159.191332,542.913843
11.665732,170.141754,544.023365
-1.423224,-179.890193,546.656402
-14.454934,-169.818282,550.769497
-26.980762,-158.528158,555.760939
-38.361780,-144.574077,560.610728
-47.504483,-126.072607,564.163230
-53.074778,-90.214394,565.363150
-51.030274,-63.848972,563.242679
-43.888220,-42.085721,558.680756
-33.575174,-25.788567,552.567780
-21.568111,-13.188716,546.141555
-8.727665,-2.563456,540.656502
4.411741,7.357563,537.045560
17.420924,17.643607,535.681103
29.813625,29.474444,536.314542
40.850708,44.436823,538.213089
49.249105,64.468668,540.441609
53.082310,89.985046,542.189492
50.963150,116.488572,543.034544
43.717116,138.269176,543.063382
33.318799,154.529336,542.814977
21.262101,167.088169,543.066732
8.410724,177.681002,544.530732
-4.702639,-172.422621,547.560322
-17.653889,-162.158541,551.969506
-29.965803,-150.356927,557.032048
-40.914657,-135.451975,561.663779
-49.245544,-115.541830,564.727581
-53.124438,-78.449223,565.090222
-49.649297,-52.856095,562.304893
-41.536755,-32.554919,557.253192
-30.690297,-17.367973,550.939122
-18.411746,-5.403256,544.637766
-5.453588,4.940007,539.552762
7.693032,14.853071,536.493327
20.599562,25.403471,535.674306
32.738237,37.847524,536.706186
43.264201,53.899363,538.775491
50.716082,75.410599,540.948295
53.119596,101.795520,542.490905
49.556444,127.495463,543.103784
41.341512,147.792952,542.998813
30.417930,162.939152,542.799621
18.099383,174.864639,543.297213
5.139832,-174.822281,545.138703
-7.972160,-164.932579,548.553230
-20.814011,-154.404740,553.212180
-32.868242,-141.994370,558.276505
-43.307824,-126.012320,562.617432
-50.703905,-104.643286,565.137468
-52.791854,-66.727517,564.642909
-47.976304,-42.224477,561.222759
-39.018295,-23.349643,555.745350
-27.718616,-9.146240,549.311620
-15.214101,2.282989,543.212008
-2.168013,12.417182,538.578651
10.959765,22.387497,536.084201
23.731669,33.279246,535.785344
35.565166,46.443925,537.163268
45.489308,63.712931,539.343324
51.862680,86.690815,541.413369
52.769825,113.556387,542.731594
47.856997,138.133686,543.126049
38.800632,156.989178,542.927492
27.432619,171.150342,542.828542
14.897816,-177.457504,543.613820
1.859709,-167.351411,545.847840
-11.225225,-157.403544,549.626523
-23.926333,-146.535660,554.481672
-35.672805,-133.410651,559.475596
-45.514422,-116.226378,563.455500
-51.846670,-93.410426,565.383985
-52.087053,-55.162420,564.024953
-46.044971,-31.969308,560.009614
-36.357324,-14.438429,554.176773
-24.673898,-1.095133,547.705803
-11.983532,9.890047,541.880232
1.122568,19.884338,537.741364
14.204911,29.978206,535.815231
26.806937,41.294355,536.002984
38.276313,55.295916,537.670658
47.495354,73.899579,539.902888
52.659041,98.246038,541.829048
52.043906,125.152668,542.911977
45.899351,148.389472,543.109398
36.119224,165.890190,542.861918
24.376678,179.191332,542.913843
11.665732,-169.858246,544.023365
-1.423224,-159.890193,546.656402
-14.454934,-149.818282,550.769497
-26.980762,-138.528158,555.760939
-38.361780,-124.574077,560.610728
-47.504483,-106.072607,564.163230
-52.644505,-81.904597,565.460571
-51.030274,-43.848972,563.242679
-43.888220,-22.085721,558.680756
-33.575174,-5.788567,552.567780
-21.568111,6.811284,546.141555
-8.727665,17.436544,540.656502
4.411741,27.357563,537.045560
17.420924,37.643607,535.681103
29.813625,49.474444,536.314542
40.850708,64.436823,538.213089
49.249105,84.468668,540.441609
53.082310,109.985046,542.189492
50.963150,136.488572,543.034544
43.717116,158.269176,543.063382
33.318799,174.529336,542.814977
21.262101,-172.911831,543.066732
8.410724,-162.318998,544.530732
-4.702639,-152.422621,547.560322
-17.653889,-142.158541,551.969506
-29.965803,-130.356927,557.032048
-40.914657,-115.451975,561.663779
-49.245544,-95.541830,564.727581
-53.074778,-70.214394,565.363150
-49.649297,-32.856095,562.304893
-41.536755,-12.554919,557.253192
-30.690297,2.632027,550.939122
-18.411746,14.596744,544.637766
-5.453588,24.940007,539.552762
7.693032,34.853071,536.493327
20.599562,45.403471,535.674306
32.738237,57.847524,536.706186
43.264201,73.899363,538.775491
50.716082,95.410599,540.948295
53.119596,121.795520,542.490905
49.556444,147.495463,543.103784
41.341512,167.792952,542.998813
30.417930,-177.060848,542.799621
18.099383,-165.135361,543.297213
5.139832,-154.822281,545.138703
-7.972160,-144.932579,548.553230
-20.814011,-134.404740,553.212180
-32.868242,-121.994370,558.276505
-43.307824,-106.012320,562.617432
-50.703905,-84.643286,565.137468
-53.124438,-58.449223,565.090222
-47.976304,-22.224477,561.222759
-39.018295,-3.349643,555.745350
-27.718616,10.853760,549.311620
-15.214101,22.282989,543.212008
-2.168013,32.417182,538.578651
10.959765,42.387497,536.084201
23.731669,53.279246,535.785344
35.565166,66.443925,537.163268
45.489308,83.712931,539.343324
51.862680,106.690815,541.413369
52.769825,133.556387,542.731594
47.856997,158.133686,543.126049
38.800632,176.989178,542.927492
27.432619,-168.849658,542.828542
14.897816,-157.457504,543.613820
1.859709,-147.351411,545.847840
-11.225225,-137.403544,549.626523
-23.926333,-126.535660,554.481672
-35.672805,-113.410651,559.475596
-45.514422,-96.226378,563.455500
-51.846670,-73.410426,565.383985
-52.791854,-46.727517,564.642909
-46.044971,-11.969308,560.009614
-36.357324,5.561571,554.176773
-24.673898,18.904867,547.705803
-11.983532,29.890047,541.880232
1.122568,39.884338,537.741364
14.204911,49.978206,535.815231
26.806937,61.294355,536.002984
38.276313,75.295916,537.670658
47.495354,93.899579,539.902888
52.659041,118.246038,541.829048
52.043906,145.152668,542.911977
45.899351,168.389472,543.109398
36.119224,-174.109810,542.861918
24.376678,-160.808668,542.913843
11.665732,-149.858246,544.023365
-1.423224,-139.890193,546.656402
-14.454934,-129.818282,550.769497
-26.980762,-118.528158,555.760939
-38.361780,-104.574077,560.610728
-47.504483,-86.072607,564.163230
-52.644505,-61.904597,565.460571
-52.087053,-35.162420,564.024953
-43.888220,-2.085721,558.680756
-33.575174,14.211433,552.567780
-21.568111,26.811284,546.141555
-8.727665,37.436544,540.656502
4.411741,47.357563,537.045560
17.420924,57.643607,535.681103
29.813625,69.474444,536.314542
40.850708,84.436823,538.213089
49.249105,104.468668,540.441609
53.082310,129.985046,542.189492
50.963150,156.488572,543.034544
43.717116,178.269176,543.063382
33.318799,-165.470664,542.814977
21.262101,-152.911831,543.066732
8.410724,-142.318998,544.530732
-4.702639,-132.422621,547.560322
-17.653889,-122.158541,551.969506
-29.965803,-110.356927,557.032048
-40.914657,-95.451975,561.663779
-49.245544,-75.541830,564.727581
-53.074778,-50.214394,565.363150
-51.030274,-23.848972,563.242679
-41.536755,7.445081,557.253192
-30.690297,22.632027,550.939122
-18.411746,34.596744,544.637766
-5.453588,44.940007,539.552762
7.693032,54.853071,536.493327
20.599562,65.403471,535.674306
32.738237,77.847524,536.706186
43.264201,93.899363,538.775491
50.716082,115.410599,540.948295
53.119596,141.795520,542.490905
49.556444,167.495463,543.103784
41.341512,-172.207048,542.998813
30.417930,-157.060848,542.799621
18.099383,-145.135361,543.297213
5.139832,-134.822281,545.138703
-7.972160,-124.932579,548.553230
-20.814011,-114.404740,553.212180
-32.868242,-101.994370,558.276505
-43.307824,-86.012320,562.617432
-50.703905,-64.643286,565.137468
-53.124438,-38.449223,565.090222
-49.649297,-12.856095,562.304893
-39.018295,16.650357,555.745350
-27.718616,30.853760,549.311620
-15.214101,42.282989,543.212008
-2.168013,52.417182,538.578651
10.959765,62.387497,536.084201
23.731669,73.279246,535.785344
35.565166,86.443925,537.163268
45.489308,103.712931,539.343324
51.862680,126.690815,541.413369
52.769825,153.556387,542.731594
47.856997,178.133686,543.126049
38.800632,-163.010822,542.927492
27.432619,-148.849658,542.828542
14.897816,-137.457504,543.613820
1.859709,-127.351411,545.847840
-11.225225,-117.403544,549.626523
-23.926333,-106.535660,554.481672
-35.672805,-93.410651,559.475596
-45.514422,-76.226378,563.455500
-51.846670,-53.410426,565.383985
-52.791854,-26.727517,564.642909
-47.976304,-2.224477,561.222759
-36.357324,25.561571,554.176773
-24.673898,38.904867,547.705803
-11.983532,49.890047,541.880232
1.122568,59.884338,537.741364
14.204911,69.978206,535.815231
26.806937,81.294355,536.002984
38.276313,95.295916,537.670658
47.495354,113.899579,539.902888
52.659041,138.246038,541.829048
52.043906,165.152668,542.911977
45.899351,-171.610528,543.109398
36.119224,-154.109810,542.861918
24.376678,-140.808668,542.913843
11.665732,-129.858246,544.023365
-1.423224,-119.890193,546.656402
-14.454934,-109.818282,550.769497
-26.980762,-98.528158,555.760939
-38.361780,-84.574077,560.610728
-47.504483,-66.072607,564.163230
-52.644505,-41.904597,565.460571
-52.087053,-15.162420,564.024953
-46.044971,8.030692,560.009614
-33.575174,34.211433,552.567780
-21.568111,46.811284,546.141555
-8.727665,57.436544,540.656502
4.411741,67.357563,537.045560
17.420924,77.643607,535.681103
29.813625,89.474444,536.314542
40.850708,104.436823,538.213089
49.249105,124.468668,540.441609
53.082310,149.985046,542.189492
50.963150,176.488572,543.034544
43.717116,-161.730824,543.063382
33.318799,-145.470664,542.814977
21.262101,-132.911831,543.066732
8.410724,-122.318998,544.530732
-4.702639,-112.422621,547.560322
-17.653889,-102.158541,551.969506
-29.965803,-90.356927,557.032048
-40.914657,-75.451975,561.663779
-49.245544,-55.541830,564.727581
-53.074778,-30.214394,565.363150
-51.030274,-3.848972,563.242679
-43.888220,17.914279,558.680756
-30.690297,42.632027,550.939122
-18.411746,54.596744,544.637766
-5.453588,64.940007,539.552762
7.693032,74.853071,536.493327
20.599562,85.403471,535.674306
32.738237,97.847524,536.706186
43.264201,113.899363,538.775491
50.716082,135.410599,540.948295
53.119596,161.795520,542.490905
49.556444,-172.504537,543.103784
41.341512,-152.207048,542.998813
30.417930,-137.060848,542.799621
18.099383,-125.135361,543.297213
5.139832,-114.822281,545.138703
-7.972160,-104.932579,548.553230
-20.814011,-94.404740,553.212180
-32.868242,-81.994370,558.276505
-43.307824,-66.012320,562.617432
-50.703905,-44.643286,565.137468
-53.124438,-18.449223,565.090222
-49.649297,7.143905,562.304893
-41.536755,27.445081,557.253192
-27.718616,50.853760,549.311620
-15.214101,62.282989,543.212008
-2.168013,72.417182,538.578651
10.959765,82.387497,536.084201
23.731669,93.279246,535.785344
35.565166,106.443924,537.163268
45.489308,123.712931,539.343324
51.862680,146.690815,541.413369
52.769825,173.556387,542.731594
47.856997,-161.866314,543.126049
38.800632,-143.010822,542.927492
27.432619,-128.849658,542.828542
14.897816,-117.457504,543.613820
1.859709,-107.351411,545.847840
-11.225225,-97.403544,549.626523
-23.926333,-86.535660,554.481672
-35.672805,-73.410651,559.475596
-45.514422,-56.226378,563.455500
-51.846670,-33.410426,565.383985
-52.791854,-6.727517,564.642909
-47.976304,17.775523,561.222759
-39.018295,36.650357,555.745350
-24.673898,58.904867,547.705803
-11.983532,69.890047,541.880232
1.122568,79.884338,537.741364
14.204911,89.978206,535.815231
26.806937,101.294355,536.002984
38.276313,115.295916,537.670658
47.495354,133.899579,539.902888
52.659041,158.246038,541.829048
52.043906,-174.847332,542.911977
45.899351,-151.610528,543.109398
36.119224,-134.109810,542.861918
24.376678,-120.808668,542.913843
11.665732,-109.858246,544.023365
-1.423224,-99.890193,546.656402
-14.454934,-89.818282,550.769497
-26.980762,-78.528158,555.760939
-38.361780,-64.574077,560.610728
-47.504483,-46.072607,564.163230
-52.644505,-21.904597,565.460571
-52.087053,4.837580,564.024953
-46.044971,28.030692,560.009614
-36.357324,45.561571,554.176773
-21.568111,66.811284,546.141555
-8.727665,77.436544,540.656502
4.411741,87.357563,537.045560
17.420924,97.643607,535.681103
29.813625,109.474444,536.314542
40.850708,124.436823,538.213089
49.249105,144.468668,540.441609
53.082310,169.985046,542.189492
50.963150,-163.511428,543.034544
43.717116,-141.730824,543.063382
33.318799,-125.470664,542.814977
21.262101,-112.911831,543.066732
8.410724,-102.318998,544.530732
-4.702639,-92.422621,547.560322
-17.653889,-82.158541,551.969506
-29.965803,-70.356927,557.032048
-40.914657,-55.451975,561.663779
-49.245544,-35.541830,564.727581
-53.074778,-10.214394,565.363150
-51.030274,16.151028,563.242679
-43.888220,37.914279,558.680756
-33.575174,54.211433,552.567780
-18.411746,74.596744,544.637766
-5.453588,84.940007,539.552762
7.693032,94.853071,536.493327
20.599562,105.403471,535.674306
32.738237,117.847524,536.706186
43.264201,133.899363,538.775491
50.716082,155.410599,540.948295
53.119596,-178.204480,542.490905
49.556444,-152.504537,543.103784
41.341512,-132.207048,542.998813
30.417930,-117.060848,542.799621
18.099383,-105.135361,543.297213
5.139832,-94.822281,545.138703
-7.972160,-84.932579,548.553230
-20.814011,-74.404740,553.212180
-32.868242,-61.994370,558.276505
-43.307824,-46.012320,562.617432
-50.703905,-24.643286,565.137468
-53.124438,1.550777,565.090222
-49.649297,27.143905,562.304893
-41.536755,47.445081,557.253192
-30.690297,62.632027,550.939122
-15.214101,82.282989,543.212008
-2.168013,92.417182,538.578651
10.959765,102.387497,536.084201
23.731669,113.279246,535.785344
35.565166,126.443925,537.163268
45.489308,143.712931,539.343324
51.862680,166.690815,541.413369
52.769825,-166.443613,542.731594
47.856997,-141.866314,543.126049
38.800632,-123.010822,542.927492
27.432619,-108.849658,542.828542
14.897816,-97.457504,543.613820
1.859709,-87.351411,545.847840
-11.225225,-77.403544,549.626523
-23.926333,-66.535660,554.481672
-35.672805,-53.410651,559.475596
-45.514422,-36.226378,563.455500
-51.846670,-13.410426,565.383985
-52.791854,13.272483,564.642909
-47.976304,37.775523,561.222759
-39.018295,56.650357,555.745350
-27.718616,70.853760,549.311620
-11.983532,89.890047,541.880232
1.122568,99.884338,537.741364
14.204911,109.978206,535.815231
26.806937,121.294355,536.002984
38.276313,135.295916,537.670658
47.495354,153.899579,539.902888
52.659041,178.246038,541.829048
52.043906,-154.847332,542.911977
45.899351,-131.610528,543.109398
36.119224,-114.109810,542.861918
24.376678,-100.808668,542.913843
11.665732,-89.858246,544.023365
-1.423224,-79.890193,546.656402
-14.454934,-69.818282,550.769497
-26.980762,-58.528158,555.760939
-38.361780,-44.574077,560.610728
-47.504483,-26.072607,564.163230
-52.644505,-1.904597,565.460571
-52.087053,24.837580,564.024953
-46.044971,48.030692,560.009614
-36.357324,65.561571,554.176773
-24.673898,78.904867,547.705803
-8.727665,97.436544,540.656502
4.411741,107.357563,537.045560
17.420924,117.643607,535.681103
29.813625,129.474444,536.314542
40.850708,144.436823,538.213089
49.249105,164.468668,540.441609
53.082310,-170.014954,542.189492
50.963150,-143.511428,543.034544
43.717116,-121.730824,543.063382
33.318799,-105.470664,542.814977
21.262101,-92.911831,543.066732
8.410724,-82.318998,544.530732
-4.702639,-72.422621,547.560322
-17.653889,-62.158541,551.969506
-29.965803,-50.356927,557.032048
-40.914657,-35.451975,561.663779
-49.245544,-15.541830,564.727581
-53.074778,9.785606,565.363150
-51.030274,36.151028,563.242679
-43.888220,57.914279,558.680756
-33.575174,74.211433,552.567780
-21.568111,86.811284,546.141555
-5.453588,104.940007,539.552762
7.693032,114.853071,536.493327
20.599562,125.403471,535.674306
32.738237,137.847524,536.706186
43.264201,153.899363,538.775491
50.716082,175.410599,540.948295
53.119596,-158.204480,542.490905
49.556444,-132.504537,543.103784
41.341512,-112.207048,542.998813
30.417930,-97.060848,542.799621
18.099383,-85.135361,543.297213
5.139832,-74.822281,545.138703
-7.972160,-64.932579,548.553230
-20.814011,-54.404740,553.212180
-32.868242,-41.994370,558.276505
-43.307824,-26.012320,562.617432
-50.703905,-4.643286,565.137468
-53.124438,21.550777,565.090222
-49.649297,47.143905,562.304893
-41.536755,67.445081,557.253192
-30.690297,82.632027,550.939122
-18.411746,94.596744,544.637766
-2.168013,112.417182,538.578651
10.959765,122.387497,536.084201
23.731669,133.279246,535.785344
35.565166,146.443925,537.163268
45.489308,163.712931,539.343324
51.862680,-173.309185,541.413369
52.769825,-146.443613,542.731594
47.856997,-121.866314,543.126049
38.800632,-103.010822,542.927492
27.432619,-88.849658,542.828542
14.897816,-77.457504,543.613820
1.859709,-67.351411,545.847840
-11.225225,-57.403544,549.626523
-23.926333,-46.535660,554.481672
-35.672805,-33.410651,559.475596
-45.514422,-16.226378,563.455500
-51.846670,6.589574,565.383985
-52.791854,33.272483,564.642909
-47.976304,57.775523,561.222759
-39.018295,76.650357,555.745350
-27.718616,90.853760,549.311620
-15.214101,102.282989,543.212008
1.122568,119.884338,537.741364
14.204911,129.978206,535.815231
26.806937,141.294355,536.002984
38.276313,155.295916,537.670658
47.495354,173.899579,539.902888
52.659041,-161.753962,541.829048
52.043906,-134.847332,542.911977
45.899351,-111.610528,543.109398
36.119224,-94.109810,542.861918
24.376678,-80.808668,542.913843
11.665732,-69.858246,544.023365
-1.423224,-59.890193,546.656402
-14.454934,-49.818282,550.769497
-26.980762,-38.528158,555.760939
-38.361780,-24.574077,560.610728
-47.504483,-6.072607,564.163230
-52.644505,18.095403,565.460571
-52.087053,44.837580,564.024953
-46.044971,68.030692,560.009614
-36.357324,85.561571,554.176773
-24.673898,98.904867,547.705803
-11.983532,109.890047,541.880232
4.411741,127.357563,537.045560
17.420924,137.643607,535.681103
29.813625,149.474444,536.314542
40.850708,164.436823,538.213089
49.249105,-175.531332,540.441609
53.082310,-150.014954,542.189492
50.963150,-123.511428,543.034544
43.717116,-101.730824,543.063382
33.318799,-85.470664,542.814977
21.262101,-72.911831,543.066732
8.410724,-62.318998,544.530732
-4.702639,-52.422621,547.560322
-17.653889,-42.158541,551.969506
-29.965803,-30.356927,557.032048
-40.914657,-15.451975,561.663779
-49.245544,4.458170,564.727581
-53.074778,29.785606,565.363150
-51.030274,56.151028,563.242679
-43.888220,77.914279,558.680756
-33.575174,94.211433,552.567780
-21.568111,106.811284,546.141555
-8.727665,117.436544,540.656502
7.693032,134.853071,536.493327
20.599562,145.403471,535.674306
32.738237,157.847524,536.706186
43.264201,173.899363,538.775491
50.716082,-164.589401,540.948295
53.119596,-138.204480,542.490905
49.556444,-112.504537,543.103784
41.341512,-92.207048,542.998813
30.417930,-77.060848,542.799621
18.099383,-65.135361,543.297213
5.139832,-54.822281,545.138703
-7.972160,-44.932579,548.553230
-20.814011,-34.404740,553.212180
-32.868242,-21.994370,558.276505
-43.307824,-6.012320,562.617432
-50.703905,15.356714,565.137468
-53.124438,41.550777,565.090222
-49.649297,67.143905,562.304893
-41.536755,87.445081,557.253192
-30.690297,102.632027,550.939122
-18.411746,114.596744,544.637766
-5.453588,124.940007,539.552762
10.959765,142.387497,536.084201
23.731669,153.279246,535.785344
35.565166,166.443925,537.163268
45.489308,-176.287069,539.343324
51.862680,-153.309185,541.413369
52.769825,-126.443613,542.731594
47.856997,-101.866314,543.126049
38.800632,-83.010822,542.927492
27.432619,-68.849658,542.828542
14.897816,-57.457504,543.613820
1.859709,-47.351411,545.847840
-11.225225,-37.403544,549.626523
-23.926333,-26.535660,554.481672
-35.672805,-13.410651,559.475596
-45.514422,3.773622,563.455500
-51.846670,26.589574,565.383985
-52.791854,53.272483,564.642909
-47.976304,77.775523,561.222759
-39.018295,96.650357,555.745350
-27.718616,110.853760,549.311620
-15.214101,122.282989,543.212008
-2.168013,132.417182,538.578651
14.204911,149.978206,535.815231
26.806937,161.294355,536.002984
38.276313,175.295916,537.670658
47.495354,-166.100421,539.902888
52.659041,-141.753962,541.829048
52.043906,-114.847332,542.911977
45.899351,-91.610528,543.109398
36.119224,-74.109810,542.861918
24.376678,-60.808668,542.913843
11.665732,-49.858246,544.023365
-1.423224,-39.890193,546.656402
-14.454934,-29.818282,550.769497
-26.980762,-18.528158,555.760939
-38.361780,-4.574077,560.610728
-47.504483,13.927393,564.163230
-52.644505,38.095403,565.460571
-52.087053,64.837580,564.024953
-46.044971,88.030692,560.009614
-36.357324,105.561571,554.176773
-24.673898,118.904867,547.705803
-11.983532,129.890047,541.880232
1.122568,139.884338,537.741364
17.420924,157.643607,535.681103
29.813625,169.474444,536.314542
40.850708,-175.563177,538.213089
49.249105,-155.531332,540.441609
53.082310,-130.014954,542.189492
50.963150,-103.511428,543.034544
43.717116,-81.730824,543.063382
33.318799,-65.470664,542.814977
21.262101,-52.911831,543.066732
8.410724,-42.318998,544.530732
-4.702639,-32.422621,547.560322
-17.653889,-22.158541,551.969506
-29.965803,-10.356927,557.032048
-40.914657,4.548025,561.663779
-49.245544,24.458170,564.727581
-53.074778,49.785606,565.363150
-51.030274,76.151028,563.242679
-43.888220,97.914279,558.680756
-33.575174,114.211433,552.567780
-21.568111,126.811284,546.141555
-8.727665,137.436544,540.656502
4.411741,147.357563,537.045560
20.599562,165.403471,535.674306
32.738237,177.847524,536.706186
43.264201,-166.100637,538.775491
50.716082,-144.589401,540.948295
53.119596,-118.204480,542.490905
49.556444,-92.504537,543.103784
41.341512,-72.207048,542.998813
30.417930,-57.060848,542.799621
18.099383,-45.135361,543.297213
5.139832,-34.822281,545.138703
-7.972160,-24.932579,548.553230
-20.814011,-14.404740,553.212180
-32.868242,-1.994370,558.276505
-43.307824,13.987680,562.617432
-50.703905,35.356714,565.137468
-53.124438,61.550777,565.090222
-49.649297,87.143905,562.304893
-41.536755,107.445081,557.253192
-30.690297,122.632027,550.939122
-18.411746,134.596744,544.637766
-5.453588,144.940007,539.552762
7.693032,154.853071,536.493327
23.731669,173.279246,535.785344
35.565166,-173.556075,537.163268
45.489308,-156.287069,539.343324
51.862680,-133.309185,541.413369
52.769825,-106.443613,542.731594
47.856997,-81.866314,543.126049
38.800632,-63.010822,542.927492
27.432619,-48.849658,542.828542
14.897816,-37.457504,543.613820
1.859709,-27.351411,545.847840
-11.225225,-17.403544,549.626523
-23.926333,-6.535660,554.481672
-35.672805,6.589349,559.475596
-45.514422,23.773622,563.455500
-51.846670,46.589574,565.383985
-52.791854,73.272483,564.642909
-47.976304,97.775523,561.222759
-39.018295,116.650357,555.745350
-27.718616,130.853760,549.311620
-15.214101,142.282989,543.212008
-2.168013,152.417182,538.578651
10.959765,162.387497,536.084201
26.806937,-178.705645,536.002984
38.276313,-164.704084,537.670658
47.495354,-146.100421,539.902888
52.659041,-121.753962,541.829048
52.043906,-94.847332,542.911977
45.899351,-71.610528,543.109398
36.119224,-54.109810,542.861918
24.376678,-40.808668,542.913843
11.665732,-29.858246,544.023365
-1.423224,-19.890193,546.656402
-14.454934,-9.818282,550.769497
-26.980762,1.471842,555.760939
-38.361780,15.425923,560.610728
-47.504483,33.927393,564.163230
-52.644505,58.095403,565.460571
-52.087053,84.837580,564.024953
-46.044971,108.030692,560.009614
-36.357324,125.561571,554.176773
-24.673898,138.904867,547.705803
-11.983532,149.890047,541.880232
1.122568,159.884338,537.741364
14.204911,169.978206,535.815231
29.813625,-170.525556,536.314542
40.850708,-155.563177,538.213089
49.249105,-135.531332,540.441609
53.082310,-110.014954,542.189492
50.963150,-83.511428,543.034544
43.717116,-61.730824,543.063382
33.318799,-45.470664,542.814977
21.262101,-32.911831,543.066732
8.410724,-22.318998,544.530732
-4.702639,-12.422621,547.560322
-17.653889,-2.158541,551.969506
-29.965803,9.643073,557.032048
-40.914657,24.548025,561.663779
-49.245544,44.458170,564.727581
-53.074778,69.785606,565.363150
-51.030274,96.151028,563.242679
-43.888220,117.914279,558.680756
-33.575174,134.211433,552.567780
-21.568111,146.811284,546.141555
-8.727665,157.436544,540.656502
4.411741,167.357563,537.045560
17.420924,177.643607,535.681103
32.738237,-162.152476,536.706186
43.264201,-146.100637,538.775491
50.716082,-124.589401,540.948295
53.119596,-98.204480,542.490905
49.556444,-72.504537,543.103784
41.341512,-52.207048,542.998813
30.417930,-37.060848,542.799621
18.099383,-25.135361,543.297213
5.139832,-14.822281,545.138703
-7.972160,-4.932579,548.553230
-20.814011,5.595260,553.212180
-32.868242,18.005630,558.276505
-43.307824,33.987680,562.617432
-50.703905,55.356714,565.137468
-53.124438,81.550777,565.090222
-49.649297,107.143905,562.304893
-41.536755,127.445081,557.253192
-30.690297,142.632027,550.939122
-18.411746,154.596744,544.637766
-5.453588,164.940007,539.552762
7.693032,174.853071,536.493327
20.599562,-174.596529,535.674306
35.565166,-153.556076,537.163268
45.489308,-136.287069,539.343324
51.862680,-113.309185,541.413369
52.769825,-86.443613,542.731594
47.856997,-61.866314,543.126049
38.800632,-43.010822,542.927492
27.432619,-28.849658,542.828542
14.897816,-17.457504,543.613820
1.859709,-7.351411,545.847840
-11.225225,2.596456,549.626523
-23.926333,13.464340,554.481672
-35.672805,26.589349,559.475596
-45.514422,43.773622,563.455500
-51.846670,66.589574,565.383985
-52.791854,93.272483,564.642909
-47.976304,117.775523,561.222759
-39.018295,136.650357,555.745350
-27.718616,150.853760,549.311620
-15.214101,162.282989,543.212008
-2.168013,172.417182,538.578651
10.959765,-177.612503,536.084201
23.731669,-166.720754,535.785344
38.276313,-144.704084,537.670658
47.495354,-126.100421,539.902888
52.659041,-101.753962,541.829048
52.043906,-74.847332,542.911977
45.899351,-51.610528,543.109398
36.119224,-34.109810,542.861918
24.376678,-20.808668,542.913843
11.665732,-9.858246,544.023365
-1.423224,0.109807,546.656402
-14.454934,10.181718,550.769497
-26.980762,21.471842,555.760939
-38.361780,35.425923,560.610728
-47.504483,53.927393,564.163230
-52.644505,78.095403,565.460571
-52.087053,104.837580,564.024953
-46.044971,128.030692,560.009614
-36.357324,145.561571,554.176773
-24.673898,158.904867,547.705803
-11.983532,169.890047,541.880232
1.122568,179.884338,537.741364
14.204911,-170.021794,535.815231
26.806937,-158.705645,536.002984
40.850708,-135.563177,538.213089
49.249105,-115.531332,540.441609
53.082310,-90.014954,542.189492
50.963150,-63.511428,543.034544
43.717116,-41.730824,543.063382
33.318799,-25.470664,542.814977
21.262101,-12.911831,543.066732
8.410724,-2.318998,544.530732
-4.702639,7.577379,547.560322
-17.653889,17.841459,551.969506
-29.965803,29.643073,557.032048
-40.914657,44.548025,561.663779
-49.245544,64.458170,564.727581
-53.074778,89.785606,565.363150
-51.030274,116.151028,563.242679
-43.888220,137.914279,558.680756
-33.575174,154.211433,552.567780
-21.568111,166.811284,546.141555
-8.727665,177.436544,540.656502
4.411741,-172.642437,537.045560
17.420924,-162.356393,535.681103
29.813625,-150.525556,536.314542
