41.303638,-32.144378,542.997732
30.372644,-17.014292,542.799695
18.050443,-5.097736,543.301404
5.089465,5.211622,545.148836
-8.022305,15.101727,548.569141
-20.862237,25.634202,553.231531
-32.912134,38.054733,558.295327
-43.343227,54.054329,562.631229
-50.723940,75.445882,565.142515
-53.122208,101.650500,565.084662
-49.625705,127.229043,562.289324
-41.499240,147.507878,557.230577
-30.645238,162.678749,550.914048
-18.362884,174.634502,544.615221
-5.403155,-175.025990,539.536790
7.743373,-165.112540,536.485963
20.648083,-154.557489,535.675150
32.782473,-142.103195,536.712756
43.299904,-126.033601,538.784214
50.736214,-104.499532,540.955780
53.117136,-78.104103,542.495063
49.532449,-52.419246,543.104459
38.760420,-22.952940,542.926404
27.386147,-8.805927,542.829392
14.848345,2.578765,543.619393
1.809251,12.682222,545.859520
-11.275065,22.631494,549.643592
-23.973749,33.505229,554.501306
-35.715061,46.642095,559.493575
-45.546730,63.845786,563.467402
-51.861612,86.683475,565.386464
-52.783797,113.370623,564.634691
-47.948486,137.854930,561.205069
-38.978412,156.708389,555.721652
-27.672335,170.897651,549.286724
-15.164672,-177.680618,543.190791
-2.117454,-167.549090,538.564734
11.009829,-157.577383,536.079019
23.779398,-146.679755,535.787915
35.607766,-133.503115,537.170726
45.521883,-116.214441,539.352021
51.877640,-93.214534,541.420148
52.761471,-66.344930,542.734817
47.828772,-41.786856,543.126062
36.077028,-14.056206,542.861018
24.329218,-0.767343,542.915650
11.615853,10.176963,544.030410
-1.473675,20.143417,546.669585
-14.504358,30.217759,550.787543
-27.027203,41.515051,555.780585
-38.402108,55.482810,560.627581
-47.533215,74.005322,564.173022
-52.653947,98.192873,565.460399
-52.073410,124.932512,564.014156
-46.013443,148.104307,559.990025
-36.315425,165.615337,554.152298
-24.626592,178.946343,547.681398
-11.933658,-170.074628,541.860575
1.173154,-160.081963,537.729593
14.254585,-149.985668,535.812168
26.853704,-138.662311,536.007098
38.316977,-124.646935,537.678770
47.524308,-106.021945,539.911356
52.668417,-81.655731,541.835017
52.029913,-54.751988,542.914286
45.867424,-31.536942,543.108883
33.274926,-5.420827,542.814465
21.213825,7.127470,543.069659
8.360549,17.715427,544.539308
-4.752987,27.611212,547.574927
-17.702779,37.878794,551.988321
-30.011078,49.689008,557.051425
-40.952716,64.609555,561.679233
-49.270186,84.541877,564.735077
-53.078441,109.885096,565.360286
-51.011422,136.241481,563.229418
-43.853474,157.982300,558.659518
-33.531564,174.261436,552.542845
-21.519952,-173.149273,546.117940
-8.677459,-162.528923,540.638604
4.462255,-152.608519,537.035986
17.470089,-142.318968,535.680059
29.859238,-130.479473,536.319993
40.889090,-115.501327,538.221620
49.273913,-95.446995,540.449665
53.085822,-69.914734,542.194576
50.943912,-43.420697,543.035995
43.681987,-21.662889,543.062497
30.372644,2.985708,542.799695
18.050443,14.902264,543.301404
5.089465,25.211622,545.148836
-8.022305,35.101727,548.569141
-20.862237,45.634202,553.231531
-32.912134,58.054733,558.295327
-43.343227,74.054329,562.631229
-50.723940,95.445882,565.142515
-53.122208,121.650500,565.084662
-49.625705,147.229043,562.289324
-41.499240,167.507878,557.230577
-30.645238,-177.321251,550.914048
-18.362884,-165.365498,544.615221
-5.403155,-155.025990,539.536790
7.743373,-145.112540,536.485963
20.648083,-134.557489,535.675150
32.782473,-122.103195,536.712756
43.299904,-106.033601,538.784214
50.736214,-84.499532,540.955780
53.117136,-58.104103,542.495063
49.532449,-32.419246,543.104459
41.303638,-12.144378,542.997732
27.386147,11.194073,542.829392
14.848345,22.578765,543.619393
1.809251,32.682222,545.859520
-11.275065,42.631494,549.643592
-23.973749,53.505229,554.501306
-35.715061,66.642095,559.493575
-45.546730,83.845786,563.467402
-51.861612,106.683475,565.386464
-52.783797,133.370623,564.634691
-47.948486,157.854930,561.205069
-38.978412,176.708389,555.721652
-27.672335,-169.102349,549.286724
-15.164672,-157.680618,543.190791
-2.117454,-147.549090,538.564734
11.009829,-137.577383,536.079019
23.779398,-126.679755,535.787915
35.607766,-113.503115,537.170726
45.521883,-96.214441,539.352021
51.877640,-73.214534,541.420148
52.761471,-46.344930,542.734817
47.828772,-21.786856,543.126062
38.760420,-2.952940,542.926404
24.329218,19.232657,542.915650
11.615853,30.176963,544.030410
-1.473675,40.143417,546.669585
-14.504358,50.217759,550.787543
-27.027203,61.515051,555.780585
-38.402108,75.482810,560.627581
-47.533215,94.005322,564.173022
-52.653947,118.192873,565.460399
-52.073410,144.932512,564.014156
-46.013443,168.104307,559.990025
-36.315425,-174.384663,554.152298
-24.626592,-161.053657,547.681398
-11.933658,-150.074628,541.860575
1.173154,-140.081963,537.729593
14.254585,-129.985668,535.812168
26.853704,-118.662311,536.007098
38.316977,-104.646935,537.678770
47.524308,-86.021945,539.911356
52.668417,-61.655731,541.835017
52.029913,-34.751988,542.914286
45.867424,-11.536942,543.108883
36.077028,5.943794,542.861018
21.213825,27.127470,543.069659
8.360549,37.715427,544.539308
-4.752987,47.611212,547.574927
-17.702779,57.878794,551.988321
-30.011078,69.689008,557.051425
-40.952716,84.609555,561.679233
-49.270186,104.541877,564.735077
-53.078441,129.885096,565.360286
-51.011422,156.241481,563.229418
-43.853474,177.982300,558.659518
-33.531564,-165.738564,552.542845
-21.519952,-153.149273,546.117940
-8.677459,-142.528923,540.638604
4.462255,-132.608519,537.035986
17.470089,-122.318968,535.680059
29.859238,-110.479473,536.319993
40.889090,-95.501327,538.221620
49.273913,-75.446995,540.449665
53.085822,-49.914734,542.194576
50.943912,-23.420697,543.035995
43.681987,-1.662889,543.062497
33.274926,14.579173,542.814465
18.050443,34.902264,543.301404
5.089465,45.211622,545.148836
-8.022305,55.101727,548.569141
-20.862237,65.634202,553.231531
-32.912134,78.054733,558.295327
-43.343227,94.054329,562.631229
-50.723940,115.445882,565.142515
-53.122208,141.650500,565.084662
-49.625705,167.229043,562.289324
-41.499240,-172.492122,557.230577
-30.645238,-157.321251,550.914048
-18.362884,-145.365498,544.615221
-5.403155,-135.025990,539.536790
7.743373,-125.112540,536.485963
20.648083,-114.557489,535.675150
32.782473,-102.103195,536.712756
43.299904,-86.033601,538.784214
50.736214,-64.499532,540.955780
53.117136,-38.104103,542.495063
49.532449,-12.419246,543.104459
41.303638,7.855622,542.997732
30.372644,22.985708,542.799695
14.848345,42.578765,543.619393
1.809251,52.682222,545.859520
-11.275065,62.631494,549.643592
-23.973749,73.505229,554.501306
-35.715061,86.642095,559.493575
-45.546730,103.845786,563.467402
-51.861612,126.683475,565.386464
-52.783797,153.370623,564.634691
-47.948486,177.854930,561.205069
-38.978412,-163.291611,555.721652
-27.672335,-149.102349,549.286724
-15.164672,-137.680618,543.190791
-2.117454,-127.549090,538.564734
11.009829,-117.577383,536.079019
23.779398,-106.679755,535.787915
35.607766,-93.503115,537.170726
45.521883,-76.214441,539.352021
51.877640,-53.214534,541.420148
52.761471,-26.344930,542.734817
47.828772,-1.786856,543.126062
38.760420,17.047060,542.926404
27.386147,31.194073,542.829392
11.615853,50.176963,544.030410
-1.473675,60.143417,546.669585
-14.504358,70.217759,550.787543
-27.027203,81.515051,555.780585
-38.402108,95.482810,560.627581
-47.533215,114.005322,564.173022
-52.653947,138.192873,565.460399
-52.073410,164.932512,564.014156
-46.013443,-171.895693,559.990025
-36.315425,-154.384663,554.152298
-24.626592,-141.053657,547.681398
-11.933658,-130.074628,541.860575
1.173154,-120.081963,537.729593
14.254585,-109.985668,535.812168
26.853704,-98.662311,536.007098
38.316977,-84.646935,537.678770
47.524308,-66.021945,539.911356
52.668417,-41.655731,541.835017
52.029913,-14.751988,542.914286
45.867424,8.463058,543.108883
36.077028,25.943794,542.861018
24.329218,39.232657,542.915650
8.360549,57.715427,544.539308
-4.752987,67.611212,547.574927
-17.702779,77.878794,551.988321
-30.011078,89.689008,557.051425
-40.952716,104.609555,561.679233
-49.270186,124.541877,564.735077
-53.078441,149.885096,565.360286
-51.011422,176.241481,563.229418
-43.853474,-162.017700,558.659518
-33.531564,-145.738564,552.542845
-21.519952,-133.149273,546.117940
-8.677459,-122.528923,540.638604
4.462255,-112.608519,537.035986
17.470089,-102.318968,535.680059
29.859238,-90.479473,536.319993
40.889090,-75.501327,538.221620
49.273913,-55.446995,540.449665
53.085822,-29.914734,542.194576
50.943912,-3.420697,543.035995
43.681987,18.337111,543.062497
33.274926,34.579173,542.814465
21.213825,47.127470,543.069659
5.089465,65.211622,545.148836
-8.022305,75.101727,548.569141
-20.862237,85.634202,553.231531
-32.912134,98.054733,558.295327
-43.343227,114.054329,562.631229
-50.723940,135.445882,565.142515
-53.122208,161.650500,565.084662
-49.625705,-172.770957,562.289324
-41.499240,-152.492122,557.230577
-30.645238,-137.321251,550.914048
-18.362884,-125.365498,544.615221
-5.403155,-115.025990,539.536790
7.743373,-105.112540,536.485963
20.648083,-94.557489,535.675150
32.782473,-82.103195,536.712756
43.299904,-66.033601,538.784214
50.736214,-44.499532,540.955780
53.117136,-18.104103,542.495063
49.532449,7.580754,543.104459
41.303638,27.855622,542.997732
30.372644,42.985708,542.799695
18.050443,54.902264,543.301404
1.809251,72.682222,545.859520
-11.275065,82.631494,549.643592
-23.973749,93.505229,554.501306
-35.715061,106.642095,559.493575
-45.546730,123.845786,563.467402
-51.861612,146.683475,565.386464
-52.783797,173.370623,564.634691
-47.948486,-162.145070,561.205069
-38.978412,-143.291611,555.721652
-27.672335,-129.102349,549.286724
-15.164672,-117.680618,543.190791
-2.117454,-107.549090,538.564734
11.009829,-97.577383,536.079019
23.779398,-86.679755,535.787915
35.607766,-73.503115,537.170726
45.521883,-56.214441,539.352021
51.877640,-33.214534,541.420148
52.761471,-6.344930,542.734817
47.828772,18.213144,543.126062
38.760420,37.047060,542.926404
27.386147,51.194073,542.829392
14.848345,62.578765,543.619393
-1.473675,80.143417,546.669585
-14.504358,90.217759,550.787543
-27.027203,101.515051,555.780585
-38.402108,115.482810,560.627581
-47.533215,134.005322,564.173022
-52.653947,158.192873,565.460399
-52.073410,-175.067488,564.014156
-46.013443,-151.895693,559.990025
-36.315425,-134.384663,554.152298
-24.626592,-121.053657,547.681398
-11.933658,-110.074628,541.860575
1.173154,-100.081963,537.729593
14.254585,-89.985668,535.812168
26.853704,-78.662311,536.007098
38.316977,-64.646935,537.678770
47.524308,-46.021945,539.911356
52.668417,-21.655731,541.835017
52.029913,5.248012,542.914286
45.867424,28.463058,543.108883
36.077028,45.943794,542.861018
24.329218,59.232657,542.915650
11.615853,70.176963,544.030410
-4.752987,87.611212,547.574927
-17.702779,97.878794,551.988321
-30.011078,109.689008,557.051425
-40.952716,124.609555,561.679233
-49.270186,144.541877,564.735077
-53.078441,169.885096,565.360286
-51.011422,-163.758519,563.229418
-43.853474,-142.017700,558.659518
-33.531564,-125.738564,552.542845
-21.519952,-113.149273,546.117940
-8.677459,-102.528923,540.638604
4.462255,-92.608519,537.035986
17.470089,-82.318968,535.680059
29.859238,-70.479473,536.319993
40.889090,-55.501327,538.221620
49.273913,-35.446995,540.449665
53.085822,-9.914734,542.194576
50.943912,16.579303,543.035995
43.681987,38.337111,543.062497
33.274926,54.579173,542.814465
21.213825,67.127470,543.069659
8.360549,77.715427,544.539308
-8.022305,95.101727,548.569141
-20.862237,105.634202,553.231531
-32.912134,118.054733,558.295327
-43.343227,134.054329,562.631229
-50.723940,155.445882,565.142515
-53.122208,-178.349500,565.084662
-49.625705,-152.770957,562.289324
-41.499240,-132.492122,557.230577
-30.645238,-117.321251,550.914048
-18.362884,-105.365498,544.615221
-5.403155,-95.025990,539.536790
7.743373,-85.112540,536.485963
20.648083,-74.557489,535.675150
32.782473,-62.103195,536.712756
43.299904,-46.033601,538.784214
50.736214,-24.499532,540.955780
53.117136,1.895897,542.495063
49.532449,27.580754,543.104459
41.303638,47.855622,542.997732
30.372644,62.985708,542.799695
18.050443,74.902264,543.301404
5.089465,85.211622,545.148836
-11.275065,102.631494,549.643592
-23.973749,113.505229,554.501306
-35.715061,126.642095,559.493575
-45.546730,143.845786,563.467402
-51.861612,166.683475,565.386464
-52.783797,-166.629377,564.634691
-47.948486,-142.145070,561.205069
-38.978412,-123.291611,555.721652
-27.672335,-109.102349,549.286724
-15.164672,-97.680618,543.190791
-2.117454,-87.549090,538.564734
11.009829,-77.577383,536.079019
23.779398,-66.679755,535.787915
35.607766,-53.503115,537.170726
45.521883,-36.214441,539.352021
51.877640,-13.214534,541.420148
52.761471,13.655070,542.734817
47.828772,38.213144,543.126062
38.760420,57.047060,542.926404
27.386147,71.194073,542.829392
14.848345,82.578765,543.619393
1.809251,92.682222,545.859520
-14.504358,110.217759,550.787543
-27.027203,121.515051,555.780585
-38.402108,135.482810,560.627581
-47.533215,154.005322,564.173022
-52.653947,178.192873,565.460399
-52.073410,-155.067488,564.014156
-46.013443,-131.895693,559.990025
-36.315425,-114.384663,554.152298
-24.626592,-101.053657,547.681398
-11.933658,-90.074628,541.860575
1.173154,-80.081963,537.729593
14.254585,-69.985668,535.812168
26.853704,-58.662311,536.007098
38.316977,-44.646935,537.678770
47.524308,-26.021945,539.911356
52.668417,-1.655731,541.835017
52.029913,25.248012,542.914286
45.867424,48.463058,543.108883
36.077028,65.943794,542.861018
24.329218,79.232657,542.915650
11.615853,90.176963,544.030410
-1.473675,100.143417,546.669585
-17.702779,117.878794,551.988321
-30.011078,129.689008,557.051425
-40.952716,144.609555,561.679233
-49.270186,164.541877,564.735077
-53.078441,-170.114904,565.360286
-51.011422,-143.758519,563.229418
-43.853474,-122.017700,558.659518
-33.531564,-105.738564,552.542845
-21.519952,-93.149273,546.117940
-8.677459,-82.528923,540.638604
4.462255,-72.608519,537.035986
17.470089,-62.318968,535.680059
29.859238,-50.479473,536.319993
40.889090,-35.501327,538.221620
49.273913,-15.446995,540.449665
53.085822,10.085266,542.194576
50.943912,36.579303,543.035995
43.681987,58.337111,543.062497
33.274926,74.579173,542.814465
21.213825,87.127470,543.069659
8.360549,97.715427,544.539308
-4.752987,107.611212,547.574927
-20.862237,125.634202,553.231531
-32.912134,138.054733,558.295327
-43.343227,154.054329,562.631229
-50.723940,175.445882,565.142515
-53.122208,-158.349500,565.084662
-49.625705,-132.770957,562.289324
-41.499240,-112.492122,557.230577
-30.645238,-97.321251,550.914048
-18.362884,-85.365498,544.615221
-5.403155,-75.025990,539.536790
7.743373,-65.112540,536.485963
20.648083,-54.557489,535.675150
32.782473,-42.103195,536.712756
43.299904,-26.033601,538.784214
50.736214,-4.499532,540.955780
53.117136,21.895897,542.495063
49.532449,47.580754,543.104459
41.303638,67.855622,542.997732
30.372644,82.985708,542.799695
18.050443,94.902264,543.301404
5.089465,105.211622,545.148836
-8.022305,115.101727,548.569141
-23.973749,133.505229,554.501306
-35.715061,146.642095,559.493575
-45.546730,163.845786,563.467402
-51.861612,-173.316525,565.386464
-52.783797,-146.629377,564.634691
-47.948486,-122.145070,561.205069
-38.978412,-103.291611,555.721652
-27.672335,-89.102349,549.286724
-15.164672,-77.680618,543.190791
-2.117454,-67.549090,538.564734
11.009829,-57.577383,536.079019
23.779398,-46.679755,535.787915
35.607766,-33.503115,537.170726
45.521883,-16.214441,539.352021
51.877640,6.785466,541.420148
52.761471,33.655070,542.734817
47.828772,58.213144,543.126062
38.760420,77.047060,542.926404
27.386147,91.194073,542.829392
14.848345,102.578765,543.619393
1.809251,112.682222,545.859520
-11.275065,122.631494,549.643592
-27.027203,141.515051,555.780585
-38.402108,155.482810,560.627581
-47.533215,174.005322,564.173022
-52.653947,-161.807127,565.460399
-52.073410,-135.067488,564.014156
-46.013443,-111.895693,559.990025
-36.315425,-94.384663,554.152298
-24.626592,-81.053657,547.681398
-11.933658,-70.074628,541.860575
1.173154,-60.081963,537.729593
14.254585,-49.985668,535.812168
26.853704,-38.662311,536.007098
38.316977,-24.646935,537.678770
47.524308,-6.021945,539.911356
52.668417,18.344269,541.835017
52.029913,45.248012,542.914286
45.867424,68.463058,543.108883
36.077028,85.943794,542.861018
24.329218,99.232657,542.915650
11.615853,110.176963,544.030410
-1.473675,120.143417,546.669585
-14.504358,130.217759,550.787543
-30.011078,149.689008,557.051425
-40.952716,164.609555,561.679233
-49.270186,-175.458123,564.735077
-53.078441,-150.114904,565.360286
-51.011422,-123.758519,563.229418
-43.853474,-102.017700,558.659518
-33.531564,-85.738564,552.542845
-21.519952,-73.149273,546.117940
-8.677459,-62.528923,540.638604
4.462255,-52.608519,537.035986
17.470089,-42.318968,535.680059
29.859238,-30.479473,536.319993
40.889090,-15.501327,538.221620
49.273913,4.553005,540.449665
53.085822,30.085266,542.194576
50.943912,56.579303,543.035995
43.681987,78.337111,543.062497
33.274926,94.579173,542.814465
21.213825,107.127470,543.069659
8.360549,117.715427,544.539308
-4.752987,127.611212,547.574927
-17.702779,137.878794,551.988321
-32.912134,158.054733,558.295327
-43.343227,174.054329,562.631229
-50.723940,-164.554118,565.142515
-53.122208,-138.349500,565.084662
-49.625705,-112.770957,562.289324
-41.499240,-92.492122,557.230577
-30.645238,-77.321251,550.914048
-18.362884,-65.365498,544.615221
-5.403155,-55.025990,539.536790
7.743373,-45.112540,536.485963
20.648083,-34.557489,535.675150
32.782473,-22.103195,536.712756
43.299904,-6.033601,538.784214
50.736214,15.500468,540.955780
53.117136,41.895897,542.495063
49.532449,67.580754,543.104459
41.303638,87.855622,542.997732
30.372644,102.985708,542.799695
18.050443,114.902264,543.301404
5.089465,125.211622,545.148836
-8.022305,135.101727,548.569141
-20.862237,145.634202,553.231531
-35.715061,166.642095,559.493575
-45.546730,-176.154214,563.467402
-51.861612,-153.316525,565.386464
-52.783797,-126.629377,564.634691
-47.948486,-102.145070,561.205069
-38.978412,-83.291611,555.721652
-27.672335,-69.102349,549.286724
-15.164672,-57.680618,543.190791
-2.117454,-47.549090,538.564734
11.009829,-37.577383,536.079019
23.779398,-26.679755,535.787915
35.607766,-13.503115,537.170726
45.521883,3.785559,539.352021
51.877640,26.785466,541.420148
52.761471,53.655070,542.734817
47.828772,78.213144,543.126062
38.760420,97.047060,542.926404
27.386147,111.194073,542.829392
14.848345,122.578765,543.619393
1.809251,132.682222,545.859520
-11.275065,142.631494,549.643592
-23.973749,153.505229,554.501306
-38.402108,175.482810,560.627581
-47.533215,-165.994678,564.173022
-52.653947,-141.807127,565.460399
-52.073410,-115.067488,564.014156
-46.013443,-91.895693,559.990025
-36.315425,-74.384663,554.152298
-24.626592,-61.053657,547.681398
-11.933658,-50.074628,541.860575
1.173154,-40.081963,537.729593
14.254585,-29.985668,535.812168
26.853704,-18.662311,536.007098
38.316977,-4.646935,537.678770
47.524308,13.978055,539.911356
52.668417,38.344269,541.835017
52.029913,65.248012,542.914286
45.867424,88.463058,543.108883
36.077028,105.943794,542.861018
24.329218,119.232657,542.915650
11.615853,130.176963,544.030410
-1.473675,140.143417,546.669585
-14.504358,150.217759,550.787543
-27.027203,161.515051,555.780585
-40.952716,-175.390445,561.679233
-49.270186,-155.458123,564.735077
-53.078441,-130.114904,565.360286
-51.011422,-103.758519,563.229418
-43.853474,-82.017700,558.659518
-33.531564,-65.738564,552.542845
-21.519952,-53.149273,546.117940
-8.677459,-42.528923,540.638604
4.462255,-32.608519,537.035986
17.470089,-22.318968,535.680059
29.859238,-10.479473,536.319993
40.889090,4.498673,538.221620
49.273913,24.553005,540.449665
53.085822,50.085266,542.194576
50.943912,76.579303,543.035995
43.681987,98.337111,543.062497
33.274926,114.579173,542.814465
21.213825,127.127470,543.069659
8.360549,137.715427,544.539308
-4.752987,147.611212,547.574927
-17.702779,157.878794,551.988321
-30.011078,169.689008,557.051425
-43.343227,-165.945671,562.631229
-50.723940,-144.554118,565.142515
-53.122208,-118.349500,565.084662
-49.625705,-92.770957,562.289324
-41.499240,-72.492122,557.230577
-30.645238,-57.321251,550.914048
-18.362884,-45.365498,544.615221
-5.403155,-35.025990,539.536790
7.743373,-25.112540,536.485963
20.648083,-14.557489,535.675150
32.782473,-2.103195,536.712756
43.299904,13.966399,538.784214
50.736214,35.500468,540.955780
53.117136,61.895897,542.495063
49.532449,87.580754,543.104459
41.303638,107.855622,542.997732
30.372644,122.985708,542.799695
18.050443,134.902264,543.301404
5.089465,145.211622,545.148836
-8.022305,155.101727,548.569141
-20.862237,165.634202,553.231531
-32.912134,178.054733,558.295327
-45.546730,-156.154214,563.467402
-51.861612,-133.316525,565.386464
-52.783797,-106.629377,564.634691
-47.948486,-82.145070,561.205069
-38.978412,-63.291611,555.721652
-27.672335,-49.102349,549.286724
-15.164672,-37.680618,543.190791
-2.117454,-27.549090,538.564734
11.009829,-17.577383,536.079019
23.779398,-6.679755,535.787915
35.607766,6.496885,537.170726
45.521883,23.785559,539.352021
51.877640,46.785466,541.420148
52.761471,73.655070,542.734817
47.828772,98.213144,543.126062
38.760420,117.047060,542.926404
27.386147,131.194073,542.829392
14.848345,142.578765,543.619393
1.809251,152.682222,545.859520
-11.275065,162.631494,549.643592
-23.973749,173.505229,554.501306
-35.715061,-173.357905,559.493575
-47.533215,-145.994678,564.173022
-52.653947,-121.807127,565.460399
-52.073410,-95.067488,564.014156
-46.013443,-71.895693,559.990025
-36.315425,-54.384663,554.152298
-24.626592,-41.053657,547.681398
-11.933658,-30.074628,541.860575
1.173154,-20.081963,537.729593
14.254585,-9.985668,535.812168
26.853704,1.337689,536.007098
38.316977,15.353065,537.678770
47.524308,33.978055,539.911356
52.668417,58.344269,541.835017
52.029913,85.248012,542.914286
45.867424,108.463058,543.108883
36.077028,125.943794,542.861018
24.329218,139.232657,542.915650
11.615853,150.176963,544.030410
-1.473675,160.143417,546.669585
-14.504358,170.217759,550.787543
-27.027203,-178.484949,555.780585
-38.402108,-164.517190,560.627581
-49.270186,-135.458123,564.735077
-53.078441,-110.114904,565.360286
-51.011422,-83.758519,563.229418
-43.853474,-62.017700,558.659518
-33.531564,-45.738564,552.542845
-21.519952,-33.149273,546.117940
-8.677459,-22.528923,540.638604
4.462255,-12.608519,537.035986
17.470089,-2.318968,535.680059
29.859238,9.520527,536.319993
40.889090,24.498673,538.221620
49.273913,44.553005,540.449665
53.085822,70.085266,542.194576
50.943912,96.579303,543.035995
43.681987,118.337111,543.062497
33.274926,134.579173,542.814465
21.213825,147.127470,543.069659
8.360549,157.715427,544.539308
-4.752987,167.611212,547.574927
-17.702779,177.878794,551.988321
-30.011078,-170.310992,557.051425
-40.952716,-155.390445,561.679233
-50.723940,-124.554118,565.142515
-53.122208,-98.349500,565.084662
-49.625705,-72.770957,562.289324
-41.499240,-52.492122,557.230577
-30.645238,-37.321251,550.914048
-18.362884,-25.365498,544.615221
-5.403155,-15.025990,539.536790
7.743373,-5.112540,536.485963
20.648083,5.442511,535.675150
32.782473,17.896805,536.712756
43.299904,33.966399,538.784214
50.736214,55.500468,540.955780
53.117136,81.895897,542.495063
49.532449,107.580754,543.104459
41.303638,127.855622,542.997732
30.372644,142.985708,542.799695
18.050443,154.902264,543.301404
5.089465,165.211622,545.148836
-8.022305,175.101727,548.569141
-20.862237,-174.365798,553.231531
-32.912134,-161.945267,558.295327
-43.343227,-145.945671,562.631229
-51.861612,-113.316525,565.386464
-52.783797,-86.629377,564.634691
-47.948486,-62.145070,561.205069
-38.978412,-43.291611,555.721652
-27.672335,-29.102349,549.286724
-15.164672,-17.680618,543.190791
-2.117454,-7.549090,538.564734
11.009829,2.422617,536.079019
23.779398,13.320245,535.787915
35.607766,26.496885,537.170726
45.521883,43.785559,539.352021
51.877640,66.785466,541.420148
52.761471,93.655070,542.734817
47.828772,118.213144,543.126062
38.760420,137.047060,542.926404
27.386147,151.194073,542.829392
14.848345,162.578765,543.619393
1.809251,172.682222,545.859520
-11.275065,-177.368506,549.643592
-23.973749,-166.494771,554.501306
-35.715061,-153.357905,559.493575
-45.546730,-136.154214,563.467402
-52.653947,-101.807127,565.460399
-52.073410,-75.067488,564.014156
-46.013443,-51.895693,559.990025
-36.315425,-34.384663,554.152298
-24.626592,-21.053657,547.681398
-11.933658,-10.074628,541.860575
1.173154,-0.081963,537.729593
14.254585,10.014332,535.812168
26.853704,21.337689,536.007098
38.316977,35.353065,537.678770
47.524308,53.978055,539.911356
52.668417,78.344269,541.835017
52.029913,105.248012,542.914286
45.867424,128.463058,543.108883
36.077028,145.943794,542.861018
24.329218,159.232657,542.915650
11.615853,170.176963,544.030410
-1.473675,-179.856583,546.669585
-14.504358,-169.782241,550.787543
-27.027203,-158.484949,555.780585
-38.402108,-144.517190,560.627581
-47.533215,-125.994678,564.173022
-53.078441,-90.114904,565.360286
-51.011422,-63.758519,563.229418
-43.853474,-42.017700,558.659518
-33.531564,-25.738564,552.542845
-21.519952,-13.149273,546.117940
-8.677459,-2.528923,540.638604
4.462255,7.391481,537.035986
17.470089,17.681032,535.680059
29.859238,29.520527,536.319993
40.889090,44.498673,538.221620
49.273913,64.553005,540.449665
53.085822,90.085266,542.194576
50.943912,116.579303,543.035995
43.681987,138.337111,543.062497
33.274926,154.579173,542.814465
21.213825,167.127470,543.069659
8.360549,177.715427,544.539308
-4.752987,-172.388788,547.574927
-17.702779,-162.121206,551.988321
-30.011078,-150.310992,557.051425
-40.952716,-135.390445,561.679233
-49.270186,-115.458123,564.735077
-53.122208,-78.349500,565.084662
-49.625705,-52.770957,562.289324
-41.499240,-32.492122,557.230577
-30.645238,-17.321251,550.914048
-18.362884,-5.365498,544.615221
-5.403155,4.974010,539.536790
7.743373,14.887460,536.485963
20.648083,25.442511,535.675150
32.782473,37.896805,536.712756
43.299904,53.966399,538.784214
50.736214,75.500468,540.955780
53.117136,101.895897,542.495063
49.532449,127.580754,543.104459
41.303638,147.855622,542.997732
30.372644,162.985708,542.799695
18.050443,174.902264,543.301404
5.089465,-174.788378,545.148836
-8.022305,-164.898273,548.569141
-20.862237,-154.365798,553.231531
-32.912134,-141.945267,558.295327
-43.343227,-125.945671,562.631229
-50.723940,-104.554118,565.142515
-52.783797,-66.629377,564.634691
-47.948486,-42.145070,561.205069
-38.978412,-23.291611,555.721652
-27.672335,-9.102349,549.286724
-15.164672,2.319382,543.190791
-2.117454,12.450910,538.564734
11.009829,22.422617,536.079019
23.779398,33.320245,535.787915
35.607766,46.496885,537.170726
45.521883,63.785559,539.352021
51.877640,86.785466,541.420148
52.761471,113.655070,542.734817
47.828772,138.213144,543.126062
38.760420,157.047060,542.926404
27.386147,171.194073,542.829392
14.848345,-177.421235,543.619393
1.809251,-167.317778,545.859520
-11.275065,-157.368506,549.643592
-23.973749,-146.494771,554.501306
-35.715061,-133.357905,559.493575
-45.546730,-116.154214,563.467402
-51.861612,-93.316525,565.386464
-52.073410,-55.067488,564.014156
-46.013443,-31.895693,559.990025
-36.315425,-14.384663,554.152298
-24.626592,-1.053657,547.681398
-11.933658,9.925372,541.860575
1.173154,19.918037,537.729593
14.254585,30.014332,535.812168
26.853704,41.337689,536.007098
38.316977,55.353065,537.678770
47.524308,73.978055,539.911356
52.668417,98.344269,541.835017
52.029913,125.248012,542.914286
45.867424,148.463058,543.108883
36.077028,165.943794,542.861018
24.329218,179.232657,542.915650
11.615853,-169.823037,544.030410
-1.473675,-159.856583,546.669585
-14.504358,-149.782241,550.787543
-27.027203,-138.484949,555.780585
-38.402108,-124.517190,560.627581
-47.533215,-105.994678,564.173022
-52.653947,-81.807127,565.460399
-51.011422,-43.758519,563.229418
-43.853474,-22.017700,558.659518
-33.531564,-5.738564,552.542845
-21.519952,6.850727,546.117940
-8.677459,17.471077,540.638604
4.462255,27.391481,537.035986
17.470089,37.681032,535.680059
29.859238,49.520527,536.319993
40.889090,64.498673,538.221620
49.273913,84.553005,540.449665
53.085822,110.085266,542.194576
50.943912,136.579303,543.035995
43.681987,158.337111,543.062497
33.274926,174.579173,542.814465
21.213825,-172.872530,543.069659
8.360549,-162.284573,544.539308
-4.752987,-152.388788,547.574927
-17.702779,-142.121206,551.988321
-30.011078,-130.310992,557.051425
-40.952716,-115.390445,561.679233
-49.270186,-95.458123,564.735077
-53.078441,-70.114904,565.360286
-49.625705,-32.770957,562.289324
-41.499240,-12.492122,557.230577
-30.645238,2.678749,550.914048
-18.362884,14.634502,544.615221
-5.403155,24.974010,539.536790
7.743373,34.887460,536.485963
20.648083,45.442511,535.675150
32.782473,57.896805,536.712756
43.299904,73.966399,538.784214
50.736214,95.500468,540.955780
53.117136,121.895897,542.495063
49.532449,147.580754,543.104459
41.303638,167.855622,542.997732
30.372644,-177.014292,542.799695
18.050443,-165.097736,543.301404
5.089465,-154.788378,545.148836
-8.022305,-144.898273,548.569141
-20.862237,-134.365798,553.231531
-32.912134,-121.945267,558.295327
-43.343227,-105.945671,562.631229
-50.723940,-84.554118,565.142515
-53.122208,-58.349500,565.084662
-47.948486,-22.145070,561.205069
-38.978412,-3.291611,555.721652
-27.672335,10.897651,549.286724
-15.164672,22.319382,543.190791
-2.117454,32.450910,538.564734
11.009829,42.422617,536.079019
23.779398,53.320245,535.787915
35.607766,66.496885,537.170726
45.521883,83.785559,539.352021
51.877640,106.785466,541.420148
52.761471,133.655070,542.734817
47.828772,158.213144,543.126062
38.760420,177.047060,542.926404
27.386147,-168.805927,542.829392
14.848345,-157.421235,543.619393
1.809251,-147.317778,545.859520
-11.275065,-137.368506,549.643592
-23.973749,-126.494771,554.501306
-35.715061,-113.357905,559.493575
-45.546730,-96.154214,563.467402
-51.861612,-73.316525,565.386464
-52.783797,-46.629377,564.634691
-46.013443,-11.895693,559.990025
-36.315425,5.615337,554.152298
-24.626592,18.946343,547.681398
-11.933658,29.925372,541.860575
1.173154,39.918037,537.729593
14.254585,50.014332,535.812168
26.853704,61.337689,536.007098
38.316977,75.353065,537.678770
47.524308,93.978055,539.911356
52.668417,118.344269,541.835017
52.029913,145.248012,542.914286
45.867424,168.463058,543.108883
36.077028,-174.056206,542.861018
24.329218,-160.767343,542.915650
11.615853,-149.823037,544.030410
-1.473675,-139.856583,546.669585
-14.504358,-129.782241,550.787543
-27.027203,-118.484949,555.780585
-38.402108,-104.517190,560.627581
-47.533215,-85.994678,564.173022
-52.653947,-61.807127,565.460399
-52.073410,-35.067488,564.014156
-43.853474,-2.017700,558.659518
-33.531564,14.261436,552.542845
-21.519952,26.850727,546.117940
-8.677459,37.471077,540.638604
4.462255,47.391481,537.035986
17.470089,57.681032,535.680059
29.859238,69.520527,536.319993
40.889090,84.498673,538.221620
49.273913,104.553005,540.449665
53.085822,130.085266,542.194576
50.943912,156.579303,543.035995
43.681987,178.337111,543.062497
33.274926,-165.420827,542.814465
21.213825,-152.872530,543.069659
8.360549,-142.284573,544.539308
-4.752987,-132.388788,547.574927
-17.702779,-122.121206,551.988321
-30.011078,-110.310992,557.051425
-40.952716,-95.390445,561.679233
-49.270186,-75.458123,564.735077
-53.078441,-50.114904,565.360286
-51.011422,-23.758519,563.229418
-41.499240,7.507878,557.230577
-30.645238,22.678749,550.914048
-18.362884,34.634502,544.615221
-5.403155,44.974010,539.536790
7.743373,54.887460,536.485963
20.648083,65.442511,535.675150
32.782473,77.896805,536.712756
43.299904,93.966399,538.784214
50.736214,115.500468,540.955780
53.117136,141.895897,542.495063
49.532449,167.580754,543.104459
41.303638,-172.144378,542.997732
30.372644,-157.014292,542.799695
18.050443,-145.097736,543.301404
5.089465,-134.788378,545.148836
-8.022305,-124.898273,548.569141
-20.862237,-114.365798,553.231531
-32.912134,-101.945267,558.295327
-43.343227,-85.945671,562.631229
-50.723940,-64.554118,565.142515
-53.122208,-38.349500,565.084662
-49.625705,-12.770957,562.289324
-38.978412,16.708389,555.721652
-27.672335,30.897651,549.286724
-15.164672,42.319382,543.190791
-2.117454,52.450910,538.564734
11.009829,62.422617,536.079019
23.779398,73.320245,535.787915
35.607766,86.496885,537.170726
45.521883,103.785559,539.352021
51.877640,126.785466,541.420148
52.761471,153.655070,542.734817
47.828772,178.213144,543.126062
38.760420,-162.952940,542.926404
27.386147,-148.805927,542.829392
14.848345,-137.421235,543.619393
1.809251,-127.317778,545.859520
-11.275065,-117.368506,549.643592
-23.973749,-106.494771,554.501306
-35.715061,-93.357905,559.493575
-45.546730,-76.154214,563.467402
-51.861612,-53.316525,565.386464
-52.783797,-26.629377,564.634691
-47.948486,-2.145070,561.205069
-36.315425,25.615337,554.152298
-24.626592,38.946343,547.681398
-11.933658,49.925372,541.860575
1.173154,59.918037,537.729593
14.254585,70.014332,535.812168
26.853704,81.337689,536.007098
38.316977,95.353065,537.678770
47.524308,113.978055,539.911356
52.668417,138.344269,541.835017
52.029913,165.248012,542.914286
45.867424,-171.536942,543.108883
36.077028,-154.056206,542.861018
24.329218,-140.767343,542.915650
11.615853,-129.823037,544.030410
-1.473675,-119.856583,546.669585
-14.504358,-109.782241,550.787543
-27.027203,-98.484949,555.780585
-38.402108,-84.517190,560.627581
-47.533215,-65.994678,564.173022
-52.653947,-41.807127,565.460399
-52.073410,-15.067488,564.014156
-46.013443,8.104307,559.990025
-33.531564,34.261436,552.542845
-21.519952,46.850727,546.117940
-8.677459,57.471077,540.638604
4.462255,67.391481,537.035986
17.470089,77.681032,535.680059
29.859238,89.520527,536.319993
40.889090,104.498673,538.221620
49.273913,124.553005,540.449665
53.085822,150.085266,542.194576
50.943912,176.579303,543.035995
43.681987,-161.662889,543.062497
33.274926,-145.420827,542.814465
21.213825,-132.872530,543.069659
8.360549,-122.284573,544.539308
-4.752987,-112.388788,547.574927
-17.702779,-102.121206,551.988321
-30.011078,-90.310992,557.051425
-40.952716,-75.390445,561.679233
-49.270186,-55.458123,564.735077
-53.078441,-30.114904,565.360286
-51.011422,-3.758519,563.229418
-43.853474,17.982300,558.659518
-30.645238,42.678749,550.914048
-18.362884,54.634502,544.615221
-5.403155,64.974010,539.536790
7.743373,74.887460,536.485963
20.648083,85.442511,535.675150
32.782473,97.896805,536.712756
43.299904,113.966399,538.784214
50.736214,135.500468,540.955780
53.117136,161.895897,542.495063
49.532449,-172.419246,543.104459
41.303638,-152.144378,542.997732
30.372644,-137.014292,542.799695
18.050443,-125.097736,543.301404
5.089465,-114.788378,545.148836
-8.022305,-104.898273,548.569141
-20.862237,-94.365798,553.231531
-32.912134,-81.945267,558.295327
-43.343227,-65.945671,562.631229
-50.723940,-44.554118,565.142515
-53.122208,-18.349500,565.084662
-49.625705,7.229043,562.289324
-41.499240,27.507878,557.230577
-27.672335,50.897651,549.286724
-15.164672,62.319382,543.190791
-2.117454,72.450910,538.564734
11.009829,82.422617,536.079019
23.779398,93.320245,535.787915
35.607766,106.496885,537.170726
45.521883,123.785559,539.352021
51.877640,146.785466,541.420148
52.761471,173.655070,542.734817
47.828772,-161.786856,543.126062
38.760420,-142.952940,542.926404
27.386147,-128.805927,542.829392
14.848345,-117.421235,543.619393
1.809251,-107.317778,545.859520
-11.275065,-97.368506,549.643592
-23.973749,-86.494771,554.501306
-35.715061,-73.357905,559.493575
-45.546730,-56.154214,563.467402
-51.861612,-33.316525,565.386464
-52.783797,-6.629377,564.634691
-47.948486,17.854930,561.205069
-38.978412,36.708389,555.721652
-24.626592,58.946343,547.681398
-11.933658,69.925372,541.860575
1.173154,79.918037,537.729593
14.254585,90.014332,535.812168
26.853704,101.337689,536.007098
38.316977,115.353065,537.678770
47.524308,133.978055,539.911356
52.668417,158.344269,541.835017
52.029913,-174.751988,542.914286
45.867424,-151.536942,543.108883
36.077028,-134.056206,542.861018
24.329218,-120.767343,542.915650
11.615853,-109.823037,544.030410
-1.473675,-99.856583,546.669585
-14.504358,-89.782241,550.787543
-27.027203,-78.484949,555.780585
-38.402108,-64.517190,560.627581
-47.533215,-45.994678,564.173022
-52.653947,-21.807127,565.460399
-52.073410,4.932512,564.014156
-46.013443,28.104307,559.990025
-36.315425,45.615337,554.152298
-21.519952,66.850727,546.117940
-8.677459,77.471077,540.638604
4.462255,87.391481,537.035986
17.470089,97.681032,535.680059
29.859238,109.520527,536.319993
40.889090,124.498673,538.221620
49.273913,144.553005,540.449665
53.085822,170.085266,542.194576
50.943912,-163.420697,543.035995
43.681987,-141.662889,543.062497
33.274926,-125.420827,542.814465
21.213825,-112.872530,543.069659
8.360549,-102.284573,544.539308
-4.752987,-92.388788,547.574927
-17.702779,-82.121206,551.988321
-30.011078,-70.310992,557.051425
-40.952716,-55.390445,561.679233
-49.270186,-35.458123,564.735077
-53.078441,-10.114904,565.360286
-51.011422,16.241481,563.229418
-43.853474,37.982300,558.659518
-33.531564,54.261436,552.542845
-18.362884,74.634502,544.615221
-5.403155,84.974010,539.536790
7.743373,94.887460,536.485963
20.648083,105.442511,535.675150
32.782473,117.896805,536.712756
43.299904,133.966399,538.784214
50.736214,155.500468,540.955780
53.117136,-178.104103,542.495063
49.532449,-152.419246,543.104459
41.303638,-132.144378,542.997732
30.372644,-117.014292,542.799695
18.050443,-105.097736,543.301404
5.089465,-94.788378,545.148836
-8.022305,-84.898273,548.569141
-20.862237,-74.365798,553.231531
-32.912134,-61.945267,558.295327
-43.343227,-45.945671,562.631229
-50.723940,-24.554118,565.142515
-53.122208,1.650500,565.084662
-49.625705,27.229043,562.289324
-41.499240,47.507878,557.230577
-30.645238,62.678749,550.914048
-15.164672,82.319382,543.190791
-2.117454,92.450910,538.564734
11.009829,102.422617,536.079019
23.779398,113.320245,535.787915
35.607766,126.496885,537.170726
45.521883,143.785559,539.352021
51.877640,166.785466,541.420148
52.761471,-166.344930,542.734817
47.828772,-141.786856,543.126062
38.760420,-122.952940,542.926404
27.386147,-108.805927,542.829392
14.848345,-97.421235,543.619393
1.809251,-87.317778,545.859520
-11.275065,-77.368506,549.643592
-23.973749,-66.494771,554.501306
-35.715061,-53.357905,559.493575
-45.546730,-36.154214,563.467402
-51.861612,-13.316525,565.386464
-52.783797,13.370623,564.634691
-47.948486,37.854930,561.205069
-38.978412,56.708389,555.721652
-27.672335,70.897651,549.286724
-11.933658,89.925372,541.860575
1.173154,99.918037,537.729593
14.254585,110.014332,535.812168
26.853704,121.337689,536.007098
38.316977,135.353065,537.678770
47.524308,153.978055,539.911356
52.668417,178.344269,541.835017
52.029913,-154.751988,542.914286
45.867424,-131.536942,543.108883
36.077028,-114.056206,542.861018
24.329218,-100.767343,542.915650
11.615853,-89.823037,544.030410
-1.473675,-79.856583,546.669585
-14.504358,-69.782241,550.787543
-27.027203,-58.484949,555.780585
-38.402108,-44.517190,560.627581
-47.533215,-25.994678,564.173022
-52.653947,-1.807127,565.460399
-52.073410,24.932512,564.014156
-46.013443,48.104307,559.990025
-36.315425,65.615337,554.152298
-24.626592,78.946343,547.681398
-8.677459,97.471077,540.638604
4.462255,107.391481,537.035986
17.470089,117.681032,535.680059
29.859238,129.520527,536.319993
40.889090,144.498673,538.221620
49.273913,164.553005,540.449665
53.085822,-169.914734,542.194576
50.943912,-143.420697,543.035995
43.681987,-121.662889,543.062497
33.274926,-105.420827,542.814465
21.213825,-92.872530,543.069659
8.360549,-82.284573,544.539308
-4.752987,-72.388788,547.574927
-17.702779,-62.121206,551.988321
-30.011078,-50.310992,557.051425
-40.952716,-35.390445,561.679233
-49.270186,-15.458123,564.735077
-53.078441,9.885096,565.360286
-51.011422,36.241481,563.229418
-43.853474,57.982300,558.659518
-33.531564,74.261436,552.542845
-21.519952,86.850727,546.117940
-5.403155,104.974010,539.536790
7.743373,114.887460,536.485963
20.648083,125.442511,535.675150
32.782473,137.896805,536.712756
43.299904,153.966399,538.784214
50.736214,175.500468,540.955780
53.117136,-158.104103,542.495063
49.532449,-132.419246,543.104459
41.303638,-112.144378,542.997732
30.372644,-97.014292,542.799695
18.050443,-85.097736,543.301404
5.089465,-74.788378,545.148836
-8.022305,-64.898273,548.569141
-20.862237,-54.365798,553.231531
-32.912134,-41.945267,558.295327
-43.343227,-25.945671,562.631229
-50.723940,-4.554118,565.142515
-53.122208,21.650500,565.084662
-49.625705,47.229043,562.289324
-41.499240,67.507878,557.230577
-30.645238,82.678749,550.914048
-18.362884,94.634502,544.615221
-2.117454,112.450910,538.564734
11.009829,122.422617,536.079019
23.779398,133.320245,535.787915
35.607766,146.496885,537.170726
45.521883,163.785559,539.352021
51.877640,-173.214534,541.420148
52.761471,-146.344930,542.734817
47.828772,-121.786856,543.126062
38.760420,-102.952940,542.926404
27.386147,-88.805927,542.829392
14.848345,-77.421235,543.619393
1.809251,-67.317778,545.859520
-11.275065,-57.368506,549.643592
-23.973749,-46.494771,554.501306
-35.715061,-33.357905,559.493575
-45.546730,-16.154214,563.467402
-51.861612,6.683475,565.386464
-52.783797,33.370623,564.634691
-47.948486,57.854930,561.205069
-38.978412,76.708389,555.721652
-27.672335,90.897651,549.286724
-15.164672,102.319382,543.190791
1.173154,119.918037,537.729593
14.254585,130.014332,535.812168
26.853704,141.337689,536.007098
38.316977,155.353065,537.678770
47.524308,173.978055,539.911356
52.668417,-161.655731,541.835017
52.029913,-134.751988,542.914286
45.867424,-111.536942,543.108883
36.077028,-94.056206,542.861018
24.329218,-80.767343,542.915650
11.615853,-69.823037,544.030410
-1.473675,-59.856583,546.669585
-14.504358,-49.782241,550.787543
-27.027203,-38.484949,555.780585
-38.402108,-24.517190,560.627581
-47.533215,-5.994678,564.173022
-52.653947,18.192873,565.460399
-52.073410,44.932512,564.014156
-46.013443,68.104307,559.990025
-36.315425,85.615337,554.152298
-24.626592,98.946343,547.681398
-11.933658,109.925372,541.860575
4.462255,127.391481,537.035986
17.470089,137.681032,535.680059
29.859238,149.520527,536.319993
40.889090,164.498673,538.221620
49.273913,-175.446995,540.449665
53.085822,-149.914734,542.194576
50.943912,-123.420697,543.035995
43.681987,-101.662889,543.062497
33.274926,-85.420827,542.814465
21.213825,-72.872530,543.069659
8.360549,-62.284573,544.539308
-4.752987,-52.388788,547.574927
-17.702779,-42.121206,551.988321
-30.011078,-30.310992,557.051425
-40.952716,-15.390445,561.679233
-49.270186,4.541877,564.735077
-53.078441,29.885096,565.360286
-51.011422,56.241481,563.229418
-43.853474,77.982300,558.659518
-33.531564,94.261436,552.542845
-21.519952,106.850727,546.117940
-8.677459,117.471077,540.638604
7.743373,134.887460,536.485963
20.648083,145.442511,535.675150
32.782473,157.896805,536.712756
43.299904,173.966399,538.784214
50.736214,-164.499532,540.955780
53.117136,-138.104103,542.495063
49.532449,-112.419246,543.104459
41.303638,-92.144378,542.997732
30.372644,-77.014292,542.799695
18.050443,-65.097736,543.301404
5.089465,-54.788378,545.148836
-8.022305,-44.898273,548.569141
-20.862237,-34.365798,553.231531
-32.912134,-21.945267,558.295327
-43.343227,-5.945671,562.631229
-50.723940,15.445882,565.142515
-53.122208,41.650500,565.084662
-49.625705,67.229043,562.289324
-41.499240,87.507878,557.230577
-30.645238,102.678749,550.914048
-18.362884,114.634502,544.615221
-5.403155,124.974010,539.536790
11.009829,142.422617,536.079019
23.779398,153.320245,535.787915
35.607766,166.496885,537.170726
45.521883,-176.214441,539.352021
51.877640,-153.214534,541.420148
52.761471,-126.344930,542.734817
47.828772,-101.786856,543.126062
38.760420,-82.952940,542.926404
27.386147,-68.805927,542.829392
14.848345,-57.421235,543.619393
1.809251,-47.317778,545.859520
-11.275065,-37.368506,549.643592
-23.973749,-26.494771,554.501306
-35.715061,-13.357905,559.493575
-45.546730,3.845786,563.467402
-51.861612,26.683475,565.386464
-52.783797,53.370623,564.634691
-47.948486,77.854930,561.205069
-38.978412,96.708389,555.721652
-27.672335,110.897651,549.286724
-15.164672,122.319382,543.190791
-2.117454,132.450910,538.564734
14.254585,150.014332,535.812168
26.853704,161.337689,536.007098
38.316977,175.353065,537.678770
47.524308,-166.021945,539.911356
52.668417,-141.655731,541.835017
52.029913,-114.751988,542.914286
45.867424,-91.536942,543.108883
36.077028,-74.056206,542.861018
24.329218,-60.767343,542.915650
11.615853,-49.823037,544.030410
-1.473675,-39.856583,546.669585
-14.504358,-29.782241,550.787543
-27.027203,-18.484949,555.780585
-38.402108,-4.517190,560.627581
-47.533215,14.005322,564.173022
-52.653947,38.192873,565.460399
-52.073410,64.932512,564.014156
-46.013443,88.104307,559.990025
-36.315425,105.615337,554.152298
-24.626592,118.946343,547.681398
-11.933658,129.925372,541.860575
1.173154,139.918037,537.729593
17.470089,157.681032,535.680059
29.859238,169.520527,536.319993
40.889090,-175.501327,538.221620
49.273913,-155.446995,540.449665
53.085822,-129.914734,542.194576
50.943912,-103.420697,543.035995
43.681987,-81.662889,543.062497
33.274926,-65.420827,542.814465
21.213825,-52.872530,543.069659
8.360549,-42.284573,544.539308
-4.752987,-32.388788,547.574927
-17.702779,-22.121206,551.988321
-30.011078,-10.310992,557.051425
-40.952716,4.609555,561.679233
-49.270186,24.541877,564.735077
-53.078441,49.885096,565.360286
-51.011422,76.241481,563.229418
-43.853474,97.982300,558.659518
-33.531564,114.261436,552.542845
-21.519952,126.850727,546.117940
-8.677459,137.471077,540.638604
4.462255,147.391481,537.035986
20.648083,165.442511,535.675150
32.782473,177.896805,536.712756
43.299904,-166.033601,538.784214
50.736214,-144.499532,540.955780
53.117136,-118.104103,542.495063
49.532449,-92.419246,543.104459
41.303638,-72.144378,542.997732
30.372644,-57.014292,542.799695
18.050443,-45.097736,543.301404
5.089465,-34.788378,545.148836
-8.022305,-24.898273,548.569141
-20.862237,-14.365798,553.231531
-32.912134,-1.945267,558.295327
-43.343227,14.054329,562.631229
-50.723940,35.445882,565.142515
-53.122208,61.650500,565.084662
-49.625705,87.229043,562.289324
-41.499240,107.507878,557.230577
-30.645238,122.678749,550.914048
-18.362884,134.634502,544.615221
-5.403155,144.974010,539.536790
7.743373,154.887460,536.485963
23.779398,173.320245,535.787915
35.607766,-173.503115,537.170726
45.521883,-156.214441,539.352021
51.877640,-133.214534,541.420148
52.761471,-106.344930,542.734817
47.828772,-81.786856,543.126062
38.760420,-62.952940,542.926404
27.386147,-48.805927,542.829392
14.848345,-37.421235,543.619393
1.809251,-27.317778,545.859520
-11.275065,-17.368506,549.643592
-23.973749,-6.494771,554.501306
-35.715061,6.642095,559.493575
-45.546730,23.845786,563.467402
-51.861612,46.683475,565.386464
-52.783797,73.370623,564.634691
-47.948486,97.854930,561.205069
-38.978412,116.708389,555.721652
-27.672335,130.897651,549.286724
-15.164672,142.319382,543.190791
-2.117454,152.450910,538.564734
11.009829,162.422617,536.079019
26.853704,-178.662311,536.007098
38.316977,-164.646935,537.678770
47.524308,-146.021945,539.911356
52.668417,-121.655731,541.835017
52.029913,-94.751988,542.914286
45.867424,-71.536942,543.108883
36.077028,-54.056206,542.861018
24.329218,-40.767343,542.915650
11.615853,-29.823037,544.030410
-1.473675,-19.856583,546.669585
-14.504358,-9.782241,550.787543
-27.027203,1.515051,555.780585
-38.402108,15.482810,560.627581
-47.533215,34.005322,564.173022
-52.653947,58.192873,565.460399
-52.073410,84.932512,564.014156
-46.013443,108.104307,559.990025
-36.315425,125.615337,554.152298
-24.626592,138.946343,547.681398
-11.933658,149.925372,541.860575
1.173154,159.918037,537.729593
14.254585,170.014332,535.812168
29.859238,-170.479473,536.319993
40.889090,-155.501327,538.221620
49.273913,-135.446995,540.449665
53.085822,-109.914734,542.194576
50.943912,-83.420697,543.035995
43.681987,-61.662889,543.062497
33.274926,-45.420827,542.814465
21.213825,-32.872530,543.069659
8.360549,-22.284573,544.539308
-4.752987,-12.388788,547.574927
-17.702779,-2.121206,551.988321
-30.011078,9.689008,557.051425
-40.952716,24.609555,561.679233
-49.270186,44.541877,564.735077
-53.078441,69.885096,565.360286
-51.011422,96.241481,563.229418
-43.853474,117.982300,558.659518
-33.531564,134.261436,552.542845
-21.519952,146.850727,546.117940
-8.677459,157.471077,540.638604
4.462255,167.391481,537.035986
17.470089,177.681032,535.680059
32.782473,-162.103195,536.712756
43.299904,-146.033601,538.784214
50.736214,-124.499532,540.955780
53.117136,-98.104103,542.495063
49.532449,-72.419246,543.104459
41.303638,-52.144378,542.997732
30.372644,-37.014292,542.799695
18.050443,-25.097736,543.301404
5.089465,-14.788378,545.148836
-8.022305,-4.898273,548.569141
-20.862237,5.634202,553.231531
-32.912134,18.054733,558.295327
-43.343227,34.054329,562.631229
-50.723940,55.445882,565.142515
-53.122208,81.650500,565.084662
-49.625705,107.229043,562.289324
-41.499240,127.507878,557.230577
-30.645238,142.678749,550.914048
-18.362884,154.634502,544.615221
-5.403155,164.974010,539.536790
7.743373,174.887460,536.485963
20.648083,-174.557489,535.675150
35.607766,-153.503115,537.170726
45.521883,-136.214441,539.352021
51.877640,-113.214534,541.420148
52.761471,-86.344930,542.734817
47.828772,-61.786856,543.126062
38.760420,-42.952940,542.926404
27.386147,-28.805927,542.829392
14.848345,-17.421235,543.619393
1.809251,-7.317778,545.859520
-11.275065,2.631494,549.643592
-23.973749,13.505229,554.501306
-35.715061,26.642095,559.493575
-45.546730,43.845786,563.467402
-51.861612,66.683475,565.386464
-52.783797,93.370623,564.634691
-47.948486,117.854930,561.205069
-38.978412,136.708389,555.721652
-27.672335,150.897651,549.286724
-15.164672,162.319382,543.190791
-2.117454,172.450910,538.564734
11.009829,-177.577383,536.079019
23.779398,-166.679755,535.787915
38.316977,-144.646935,537.678770
47.524308,-126.021945,539.911356
52.668417,-101.655731,541.835017
52.029913,-74.751988,542.914286
45.867424,-51.536942,543.108883
36.077028,-34.056206,542.861018
24.329218,-20.767343,542.915650
11.615853,-9.823037,544.030410
-1.473675,0.143417,546.669585
-14.504358,10.217759,550.787543
-27.027203,21.515051,555.780585
-38.402108,35.482810,560.627581
-47.533215,54.005322,564.173022
-52.653947,78.192873,565.460399
-52.073410,104.932512,564.014156
-46.013443,128.104307,559.990025
-36.315425,145.615337,554.152298
-24.626592,158.946343,547.681398
-11.933658,169.925372,541.860575
1.173154,179.918037,537.729593
14.254585,-169.985668,535.812168
26.853704,-158.662311,536.007098
40.889090,-135.501327,538.221620
49.273913,-115.446995,540.449665
53.085822,-89.914734,542.194576
50.943912,-63.420697,543.035995
43.681987,-41.662889,543.062497
33.274926,-25.420827,542.814465
21.213825,-12.872530,543.069659
8.360549,-2.284573,544.539308
-4.752987,7.611212,547.574927
-17.702779,17.878794,551.988321
-30.011078,29.689008,557.051425
-40.952716,44.609555,561.679233
-49.270186,64.541877,564.735077
-53.078441,89.885096,565.360286
-51.011422,116.241481,563.229418
-43.853474,137.982300,558.659518
-33.531564,154.261436,552.542845
-21.519952,166.850727,546.117940
-8.677459,177.471077,540.638604
4.462255,-172.608519,537.035986
17.470089,-162.318968,535.680059
29.859238,-150.479473,536.319993
