41.227775,-32.019270,542.995567
30.282010,-16.921318,542.799873
17.952534,-5.022556,543.309848
4.988726,5.279412,545.169173
-8.122584,15.170366,548.601021
-20.958655,25.712168,553.270252
-32.999850,38.153097,558.332939
-43.413901,54.187872,562.658741
-50.763786,75.624454,565.152493
-53.117474,101.849914,565.073419
-49.578315,127.399059,562.258082
-41.424092,147.633240,557.185291
-30.555058,162.772051,550.863900
-18.265132,174.709948,544.570186
-5.302281,-174.958001,539.504937
7.844046,-165.043734,536.471335
20.745093,-154.479328,535.676921
32.870874,-142.004476,536.725941
43.371176,-125.899281,538.801663
50.776250,-104.319553,540.970719
53.111940,-77.903385,542.503336
49.484251,-52.248926,543.105777
38.679897,-22.837385,542.924232
27.293153,-8.718583,542.831133
14.749383,2.651248,543.630605
1.708334,12.749483,545.882951
-11.374727,22.701609,549.677780
-24.068540,33.587106,554.540579
-35.799492,46.747767,559.529488
-45.611194,63.990375,563.491112
-51.891251,86.871470,565.391300
-52.767419,113.566791,564.618135
-47.892667,138.013476,561.169598
-38.898547,156.824244,555.674212
-27.579721,170.985312,549.236950
-15.065791,-177.607887,543.148425
-2.016333,-167.481642,538.536997
11.109941,-157.507102,536.068755
23.874815,-146.597660,535.793133
35.692883,-133.397012,537.185678
45.586879,-116.068919,539.369408
51.907312,-93.025038,541.433671
52.744495,-66.147682,542.741219
47.772138,-41.628213,543.126059
35.992551,-13.949182,542.859232
24.234257,-0.684795,542.919313
11.516080,10.247339,544.044569
-1.574576,20.210642,546.696019
-14.603185,30.289895,550.823676
-27.120034,41.601585,555.819870
-38.482665,55.596786,560.661229
-47.590502,74.161447,564.192504
-52.672570,98.387943,565.459933
-52.045873,125.122194,563.992445
-45.950228,148.251273,559.950767
-36.231542,165.722686,554.103319
-24.531937,179.029194,547.632619
-11.833892,-170.004021,541.821337
1.274324,-160.014561,537.706151
14.353914,-149.913362,535.806137
26.947191,-138.575525,536.015392
38.398208,-124.532433,537.695018
47.582037,-105.864720,539.928277
52.686905,-81.459138,541.846915
52.001675,-54.561489,542.918864
45.803410,-31.390039,543.107832
33.187107,-5.321315,542.813463
21.117239,7.205985,543.075570
8.260188,17.784249,544.556531
-4.853675,27.678894,547.604200
-17.800533,37.953531,552.025982
-30.101570,49.781013,557.090161
-41.028721,64.732841,561.710071
-49.319271,84.709552,564.749960
-53.085497,110.084129,565.354433
-50.973487,136.422158,563.202787
-43.783843,158.118094,558.616972
-33.444270,174.361280,552.492962
-21.423597,-173.070473,546.070752
-8.577034,-162.459888,540.602894
4.563277,-152.540666,537.016940
17.568391,-142.244052,535.678062
29.950406,-130.387171,536.330953
40.965740,-115.377401,538.238697
49.323325,-95.278056,540.465754
53.092573,-69.714243,542.204703
50.905207,-43.239472,543.038858
43.611593,-21.527273,543.060713
30.282010,3.078682,542.799873
17.952534,14.977444,543.309848
4.988726,25.279412,545.169173
-8.122584,35.170366,548.601021
-20.958655,45.712168,553.270252
-32.999850,58.153097,558.332939
-43.413901,74.187872,562.658741
-50.763786,95.624454,565.152493
-53.117474,121.849914,565.073419
-49.578315,147.399059,562.258082
-41.424092,167.633240,557.185291
-30.555058,-177.227949,550.863900
-18.265132,-165.290052,544.570186
-5.302281,-154.958001,539.504937
7.844046,-145.043734,536.471335
20.745093,-134.479328,535.676921
32.870874,-122.004476,536.725941
43.371176,-105.899281,538.801663
50.776250,-84.319553,540.970719
53.111940,-57.903385,542.503336
49.484251,-32.248926,543.105777
41.227775,-12.019270,542.995567
27.293153,11.281417,542.831133
14.749383,22.651248,543.630605
1.708334,32.749483,545.882951
-11.374727,42.701609,549.677780
-24.068540,53.587106,554.540579
-35.799492,66.747767,559.529488
-45.611194,83.990375,563.491112
-51.891251,106.871470,565.391300
-52.767419,133.566791,564.618135
-47.892667,158.013476,561.169598
-38.898547,176.824244,555.674212
-27.579721,-169.014688,549.236950
-15.065791,-157.607887,543.148425
-2.016333,-147.481642,538.536997
11.109941,-137.507102,536.068755
23.874815,-126.597660,535.793133
35.692883,-113.397012,537.185678
45.586879,-96.068919,539.369408
51.907312,-73.025038,541.433671
52.744495,-46.147682,542.741219
47.772138,-21.628213,543.126059
38.679897,-2.837385,542.924232
24.234257,19.315205,542.919313
11.516080,30.247339,544.044569
-1.574576,40.210642,546.696019
-14.603185,50.289895,550.823676
-27.120034,61.601585,555.819870
-38.482665,75.596786,560.661229
-47.590502,94.161447,564.192504
-52.672570,118.387943,565.459933
-52.045873,145.122194,563.992445
-45.950228,168.251273,559.950767
-36.231542,-174.277314,554.103319
-24.531937,-160.970806,547.632619
-11.833892,-150.004021,541.821337
1.274324,-140.014561,537.706151
14.353914,-129.913362,535.806137
26.947191,-118.575525,536.015392
38.398208,-104.532433,537.695018
47.582037,-85.864720,539.928277
52.686905,-61.459138,541.846915
52.001675,-34.561489,542.918864
45.803410,-11.390039,543.107832
35.992551,6.050818,542.859232
21.117239,27.205985,543.075570
8.260188,37.784249,544.556531
-4.853675,47.678894,547.604200
-17.800533,57.953531,552.025982
-30.101570,69.781013,557.090161
-41.028721,84.732841,561.710071
-49.319271,104.709552,564.749960
-53.085497,130.084129,565.354433
-50.973487,156.422158,563.202787
-43.783843,178.118094,558.616972
-33.444270,-165.638720,552.492962
-21.423597,-153.070473,546.070752
-8.577034,-142.459888,540.602894
4.563277,-132.540666,537.016940
17.568391,-122.244052,535.678062
29.950406,-110.387171,536.330953
40.965740,-95.377401,538.238697
49.323325,-75.278056,540.465754
53.092573,-49.714243,542.204703
50.905207,-23.239472,543.038858
43.611593,-1.527273,543.060713
33.187107,14.678685,542.813463
17.952534,34.977444,543.309848
4.988726,45.279412,545.169173
-8.122584,55.170366,548.601021
-20.958655,65.712168,553.270252
-32.999850,78.153097,558.332939
-43.413901,94.187872,562.658741
-50.763786,115.624454,565.152493
-53.117474,141.849914,565.073419
-49.578315,167.399059,562.258082
-41.424092,-172.366760,557.185291
-30.555058,-157.227949,550.863900
-18.265132,-145.290052,544.570186
-5.302281,-134.958001,539.504937
7.844046,-125.043734,536.471335
20.745093,-114.479328,535.676921
32.870874,-102.004476,536.725941
43.371176,-85.899281,538.801663
50.776250,-64.319553,540.970719
53.111940,-37.903385,542.503336
49.484251,-12.248926,543.105777
41.227775,7.980730,542.995567
30.282010,23.078682,542.799873
14.749383,42.651248,543.630605
1.708334,52.749483,545.882951
-11.374727,62.701609,549.677780
-24.068540,73.587106,554.540579
-35.799492,86.747767,559.529488
-45.611194,103.990375,563.491112
-51.891251,126.871470,565.391300
-52.767419,153.566791,564.618135
-47.892667,178.013476,561.169598
-38.898547,-163.175756,555.674212
-27.579721,-149.014688,549.236950
-15.065791,-137.607887,543.148425
-2.016333,-127.481642,538.536997
11.109941,-117.507102,536.068755
23.874815,-106.597660,535.793133
35.692883,-93.397012,537.185678
45.586879,-76.068919,539.369408
51.907312,-53.025038,541.433671
52.744495,-26.147682,542.741219
47.772138,-1.628213,543.126059
38.679897,17.162615,542.924232
27.293153,31.281417,542.831133
11.516080,50.247339,544.044569
-1.574576,60.210642,546.696019
-14.603185,70.289895,550.823676
-27.120034,81.601585,555.819870
-38.482665,95.596786,560.661229
-47.590502,114.161447,564.192504
-52.672570,138.387943,565.459933
-52.045873,165.122194,563.992445
-45.950228,-171.748727,559.950767
-36.231542,-154.277314,554.103319
-24.531937,-140.970806,547.632619
-11.833892,-130.004021,541.821337
1.274324,-120.014561,537.706151
14.353914,-109.913362,535.806137
26.947191,-98.575525,536.015392
38.398208,-84.532433,537.695018
47.582037,-65.864720,539.928277
52.686905,-41.459138,541.846915
52.001675,-14.561489,542.918864
45.803410,8.609961,543.107832
35.992551,26.050818,542.859232
24.234257,39.315205,542.919313
8.260188,57.784249,544.556531
-4.853675,67.678894,547.604200
-17.800533,77.953531,552.025982
-30.101570,89.781013,557.090161
-41.028721,104.732841,561.710071
-49.319271,124.709552,564.749960
-53.085497,150.084129,565.354433
-50.973487,176.422158,563.202787
-43.783843,-161.881906,558.616972
-33.444270,-145.638720,552.492962
-21.423597,-133.070473,546.070752
-8.577034,-122.459888,540.602894
4.563277,-112.540666,537.016940
17.568391,-102.244052,535.678062
29.950406,-90.387171,536.330953
40.965740,-75.377401,538.238697
49.323325,-55.278056,540.465754
53.092573,-29.714243,542.204703
50.905207,-3.239472,543.038858
43.611593,18.472727,543.060713
33.187107,34.678685,542.813463
21.117239,47.205985,543.075570
4.988726,65.279412,545.169173
-8.122584,75.170366,548.601021
-20.958655,85.712168,553.270252
-32.999850,98.153097,558.332939
-43.413901,114.187872,562.658741
-50.763786,135.624454,565.152493
-53.117474,161.849914,565.073419
-49.578315,-172.600941,562.258082
-41.424092,-152.366760,557.185291
-30.555058,-137.227949,550.863900
-18.265132,-125.290052,544.570186
-5.302281,-114.958001,539.504937
7.844046,-105.043734,536.471335
20.745093,-94.479328,535.676921
32.870874,-82.004476,536.725941
43.371176,-65.899281,538.801663
50.776250,-44.319553,540.970719
53.111940,-17.903385,542.503336
49.484251,7.751074,543.105777
41.227775,27.980730,542.995567
30.282010,43.078682,542.799873
17.952534,54.977444,543.309848
1.708334,72.749483,545.882951
-11.374727,82.701609,549.677780
-24.068540,93.587106,554.540579
-35.799492,106.747767,559.529488
-45.611194,123.990375,563.491112
-51.891251,146.871470,565.391300
-52.767419,173.566791,564.618135
-47.892667,-161.986524,561.169598
-38.898547,-143.175756,555.674212
-27.579721,-129.014688,549.236950
-15.065791,-117.607887,543.148425
-2.016333,-107.481642,538.536997
11.109941,-97.507102,536.068755
23.874815,-86.597660,535.793133
35.692883,-73.397012,537.185678
45.586879,-56.068919,539.369408
51.907312,-33.025038,541.433671
52.744495,-6.147682,542.741219
47.772138,18.371787,543.126059
38.679897,37.162615,542.924232
27.293153,51.281417,542.831133
14.749383,62.651248,543.630605
-1.574576,80.210642,546.696019
-14.603185,90.289895,550.823676
-27.120034,101.601585,555.819870
-38.482665,115.596786,560.661229
-47.590502,134.161447,564.192504
-52.672570,158.387943,565.459933
-52.045873,-174.877806,563.992445
-45.950228,-151.748727,559.950767
-36.231542,-134.277314,554.103319
-24.531937,-120.970806,547.632619
-11.833892,-110.004021,541.821337
1.274324,-100.014561,537.706151
14.353914,-89.913362,535.806137
26.947191,-78.575525,536.015392
38.398208,-64.532433,537.695018
47.582037,-45.864720,539.928277
52.686905,-21.459138,541.846915
52.001675,5.438511,542.918864
45.803410,28.609961,543.107832
35.992551,46.050818,542.859232
24.234257,59.315205,542.919313
11.516080,70.247339,544.044569
-4.853675,87.678894,547.604200
-17.800533,97.953531,552.025982
-30.101570,109.781013,557.090161
-41.028721,124.732841,561.710071
-49.319271,144.709552,564.749960
-53.085497,170.084129,565.354433
-50.973487,-163.577842,563.202787
-43.783843,-141.881906,558.616972
-33.444270,-125.638720,552.492962
-21.423597,-113.070473,546.070752
-8.577034,-102.459888,540.602894
4.563277,-92.540666,537.016940
17.568391,-82.244052,535.678062
29.950406,-70.387171,536.330953
40.965740,-55.377401,538.238697
49.323325,-35.278056,540.465754
53.092573,-9.714243,542.204703
50.905207,16.760528,543.038858
43.611593,38.472727,543.060713
33.187107,54.678685,542.813463
21.117239,67.205985,543.075570
8.260188,77.784249,544.556531
-8.122584,95.170366,548.601021
-20.958655,105.712168,553.270252
-32.999850,118.153097,558.332939
-43.413901,134.187872,562.658741
-50.763786,155.624454,565.152493
-53.117474,-178.150086,565.073419
-49.578315,-152.600941,562.258082
-41.424092,-132.366760,557.185291
-30.555058,-117.227949,550.863900
-18.265132,-105.290052,544.570186
-5.302281,-94.958001,539.504937
7.844046,-85.043734,536.471335
20.745093,-74.479328,535.676921
32.870874,-62.004476,536.725941
43.371176,-45.899281,538.801663
50.776250,-24.319553,540.970719
53.111940,2.096615,542.503336
49.484251,27.751074,543.105777
41.227775,47.980730,542.995567
30.282010,63.078682,542.799873
17.952534,74.977444,543.309848
4.988726,85.279412,545.169173
-11.374727,102.701609,549.677780
-24.068540,113.587106,554.540579
-35.799492,126.747767,559.529488
-45.611194,143.990375,563.491112
-51.891251,166.871470,565.391300
-52.767419,-166.433209,564.618135
-47.892667,-141.986524,561.169598
-38.898547,-123.175756,555.674212
-27.579721,-109.014688,549.236950
-15.065791,-97.607887,543.148425
-2.016333,-87.481642,538.536997
11.109941,-77.507102,536.068755
23.874815,-66.597660,535.793133
35.692883,-53.397012,537.185678
45.586879,-36.068919,539.369408
51.907312,-13.025038,541.433671
52.744495,13.852318,542.741219
47.772138,38.371787,543.126059
38.679897,57.162615,542.924232
27.293153,71.281417,542.831133
14.749383,82.651248,543.630605
1.708334,92.749483,545.882951
-14.603185,110.289895,550.823676
-27.120034,121.601585,555.819870
-38.482665,135.596786,560.661229
-47.590502,154.161447,564.192504
-52.672570,178.387943,565.459933
-52.045873,-154.877806,563.992445
-45.950228,-131.748727,559.950767
-36.231542,-114.277314,554.103319
-24.531937,-100.970806,547.632619
-11.833892,-90.004021,541.821337
1.274324,-80.014561,537.706151
14.353914,-69.913362,535.806137
26.947191,-58.575525,536.015392
38.398208,-44.532433,537.695018
47.582037,-25.864720,539.928277
52.686905,-1.459138,541.846915
52.001675,25.438511,542.918864
45.803410,48.609961,543.107832
35.992551,66.050818,542.859232
24.234257,79.315205,542.919313
11.516080,90.247339,544.044569
-1.574576,100.210642,546.696019
-17.800533,117.953531,552.025982
-30.101570,129.781013,557.090161
-41.028721,144.732841,561.710071
-49.319271,164.709552,564.749960
-53.085497,-169.915871,565.354433
-50.973487,-143.577842,563.202787
-43.783843,-121.881906,558.616972
-33.444270,-105.638720,552.492962
-21.423597,-93.070473,546.070752
-8.577034,-82.459888,540.602894
4.563277,-72.540666,537.016940
17.568391,-62.244052,535.678062
29.950406,-50.387171,536.330953
40.965740,-35.377401,538.238697
49.323325,-15.278056,540.465754
53.092573,10.285757,542.204703
50.905207,36.760528,543.038858
43.611593,58.472727,543.060713
33.187107,74.678685,542.813463
21.117239,87.205985,543.075570
8.260188,97.784249,544.556531
-4.853675,107.678894,547.604200
-20.958655,125.712168,553.270252
-32.999850,138.153097,558.332939
-43.413901,154.187872,562.658741
-50.763786,175.624454,565.152493
-53.117474,-158.150086,565.073419
-49.578315,-132.600941,562.258082
-41.424092,-112.366760,557.185291
-30.555058,-97.227949,550.863900
-18.265132,-85.290052,544.570186
-5.302281,-74.958001,539.504937
7.844046,-65.043734,536.471335
20.745093,-54.479328,535.676921
32.870874,-42.004476,536.725941
43.371176,-25.899281,538.801663
50.776250,-4.319553,540.970719
53.111940,22.096615,542.503336
49.484251,47.751074,543.105777
41.227775,67.980730,542.995567
30.282010,83.078682,542.799873
17.952534,94.977444,543.309848
4.988726,105.279412,545.169173
-8.122584,115.170366,548.601021
-24.068540,133.587106,554.540579
-35.799492,146.747767,559.529488
-45.611194,163.990375,563.491112
-51.891251,-173.128530,565.391300
-52.767419,-146.433209,564.618135
-47.892667,-121.986524,561.169598
-38.898547,-103.175756,555.674212
-27.579721,-89.014688,549.236950
-15.065791,-77.607887,543.148425
-2.016333,-67.481642,538.536997
11.109941,-57.507102,536.068755
23.874815,-46.597660,535.793133
35.692883,-33.397012,537.185678
45.586879,-16.068919,539.369408
51.907312,6.974962,541.433671
52.744495,33.852318,542.741219
47.772138,58.371787,543.126059
38.679897,77.162615,542.924232
27.293153,91.281417,542.831133
14.749383,102.651248,543.630605
1.708334,112.749483,545.882951
-11.374727,122.701609,549.677780
-27.120034,141.601585,555.819870
-38.482665,155.596786,560.661229
-47.590502,174.161447,564.192504
-52.672570,-161.612057,565.459933
-52.045873,-134.877806,563.992445
-45.950228,-111.748727,559.950767
-36.231542,-94.277314,554.103319
-24.531937,-80.970806,547.632619
-11.833892,-70.004021,541.821337
1.274324,-60.014561,537.706151
14.353914,-49.913362,535.806137
26.947191,-38.575525,536.015392
38.398208,-24.532433,537.695018
47.582037,-5.864720,539.928277
52.686905,18.540862,541.846915
52.001675,45.438511,542.918864
45.803410,68.609961,543.107832
35.992551,86.050818,542.859232
24.234257,99.315205,542.919313
11.516080,110.247339,544.044569
-1.574576,120.210642,546.696019
-14.603185,130.289895,550.823676
-30.101570,149.781013,557.090161
-41.028721,164.732841,561.710071
-49.319271,-175.290448,564.749960
-53.085497,-149.915871,565.354433
-50.973487,-123.577842,563.202787
-43.783843,-101.881906,558.616972
-33.444270,-85.638720,552.492962
-21.423597,-73.070473,546.070752
-8.577034,-62.459888,540.602894
4.563277,-52.540666,537.016940
17.568391,-42.244052,535.678062
29.950406,-30.387171,536.330953
40.965740,-15.377401,538.238697
49.323325,4.721944,540.465754
53.092573,30.285757,542.204703
50.905207,56.760528,543.038858
43.611593,78.472727,543.060713
33.187107,94.678685,542.813463
21.117239,107.205985,543.075570
8.260188,117.784249,544.556531
-4.853675,127.678894,547.604200
-17.800533,137.953531,552.025982
-32.999850,158.153097,558.332939
-43.413901,174.187872,562.658741
-50.763786,-164.375546,565.152493
-53.117474,-138.150086,565.073419
-49.578315,-112.600941,562.258082
-41.424092,-92.366760,557.185291
-30.555058,-77.227949,550.863900
-18.265132,-65.290052,544.570186
-5.302281,-54.958001,539.504937
7.844046,-45.043734,536.471335
20.745093,-34.479328,535.676921
32.870874,-22.004476,536.725941
43.371176,-5.899281,538.801663
50.776250,15.680447,540.970719
53.111940,42.096615,542.503336
49.484251,67.751074,543.105777
41.227775,87.980730,542.995567
30.282010,103.078682,542.799873
17.952534,114.977444,543.309848
4.988726,125.279412,545.169173
-8.122584,135.170366,548.601021
-20.958655,145.712168,553.270252
-35.799492,166.747767,559.529488
-45.611194,-176.009625,563.491112
-51.891251,-153.128530,565.391300
-52.767419,-126.433209,564.618135
-47.892667,-101.986524,561.169598
-38.898547,-83.175756,555.674212
-27.579721,-69.014688,549.236950
-15.065791,-57.607887,543.148425
-2.016333,-47.481642,538.536997
11.109941,-37.507102,536.068755
23.874815,-26.597660,535.793133
35.692883,-13.397012,537.185678
45.586879,3.931081,539.369408
51.907312,26.974962,541.433671
52.744495,53.852318,542.741219
47.772138,78.371787,543.126059
38.679897,97.162615,542.924232
27.293153,111.281417,542.831133
14.749383,122.651248,543.630605
1.708334,132.749483,545.882951
-11.374727,142.701609,549.677780
-24.068540,153.587106,554.540579
-38.482665,175.596786,560.661229
-47.590502,-165.838553,564.192504
-52.672570,-141.612057,565.459933
-52.045873,-114.877806,563.992445
-45.950228,-91.748727,559.950767
-36.231542,-74.277314,554.103319
-24.531937,-60.970806,547.632619
-11.833892,-50.004021,541.821337
1.274324,-40.014561,537.706151
14.353914,-29.913362,535.806137
26.947191,-18.575525,536.015392
38.398208,-4.532433,537.695018
47.582037,14.135280,539.928277
52.686905,38.540862,541.846915
52.001675,65.438511,542.918864
45.803410,88.609961,543.107832
35.992551,106.050818,542.859232
24.234257,119.315205,542.919313
11.516080,130.247339,544.044569
-1.574576,140.210642,546.696019
-14.603185,150.289895,550.823676
-27.120034,161.601585,555.819870
-41.028721,-175.267159,561.710071
-49.319271,-155.290448,564.749960
-53.085497,-129.915871,565.354433
-50.973487,-103.577842,563.202787
-43.783843,-81.881906,558.616972
-33.444270,-65.638720,552.492962
-21.423597,-53.070473,546.070752
-8.577034,-42.459888,540.602894
4.563277,-32.540666,537.016940
17.568391,-22.244052,535.678062
29.950406,-10.387171,536.330953
40.965740,4.622599,538.238697
49.323325,24.721944,540.465754
53.092573,50.285757,542.204703
50.905207,76.760528,543.038858
43.611593,98.472727,543.060713
33.187107,114.678685,542.813463
21.117239,127.205985,543.075570
8.260188,137.784249,544.556531
-4.853675,147.678894,547.604200
-17.800533,157.953531,552.025982
-30.101570,169.781013,557.090161
-43.413901,-165.812128,562.658741
-50.763786,-144.375546,565.152493
-53.117474,-118.150086,565.073419
-49.578315,-92.600941,562.258082
-41.424092,-72.366760,557.185291
-30.555058,-57.227949,550.863900
-18.265132,-45.290052,544.570186
-5.302281,-34.958001,539.504937
7.844046,-25.043734,536.471335
20.745093,-14.479328,535.676921
32.870874,-2.004476,536.725941
43.371176,14.100719,538.801663
50.776250,35.680447,540.970719
53.111940,62.096615,542.503336
49.484251,87.751074,543.105777
41.227775,107.980730,542.995567
30.282010,123.078682,542.799873
17.952534,134.977444,543.309848
4.988726,145.279412,545.169173
-8.122584,155.170366,548.601021
-20.958655,165.712168,553.270252
-32.999850,178.153097,558.332939
-45.611194,-156.009625,563.491112
-51.891251,-133.128530,565.391300
-52.767419,-106.433209,564.618135
-47.892667,-81.986524,561.169598
-38.898547,-63.175756,555.674212
-27.579721,-49.014688,549.236950
-15.065791,-37.607887,543.148425
-2.016333,-27.481642,538.536997
11.109941,-17.507102,536.068755
23.874815,-6.597660,535.793133
35.692883,6.602988,537.185678
45.586879,23.931081,539.369408
51.907312,46.974962,541.433671
52.744495,73.852318,542.741219
47.772138,98.371787,543.126059
38.679897,117.162615,542.924232
27.293153,131.281417,542.831133
14.749383,142.651248,543.630605
1.708334,152.749483,545.882951
-11.374727,162.701609,549.677780
-24.068540,173.587106,554.540579
-35.799492,-173.252233,559.529488
-47.590502,-145.838553,564.192504
-52.672570,-121.612057,565.459933
-52.045873,-94.877806,563.992445
-45.950228,-71.748727,559.950767
-36.231542,-54.277314,554.103319
-24.531937,-40.970806,547.632619
-11.833892,-30.004021,541.821337
1.274324,-20.014561,537.706151
14.353914,-9.913362,535.806137
26.947191,1.424475,536.015392
38.398208,15.467567,537.695018
47.582037,34.135280,539.928277
52.686905,58.540862,541.846915
52.001675,85.438511,542.918864
45.803410,108.609961,543.107832
35.992551,126.050818,542.859232
24.234257,139.315205,542.919313
11.516080,150.247339,544.044569
-1.574576,160.210642,546.696019
-14.603185,170.289895,550.823676
-27.120034,-178.398415,555.819870
-38.482665,-164.403214,560.661229
-49.319271,-135.290448,564.749960
-53.085497,-109.915871,565.354433
-50.973487,-83.577842,563.202787
-43.783843,-61.881906,558.616972
-33.444270,-45.638720,552.492962
-21.423597,-33.070473,546.070752
-8.577034,-22.459888,540.602894
4.563277,-12.540666,537.016940
17.568391,-2.244052,535.678062
29.950406,9.612829,536.330953
40.965740,24.622599,538.238697
49.323325,44.721944,540.465754
53.092573,70.285757,542.204703
50.905207,96.760528,543.038858
43.611593,118.472727,543.060713
33.187107,134.678685,542.813463
21.117239,147.205985,543.075570
8.260188,157.784249,544.556531
-4.853675,167.678894,547.604200
-17.800533,177.953531,552.025982
-30.101570,-170.218987,557.090161
-41.028721,-155.267159,561.710071
-50.763786,-124.375546,565.152493
-53.117474,-98.150086,565.073419
-49.578315,-72.600941,562.258082
-41.424092,-52.366760,557.185291
-30.555058,-37.227949,550.863900
-18.265132,-25.290052,544.570186
-5.302281,-14.958001,539.504937
7.844046,-5.043734,536.471335
20.745093,5.520672,535.676921
32.870874,17.995524,536.725941
43.371176,34.100719,538.801663
50.776250,55.680447,540.970719
53.111940,82.096615,542.503336
49.484251,107.751074,543.105777
41.227775,127.980730,542.995567
30.282010,143.078682,542.799873
17.952534,154.977444,543.309848
4.988726,165.279412,545.169173
-8.122584,175.170366,548.601021
-20.958655,-174.287832,553.270252
-32.999850,-161.846903,558.332939
-43.413901,-145.812128,562.658741
-51.891251,-113.128530,565.391300
-52.767419,-86.433209,564.618135
-47.892667,-61.986524,561.169598
-38.898547,-43.175756,555.674212
-27.579721,-29.014688,549.236950
-15.065791,-17.607887,543.148425
-2.016333,-7.481642,538.536997
11.109941,2.492898,536.068755
23.874815,13.402340,535.793133
35.692883,26.602988,537.185678
45.586879,43.931081,539.369408
51.907312,66.974962,541.433671
52.744495,93.852318,542.741219
47.772138,118.371787,543.126059
38.679897,137.162615,542.924232
27.293153,151.281417,542.831133
14.749383,162.651248,543.630605
1.708334,172.749483,545.882951
-11.374727,-177.298391,549.677780
-24.068540,-166.412894,554.540579
-35.799492,-153.252233,559.529488
-45.611194,-136.009625,563.491112
-52.672570,-101.612057,565.459933
-52.045873,-74.877806,563.992445
-45.950228,-51.748727,559.950767
-36.231542,-34.277314,554.103319
-24.531937,-20.970806,547.632619
-11.833892,-10.004021,541.821337
1.274324,-0.014561,537.706151
14.353914,10.086638,535.806137
26.947191,21.424475,536.015392
38.398208,35.467567,537.695018
47.582037,54.135280,539.928277
52.686905,78.540862,541.846915
52.001675,105.438511,542.918864
45.803410,128.609961,543.107832
35.992551,146.050818,542.859232
24.234257,159.315205,542.919313
11.516080,170.247339,544.044569
-1.574576,-179.789358,546.696019
-14.603185,-169.710105,550.823676
-27.120034,-158.398415,555.819870
-38.482665,-144.403214,560.661229
-47.590502,-125.838553,564.192504
-53.085497,-89.915871,565.354433
-50.973487,-63.577842,563.202787
-43.783843,-41.881906,558.616972
-33.444270,-25.638720,552.492962
-21.423597,-13.070473,546.070752
-8.577034,-2.459888,540.602894
4.563277,7.459334,537.016940
17.568391,17.755948,535.678062
29.950406,29.612829,536.330953
40.965740,44.622599,538.238697
49.323325,64.721944,540.465754
53.092573,90.285757,542.204703
50.905207,116.760528,543.038858
43.611593,138.472727,543.060713
33.187107,154.678685,542.813463
21.117239,167.205985,543.075570
8.260188,177.784249,544.556531
-4.853675,-172.321106,547.604200
-17.800533,-162.046469,552.025982
-30.101570,-150.218987,557.090161
-41.028721,-135.267159,561.710071
-49.319271,-115.290448,564.749960
-53.117474,-78.150086,565.073419
-49.578315,-52.600941,562.258082
-41.424092,-32.366760,557.185291
-30.555058,-17.227949,550.863900
-18.265132,-5.290052,544.570186
-5.302281,5.041999,539.504937
7.844046,14.956266,536.471335
20.745093,25.520672,535.676921
32.870874,37.995524,536.725941
43.371176,54.100719,538.801663
50.776250,75.680447,540.970719
53.111940,102.096615,542.503336
49.484251,127.751074,543.105777
41.227775,147.980730,542.995567
30.282010,163.078682,542.799873
17.952534,174.977444,543.309848
4.988726,-174.720588,545.169173
-8.122584,-164.829634,548.601021
-20.958655,-154.287832,553.270252
-32.999850,-141.846903,558.332939
-43.413901,-125.812128,562.658741
-50.763786,-104.375546,565.152493
-52.767419,-66.433209,564.618135
-47.892667,-41.986524,561.169598
-38.898547,-23.175756,555.674212
-27.579721,-9.014688,549.236950
-15.065791,2.392113,543.148425
-2.016333,12.518358,538.536997
11.109941,22.492898,536.068755
23.874815,33.402340,535.793133
35.692883,46.602988,537.185678
45.586879,63.931081,539.369408
51.907312,86.974962,541.433671
52.744495,113.852318,542.741219
47.772138,138.371787,543.126059
38.679897,157.162615,542.924232
27.293153,171.281417,542.831133
14.749383,-177.348752,543.630605
1.708334,-167.250517,545.882951
-11.374727,-157.298391,549.677780
-24.068540,-146.412894,554.540579
-35.799492,-133.252233,559.529488
-45.611194,-116.009625,563.491112
-51.891251,-93.128530,565.391300
-52.045873,-54.877806,563.992445
-45.950228,-31.748727,559.950767
-36.231542,-14.277314,554.103319
-24.531937,-0.970806,547.632619
-11.833892,9.995979,541.821337
1.274324,19.985439,537.706151
14.353914,30.086638,535.806137
26.947191,41.424475,536.015392
38.398208,55.467567,537.695018
47.582037,74.135280,539.928277
52.686905,98.540862,541.846915
52.001675,125.438511,542.918864
45.803410,148.609961,543.107832
35.992551,166.050818,542.859232
24.234257,179.315205,542.919313
11.516080,-169.752661,544.044569
-1.574576,-159.789358,546.696019
-14.603185,-149.710105,550.823676
-27.120034,-138.398415,555.819870
-38.482665,-124.403214,560.661229
-47.590502,-105.838553,564.192504
-52.672570,-81.612057,565.459933
-50.973487,-43.577842,563.202787
-43.783843,-21.881906,558.616972
-33.444270,-5.638720,552.492962
-21.423597,6.929527,546.070752
-8.577034,17.540112,540.602894
4.563277,27.459334,537.016940
17.568391,37.755948,535.678062
29.950406,49.612829,536.330953
40.965740,64.622599,538.238697
49.323325,84.721944,540.465754
53.092573,110.285757,542.204703
50.905207,136.760528,543.038858
43.611593,158.472727,543.060713
33.187107,174.678685,542.813463
21.117239,-172.794015,543.075570
8.260188,-162.215751,544.556531
-4.853675,-152.321106,547.604200
-17.800533,-142.046469,552.025982
-30.101570,-130.218987,557.090161
-41.028721,-115.267159,561.710071
-49.319271,-95.290448,564.749960
-53.085497,-69.915871,565.354433
-49.578315,-32.600941,562.258082
-41.424092,-12.366760,557.185291
-30.555058,2.772051,550.863900
-18.265132,14.709948,544.570186
-5.302281,25.041999,539.504937
7.844046,34.956266,536.471335
20.745093,45.520672,535.676921
32.870874,57.995524,536.725941
43.371176,74.100719,538.801663
50.776250,95.680447,540.970719
53.111940,122.096615,542.503336
49.484251,147.751074,543.105777
41.227775,167.980730,542.995567
30.282010,-176.921318,542.799873
17.952534,-165.022556,543.309848
4.988726,-154.720588,545.169173
-8.122584,-144.829634,548.601021
-20.958655,-134.287832,553.270252
-32.999850,-121.846903,558.332939
-43.413901,-105.812128,562.658741
-50.763786,-84.375546,565.152493
-53.117474,-58.150086,565.073419
-47.892667,-21.986524,561.169598
-38.898547,-3.175756,555.674212
-27.579721,10.985312,549.236950
-15.065791,22.392113,543.148425
-2.016333,32.518358,538.536997
11.109941,42.492898,536.068755
23.874815,53.402340,535.793133
35.692883,66.602988,537.185678
45.586879,83.931081,539.369408
51.907312,106.974962,541.433671
52.744495,133.852318,542.741219
47.772138,158.371787,543.126059
38.679897,177.162615,542.924232
27.293153,-168.718583,542.831133
14.749383,-157.348752,543.630605
1.708334,-147.250517,545.882951
-11.374727,-137.298391,549.677780
-24.068540,-126.412894,554.540579
-35.799492,-113.252233,559.529488
-45.611194,-96.009625,563.491112
-51.891251,-73.128530,565.391300
-52.767419,-46.433209,564.618135
-45.950228,-11.748727,559.950767
-36.231542,5.722686,554.103319
-24.531937,19.029194,547.632619
-11.833892,29.995979,541.821337
1.274324,39.985439,537.706151
14.353914,50.086638,535.806137
26.947191,61.424475,536.015392
38.398208,75.467567,537.695018
47.582037,94.135280,539.928277
52.686905,118.540862,541.846915
52.001675,145.438511,542.918864
45.803410,168.609961,543.107832
35.992551,-173.949182,542.859232
24.234257,-160.684795,542.919313
11.516080,-149.752661,544.044569
-1.574576,-139.789358,546.696019
-14.603185,-129.710105,550.823676
-27.120034,-118.398415,555.819870
-38.482665,-104.403214,560.661229
-47.590502,-85.838553,564.192504
-52.672570,-61.612057,565.459933
-52.045873,-34.877806,563.992445
-43.783843,-1.881906,558.616972
-33.444270,14.361280,552.492962
-21.423597,26.929527,546.070752
-8.577034,37.540112,540.602894
4.563277,47.459334,537.016940
17.568391,57.755948,535.678062
29.950406,69.612829,536.330953
40.965740,84.622599,538.238697
49.323325,104.721944,540.465754
53.092573,130.285757,542.204703
50.905207,156.760528,543.038858
43.611593,178.472727,543.060713
33.187107,-165.321315,542.813463
21.117239,-152.794015,543.075570
8.260188,-142.215751,544.556531
-4.853675,-132.321106,547.604200
-17.800533,-122.046469,552.025982
-30.101570,-110.218987,557.090161
-41.028721,-95.267159,561.710071
-49.319271,-75.290448,564.749960
-53.085497,-49.915871,565.354433
-50.973487,-23.577842,563.202787
-41.424092,7.633240,557.185291
-30.555058,22.772051,550.863900
-18.265132,34.709948,544.570186
-5.302281,45.041999,539.504937
7.844046,54.956266,536.471335
20.745093,65.520672,535.676921
32.870874,77.995524,536.725941
43.371176,94.100719,538.801663
50.776250,115.680447,540.970719
53.111940,142.096615,542.503336
49.484251,167.751074,543.105777
41.227775,-172.019270,542.995567
30.282010,-156.921318,542.799873
17.952534,-145.022556,543.309848
4.988726,-134.720588,545.169173
-8.122584,-124.829634,548.601021
-20.958655,-114.287832,553.270252
-32.999850,-101.846903,558.332939
-43.413901,-85.812128,562.658741
-50.763786,-64.375546,565.152493
-53.117474,-38.150086,565.073419
-49.578315,-12.600941,562.258082
-38.898547,16.824244,555.674212
-27.579721,30.985312,549.236950
-15.065791,42.392113,543.148425
-2.016333,52.518358,538.536997
11.109941,62.492898,536.068755
23.874815,73.402340,535.793133
35.692883,86.602988,537.185678
45.586879,103.931081,539.369408
51.907312,126.974962,541.433671
52.744495,153.852318,542.741219
47.772138,178.371787,543.126059
38.679897,-162.837385,542.924232
27.293153,-148.718583,542.831133
14.749383,-137.348752,543.630605
1.708334,-127.250517,545.882951
-11.374727,-117.298391,549.677780
-24.068540,-106.412894,554.540579
-35.799492,-93.252233,559.529488
-45.611194,-76.009625,563.491112
-51.891251,-53.128530,565.391300
-52.767419,-26.433209,564.618135
-47.892667,-1.986524,561.169598
-36.231542,25.722686,554.103319
-24.531937,39.029194,547.632619
-11.833892,49.995979,541.821337
1.274324,59.985439,537.706151
14.353914,70.086638,535.806137
26.947191,81.424475,536.015392
38.398208,95.467567,537.695018
47.582037,114.135280,539.928277
52.686905,138.540862,541.846915
52.001675,165.438511,542.918864
45.803410,-171.390039,543.107832
35.992551,-153.949182,542.859232
24.234257,-140.684795,542.919313
11.516080,-129.752661,544.044569
-1.574576,-119.789358,546.696019
-14.603185,-109.710105,550.823676
-27.120034,-98.398415,555.819870
-38.482665,-84.403214,560.661229
-47.590502,-65.838553,564.192504
-52.672570,-41.612057,565.459933
-52.045873,-14.877806,563.992445
-45.950228,8.251273,559.950767
-33.444270,34.361280,552.492962
-21.423597,46.929527,546.070752
-8.577034,57.540112,540.602894
4.563277,67.459334,537.016940
17.568391,77.755948,535.678062
29.950406,89.612829,536.330953
40.965740,104.622599,538.238697
49.323325,124.721944,540.465754
53.092573,150.285757,542.204703
50.905207,176.760528,543.038858
43.611593,-161.527273,543.060713
33.187107,-145.321315,542.813463
21.117239,-132.794015,543.075570
8.260188,-122.215751,544.556531
-4.853675,-112.321106,547.604200
-17.800533,-102.046469,552.025982
-30.101570,-90.218987,557.090161
-41.028721,-75.267159,561.710071
-49.319271,-55.290448,564.749960
-53.085497,-29.915871,565.354433
-50.973487,-3.577842,563.202787
-43.783843,18.118094,558.616972
-30.555058,42.772051,550.863900
-18.265132,54.709948,544.570186
-5.302281,65.041999,539.504937
7.844046,74.956266,536.471335
20.745093,85.520672,535.676921
32.870874,97.995524,536.725941
43.371176,114.100719,538.801663
50.776250,135.680447,540.970719
53.111940,162.096615,542.503336
49.484251,-172.248926,543.105777
41.227775,-152.019270,542.995567
30.282010,-136.921318,542.799873
17.952534,-125.022556,543.309848
4.988726,-114.720588,545.169173
-8.122584,-104.829634,548.601021
-20.958655,-94.287832,553.270252
-32.999850,-81.846903,558.332939
-43.413901,-65.812128,562.658741
-50.763786,-44.375546,565.152493
-53.117474,-18.150086,565.073419
-49.578315,7.399059,562.258082
-41.424092,27.633240,557.185291
-27.579721,50.985312,549.236950
-15.065791,62.392113,543.148425
-2.016333,72.518358,538.536997
11.109941,82.492898,536.068755
23.874815,93.402340,535.793133
35.692883,106.602988,537.185678
45.586879,123.931081,539.369408
51.907312,146.974962,541.433671
52.744495,173.852318,542.741219
47.772138,-161.628213,543.126059
38.679897,-142.837385,542.924232
27.293153,-128.718583,542.831133
14.749383,-117.348752,543.630605
1.708334,-107.250517,545.882951
-11.374727,-97.298391,549.677780
-24.068540,-86.412894,554.540579
-35.799492,-73.252233,559.529488
-45.611194,-56.009625,563.491112
-51.891251,-33.128530,565.391300
-52.767419,-6.433209,564.618135
-47.892667,18.013476,561.169598
-38.898547,36.824244,555.674212
-24.531937,59.029194,547.632619
-11.833892,69.995979,541.821337
1.274324,79.985439,537.706151
14.353914,90.086638,535.806137
26.947191,101.424475,536.015392
38.398208,115.467567,537.695018
47.582037,134.135280,539.928277
52.686905,158.540862,541.846915
52.001675,-174.561489,542.918864
45.803410,-151.390039,543.107832
35.992551,-133.949182,542.859232
24.234257,-120.684795,542.919313
11.516080,-109.752661,544.044569
-1.574576,-99.789358,546.696019
-14.603185,-89.710105,550.823676
-27.120034,-78.398415,555.819870
-38.482665,-64.403214,560.661229
-47.590502,-45.838553,564.192504
-52.672570,-21.612057,565.459933
-52.045873,5.122194,563.992445
-45.950228,28.251273,559.950767
-36.231542,45.722686,554.103319
-21.423597,66.929527,546.070752
-8.577034,77.540112,540.602894
4.563277,87.459334,537.016940
17.568391,97.755948,535.678062
29.950406,109.612829,536.330953
40.965740,124.622599,538.238697
49.323325,144.721944,540.465754
53.092573,170.285757,542.204703
50.905207,-163.239472,543.038858
43.611593,-141.527273,543.060713
33.187107,-125.321315,542.813463
21.117239,-112.794015,543.075570
8.260188,-102.215751,544.556531
-4.853675,-92.321106,547.604200
-17.800533,-82.046469,552.025982
-30.101570,-70.218987,557.090161
-41.028721,-55.267159,561.710071
-49.319271,-35.290448,564.749960
-53.085497,-9.915871,565.354433
-50.973487,16.422158,563.202787
-43.783843,38.118094,558.616972
-33.444270,54.361280,552.492962
-18.265132,74.709948,544.570186
-5.302281,85.041999,539.504937
7.844046,94.956266,536.471335
20.745093,105.520672,535.676921
32.870874,117.995524,536.725941
43.371176,134.100719,538.801663
50.776250,155.680447,540.970719
53.111940,-177.903385,542.503336
49.484251,-152.248926,543.105777
41.227775,-132.019270,542.995567
30.282010,-116.921318,542.799873
17.952534,-105.022556,543.309848
4.988726,-94.720588,545.169173
-8.122584,-84.829634,548.601021
-20.958655,-74.287832,553.270252
-32.999850,-61.846903,558.332939
-43.413901,-45.812128,562.658741
-50.763786,-24.375546,565.152493
-53.117474,1.849914,565.073419
-49.578315,27.399059,562.258082
-41.424092,47.633240,557.185291
-30.555058,62.772051,550.863900
-15.065791,82.392113,543.148425
-2.016333,92.518358,538.536997
11.109941,102.492898,536.068755
23.874815,113.402340,535.793133
35.692883,126.602988,537.185678
45.586879,143.931081,539.369408
51.907312,166.974962,541.433671
52.744495,-166.147682,542.741219
47.772138,-141.628213,543.126059
38.679897,-122.837385,542.924232
27.293153,-108.718583,542.831133
14.749383,-97.348752,543.630605
1.708334,-87.250517,545.882951
-11.374727,-77.298391,549.677780
-24.068540,-66.412894,554.540579
-35.799492,-53.252233,559.529488
-45.611194,-36.009625,563.491112
-51.891251,-13.128530,565.391300
-52.767419,13.566791,564.618135
-47.892667,38.013476,561.169598
-38.898547,56.824244,555.674212
-27.579721,70.985312,549.236950
-11.833892,89.995979,541.821337
1.274324,99.985439,537.706151
14.353914,110.086638,535.806137
26.947191,121.424475,536.015392
38.398208,135.467567,537.695018
47.582037,154.135280,539.928277
52.686905,178.540862,541.846915
52.001675,-154.561489,542.918864
45.803410,-131.390039,543.107832
35.992551,-113.949182,542.859232
24.234257,-100.684795,542.919313
11.516080,-89.752661,544.044569
-1.574576,-79.789358,546.696019
-14.603185,-69.710105,550.823676
-27.120034,-58.398415,555.819870
-38.482665,-44.403214,560.661229
-47.590502,-25.838553,564.192504
-52.672570,-1.612057,565.459933
-52.045873,25.122194,563.992445
-45.950228,48.251273,559.950767
-36.231542,65.722686,554.103319
-24.531937,79.029194,547.632619
-8.577034,97.540112,540.602894
4.563277,107.459334,537.016940
17.568391,117.755948,535.678062
29.950406,129.612829,536.330953
40.965740,144.622599,538.238697
49.323325,164.721944,540.465754
53.092573,-169.714243,542.204703
50.905207,-143.239472,543.038858
43.611593,-121.527273,543.060713
33.187107,-105.321315,542.813463
21.117239,-92.794015,543.075570
8.260188,-82.215751,544.556531
-4.853675,-72.321106,547.604200
-17.800533,-62.046469,552.025982
-30.101570,-50.218987,557.090161
-41.028721,-35.267159,561.710071
-49.319271,-15.290448,564.749960
-53.085497,10.084129,565.354433
-50.973487,36.422158,563.202787
-43.783843,58.118094,558.616972
-33.444270,74.361280,552.492962
-21.423597,86.929527,546.070752
-5.302281,105.041999,539.504937
7.844046,114.956266,536.471335
20.745093,125.520672,535.676921
32.870874,137.995524,536.725941
43.371176,154.100719,538.801663
50.776250,175.680447,540.970719
53.111940,-157.903385,542.503336
49.484251,-132.248926,543.105777
41.227775,-112.019270,542.995567
30.282010,-96.921318,542.799873
17.952534,-85.022556,543.309848
4.988726,-74.720588,545.169173
-8.122584,-64.829634,548.601021
-20.958655,-54.287832,553.270252
-32.999850,-41.846903,558.332939
-43.413901,-25.812128,562.658741
-50.763786,-4.375546,565.152493
-53.117474,21.849914,565.073419
-49.578315,47.399059,562.258082
-41.424092,67.633240,557.185291
-30.555058,82.772051,550.863900
-18.265132,94.709948,544.570186
-2.016333,112.518358,538.536997
11.109941,122.492898,536.068755
23.874815,133.402340,535.793133
35.692883,146.602988,537.185678
45.586879,163.931081,539.369408
51.907312,-173.025038,541.433671
52.744495,-146.147682,542.741219
47.772138,-121.628213,543.126059
38.679897,-102.837385,542.924232
27.293153,-88.718583,542.831133
14.749383,-77.348752,543.630605
1.708334,-67.250517,545.882951
-11.374727,-57.298391,549.677780
-24.068540,-46.412894,554.540579
-35.799492,-33.252233,559.529488
-45.611194,-16.009625,563.491112
-51.891251,6.871470,565.391300
-52.767419,33.566791,564.618135
-47.892667,58.013476,561.169598
-38.898547,76.824244,555.674212
-27.579721,90.985312,549.236950
-15.065791,102.392113,543.148425
1.274324,119.985439,537.706151
14.353914,130.086638,535.806137
26.947191,141.424475,536.015392
38.398208,155.467567,537.695018
47.582037,174.135280,539.928277
52.686905,-161.459138,541.846915
52.001675,-134.561489,542.918864
45.803410,-111.390039,543.107832
35.992551,-93.949182,542.859232
24.234257,-80.684795,542.919313
11.516080,-69.752661,544.044569
-1.574576,-59.789358,546.696019
-14.603185,-49.710105,550.823676
-27.120034,-38.398415,555.819870
-38.482665,-24.403214,560.661229
-47.590502,-5.838553,564.192504
-52.672570,18.387943,565.459933
-52.045873,45.122194,563.992445
-45.950228,68.251273,559.950767
-36.231542,85.722686,554.103319
-24.531937,99.029194,547.632619
-11.833892,109.995979,541.821337
4.563277,127.459334,537.016940
17.568391,137.755948,535.678062
29.950406,149.612829,536.330953
40.965740,164.622599,538.238697
49.323325,-175.278056,540.465754
53.092573,-149.714243,542.204703
50.905207,-123.239472,543.038858
43.611593,-101.527273,543.060713
33.187107,-85.321315,542.813463
21.117239,-72.794015,543.075570
8.260188,-62.215751,544.556531
-4.853675,-52.321106,547.604200
-17.800533,-42.046469,552.025982
-30.101570,-30.218987,557.090161
-41.028721,-15.267159,561.710071
-49.319271,4.709552,564.749960
-53.085497,30.084129,565.354433
-50.973487,56.422158,563.202787
-43.783843,78.118094,558.616972
-33.444270,94.361280,552.492962
-21.423597,106.929527,546.070752
-8.577034,117.540112,540.602894
7.844046,134.956266,536.471335
20.745093,145.520672,535.676921
32.870874,157.995524,536.725941
43.371176,174.100719,538.801663
50.776250,-164.319553,540.970719
53.111940,-137.903385,542.503336
49.484251,-112.248926,543.105777
41.227775,-92.019270,542.995567
30.282010,-76.921318,542.799873
17.952534,-65.022556,543.309848
4.988726,-54.720588,545.169173
-8.122584,-44.829634,548.601021
-20.958655,-34.287832,553.270252
-32.999850,-21.846903,558.332939
-43.413901,-5.812128,562.658741
-50.763786,15.624454,565.152493
-53.117474,41.849914,565.073419
-49.578315,67.399059,562.258082
-41.424092,87.633240,557.185291
-30.555058,102.772051,550.863900
-18.265132,114.709948,544.570186
-5.302281,125.041999,539.504937
11.109941,142.492898,536.068755
23.874815,153.402340,535.793133
35.692883,166.602988,537.185678
45.586879,-176.068919,539.369408
51.907312,-153.025038,541.433671
52.744495,-126.147682,542.741219
47.772138,-101.628213,543.126059
38.679897,-82.837385,542.924232
27.293153,-68.718583,542.831133
14.749383,-57.348752,543.630605
1.708334,-47.250517,545.882951
-11.374727,-37.298391,549.677780
-24.068540,-26.412894,554.540579
-35.799492,-13.252233,559.529488
-45.611194,3.990375,563.491112
-51.891251,26.871470,565.391300
-52.767419,53.566791,564.618135
-47.892667,78.013476,561.169598
-38.898547,96.824244,555.674212
-27.579721,110.985312,549.236950
-15.065791,122.392113,543.148425
-2.016333,132.518358,538.536997
14.353914,150.086638,535.806137
26.947191,161.424475,536.015392
38.398208,175.467567,537.695018
47.582037,-165.864720,539.928277
52.686905,-141.459138,541.846915
52.001675,-114.561489,542.918864
45.803410,-91.390039,543.107832
35.992551,-73.949182,542.859232
24.234257,-60.684795,542.919313
11.516080,-49.752661,544.044569
-1.574576,-39.789358,546.696019
-14.603185,-29.710105,550.823676
-27.120034,-18.398415,555.819870
-38.482665,-4.403214,560.661229
-47.590502,14.161447,564.192504
-52.672570,38.387943,565.459933
-52.045873,65.122194,563.992445
-45.950228,88.251273,559.950767
-36.231542,105.722686,554.103319
-24.531937,119.029194,547.632619
-11.833892,129.995979,541.821337
1.274324,139.985439,537.706151
17.568391,157.755948,535.678062
29.950406,169.612829,536.330953
40.965740,-175.377401,538.238697
49.323325,-155.278056,540.465754
53.092573,-129.714243,542.204703
50.905207,-103.239472,543.038858
43.611593,-81.527273,543.060713
33.187107,-65.321315,542.813463
21.117239,-52.794015,543.075570
8.260188,-42.215751,544.556531
-4.853675,-32.321106,547.604200
-17.800533,-22.046469,552.025982
-30.101570,-10.218987,557.090161
-41.028721,4.732841,561.710071
-49.319271,24.709552,564.749960
-53.085497,50.084129,565.354433
-50.973487,76.422158,563.202787
-43.783843,98.118094,558.616972
-33.444270,114.361280,552.492962
-21.423597,126.929527,546.070752
-8.577034,137.540112,540.602894
4.563277,147.459334,537.016940
20.745093,165.520672,535.676921
32.870874,177.995524,536.725941
43.371176,-165.899281,538.801663
50.776250,-144.319553,540.970719
53.111940,-117.903385,542.503336
49.484251,-92.248926,543.105777
41.227775,-72.019270,542.995567
30.282010,-56.921318,542.799873
17.952534,-45.022556,543.309848
4.988726,-34.720588,545.169173
-8.122584,-24.829634,548.601021
-20.958655,-14.287832,553.270252
-32.999850,-1.846903,558.332939
-43.413901,14.187872,562.658741
-50.763786,35.624454,565.152493
-53.117474,61.849914,565.073419
-49.578315,87.399059,562.258082
-41.424092,107.633240,557.185291
-30.555058,122.772051,550.863900
-18.265132,134.709948,544.570186
-5.302281,145.041999,539.504937
7.844046,154.956266,536.471335
23.874815,173.402340,535.793133
35.692883,-173.397012,537.185678
45.586879,-156.068919,539.369408
51.907312,-133.025038,541.433671
52.744495,-106.147682,542.741219
47.772138,-81.628213,543.126059
38.679897,-62.837385,542.924232
27.293153,-48.718583,542.831133
14.749383,-37.348752,543.630605
1.708334,-27.250517,545.882951
-11.374727,-17.298391,549.677780
-24.068540,-6.412894,554.540579
-35.799492,6.747767,559.529488
-45.611194,23.990375,563.491112
-51.891251,46.871470,565.391300
-52.767419,73.566791,564.618135
-47.892667,98.013476,561.169598
-38.898547,116.824244,555.674212
-27.579721,130.985312,549.236950
-15.065791,142.392113,543.148425
-2.016333,152.518358,538.536997
11.109941,162.492898,536.068755
26.947191,-178.575525,536.015392
38.398208,-164.532433,537.695018
47.582037,-145.864720,539.928277
52.686905,-121.459138,541.846915
52.001675,-94.561489,542.918864
45.803410,-71.390039,543.107832
35.992551,-53.949182,542.859232
24.234257,-40.684795,542.919313
11.516080,-29.752661,544.044569
-1.574576,-19.789358,546.696019
-14.603185,-9.710105,550.823676
-27.120034,1.601585,555.819870
-38.482665,15.596786,560.661229
-47.590502,34.161447,564.192504
-52.672570,58.387943,565.459933
-52.045873,85.122194,563.992445
-45.950228,108.251273,559.950767
-36.231542,125.722686,554.103319
-24.531937,139.029194,547.632619
-11.833892,149.995979,541.821337
1.274324,159.985439,537.706151
14.353914,170.086638,535.806137
29.950406,-170.387171,536.330953
40.965740,-155.377401,538.238697
49.323325,-135.278056,540.465754
53.092573,-109.714243,542.204703
50.905207,-83.239472,543.038858
43.611593,-61.527273,543.060713
33.187107,-45.321315,542.813463
21.117239,-32.794015,543.075570
8.260188,-22.215751,544.556531
-4.853675,-12.321106,547.604200
-17.800533,-2.046469,552.025982
-30.101570,9.781013,557.090161
-41.028721,24.732841,561.710071
-49.319271,44.709552,564.749960
-53.085497,70.084129,565.354433
-50.973487,96.422158,563.202787
-43.783843,118.118094,558.616972
-33.444270,134.361280,552.492962
-21.423597,146.929527,546.070752
-8.577034,157.540112,540.602894
4.563277,167.459334,537.016940
17.568391,177.755948,535.678062
32.870874,-162.004476,536.725941
43.371176,-145.899281,538.801663
50.776250,-124.319553,540.970719
53.111940,-97.903385,542.503336
49.484251,-72.248926,543.105777
41.227775,-52.019270,542.995567
30.282010,-36.921318,542.799873
17.952534,-25.022556,543.309848
4.988726,-14.720588,545.169173
-8.122584,-4.829634,548.601021
-20.958655,5.712168,553.270252
-32.999850,18.153097,558.332939
-43.413901,34.187872,562.658741
-50.763786,55.624454,565.152493
-53.117474,81.849914,565.073419
-49.578315,107.399059,562.258082
-41.424092,127.633240,557.185291
-30.555058,142.772051,550.863900
-18.265132,154.709948,544.570186
-5.302281,165.041999,539.504937
7.844046,174.956266,536.471335
20.745093,-174.479328,535.676921
35.692883,-153.397012,537.185678
45.586879,-136.068919,539.369408
51.907312,-113.025038,541.433671
52.744495,-86.147682,542.741219
47.772138,-61.628213,543.126059
38.679897,-42.837385,542.924232
27.293153,-28.718583,542.831133
14.749383,-17.348752,543.630605
1.708334,-7.250517,545.882951
-11.374727,2.701609,549.677780
-24.068540,13.587106,554.540579
-35.799492,26.747767,559.529488
-45.611194,43.990375,563.491112
-51.891251,66.871470,565.391300
-52.767419,93.566791,564.618135
-47.892667,118.013476,561.169598
-38.898547,136.824244,555.674212
-27.579721,150.985312,549.236950
-15.065791,162.392113,543.148425
-2.016333,172.518358,538.536997
11.109941,-177.507102,536.068755
23.874815,-166.597660,535.793133
38.398208,-144.532433,537.695018
47.582037,-125.864720,539.928277
52.686905,-101.459138,541.846915
52.001675,-74.561489,542.918864
45.803410,-51.390039,543.107832
35.992551,-33.949182,542.859232
24.234257,-20.684795,542.919313
11.516080,-9.752661,544.044569
-1.574576,0.210642,546.696019
-14.603185,10.289895,550.823676
-27.120034,21.601585,555.819870
-38.482665,35.596786,560.661229
-47.590502,54.161447,564.192504
-52.672570,78.387943,565.459933
-52.045873,105.122194,563.992445
-45.950228,128.251273,559.950767
-36.231542,145.722686,554.103319
-24.531937,159.029194,547.632619
-11.833892,169.995979,541.821337
1.274324,179.985439,537.706151
14.353914,-169.913362,535.806137
26.947191,-158.575525,536.015392
40.965740,-135.377401,538.238697
49.323325,-115.278056,540.465754
53.092573,-89.714243,542.204703
50.905207,-63.239472,543.038858
43.611593,-41.527273,543.060713
33.187107,-25.321315,542.813463
21.117239,-12.794015,543.075570
8.260188,-2.215751,544.556531
-4.853675,7.678894,547.604200
-17.800533,17.953531,552.025982
-30.101570,29.781013,557.090161
-41.028721,44.732841,561.710071
-49.319271,64.709552,564.749960
-53.085497,90.084129,565.354433
-50.973487,116.422158,563.202787
-43.783843,138.118094,558.616972
-33.444270,154.361280,552.492962
-21.423597,166.929527,546.070752
-8.577034,177.540112,540.602894
4.563277,-172.540666,537.016940
17.568391,-162.244052,535.678062
29.950406,-150.387171,536.330953
