41.075585,-31.769979,542.991218
30.100508,-16.735929,542.800357
17.756609,-4.872473,543.326980
4.787223,5.414920,545.210134
-8.323094,15.307759,548.665008
-21.151356,25.868429,553.347768
-33.175000,38.350455,558.408031
-43.554715,54.455945,562.713434
-50.842578,75.982546,565.171984
-53.106922,102.248599,565.050438
-49.482712,127.738058,562.195192
-41.273329,147.883045,557.094494
-30.374455,162.958097,550.763611
-18.069511,174.860563,544.480341
-5.100501,-174.822094,539.441602
8.045348,-164.906010,536.442487
20.938978,-154.322674,535.680795
33.047398,-141.806400,536.752496
43.513182,-125.629639,538.836575
50.855407,-103.958638,541.000476
53.100448,-77.502110,542.519710
49.387031,-51.909342,543.108281
38.518456,-22.607108,542.919906
27.106968,-8.544374,542.834776
14.551373,2.795994,543.653293
1.506492,12.883979,545.930095
-11.573985,22.842001,549.746350
-24.257956,33.751255,554.619151
-35.968023,46.959832,559.601129
-45.739503,64.280602,563.538160
-51.949545,87.248229,565.400491
-52.733608,113.958660,564.584539
-47.780302,138.329494,561.098285
-38.738417,157.055127,555.579163
-27.394289,171.160156,549.137465
-14.867937,-177.462647,543.063960
-1.814078,-167.346772,538.481911
11.310103,-157.366377,536.048624
24.065487,-146.433070,535.803868
35.862787,-133.184077,537.215721
45.716244,-115.776812,539.404157
51.965657,-92.645272,541.460574
52.709478,-65.753676,542.753851
47.658144,-41.312017,543.125943
35.823264,-13.735871,542.855714
24.044172,-0.520104,542.926831
11.316470,10.387925,544.073166
-1.776365,20.345113,546.749156
-14.800750,30.434380,550.896102
-27.305499,41.775120,555.898415
-38.643392,55.825554,560.728289
-47.704366,74.474772,564.231058
-52.708769,98.778595,565.458506
-51.989804,125.500826,563.948557
-45.823164,148.544150,559.871924
-36.063436,165.936647,554.005251
-24.342455,179.194489,547.535181
-11.634291,-169.862976,541.743170
1.476659,-159.879736,537.659668
14.552487,-149.768537,535.794457
27.133968,-138.401481,536.032244
38.560280,-124.302604,537.727611
47.696774,-105.549181,539.962058
52.722817,-81.065442,541.870552
51.944195,-54.181248,542.927855
45.674752,-31.097298,543.105648
33.011189,-5.122936,542.811551
20.923934,7.362679,543.087612
8.059423,17.921774,544.591263
-5.055024,27.814325,547.662998
-17.995929,38.103275,552.101422
-30.282319,49.965571,557.167553
-41.180275,64.980319,561.771461
-49.416632,85.045948,564.779286
-53.098524,110.482390,565.342228
-50.896703,136.782587,563.149084
-43.644036,158.388682,558.531602
-33.269395,174.560323,552.393142
-21.230746,-172.913211,545.976552
-8.376132,-162.321936,540.531816
4.765297,-152.404896,536.979256
17.764889,-142.093948,535.674426
30.132507,-130.202014,536.353098
41.118580,-115.128629,538.272905
49.421330,-94.939117,540.497840
53.104975,-69.313077,542.224788
50.826875,-42.877970,543.044434
43.470262,-21.257047,543.057096
30.100508,3.264071,542.800357
17.756609,15.127527,543.326980
4.787223,25.414920,545.210134
-8.323094,35.307759,548.665008
-21.151356,45.868429,553.347768
-33.175000,58.350455,558.408031
-43.554715,74.455945,562.713434
-50.842578,95.982546,565.171984
-53.106922,122.248599,565.050438
-49.482712,147.738058,562.195192
-41.273329,167.883045,557.094494
-30.374455,-177.041903,550.763611
-18.069511,-165.139437,544.480341
-5.100501,-154.822094,539.441602
8.045348,-144.906010,536.442487
20.938978,-134.322674,535.680795
33.047398,-121.806400,536.752496
43.513182,-105.629639,538.836575
50.855407,-83.958638,541.000476
53.100448,-57.502110,542.519710
49.387031,-31.909342,543.108281
41.075585,-11.769979,542.991218
27.106968,11.455626,542.834776
14.551373,22.795994,543.653293
1.506492,32.883979,545.930095
-11.573985,42.842001,549.746350
-24.257956,53.751255,554.619151
-35.968023,66.959832,559.601129
-45.739503,84.280602,563.538160
-51.949545,107.248229,565.400491
-52.733608,133.958660,564.584539
-47.780302,158.329494,561.098285
-38.738417,177.055127,555.579163
-27.394289,-168.839844,549.137465
-14.867937,-157.462647,543.063960
-1.814078,-147.346772,538.481911
11.310103,-137.366377,536.048624
24.065487,-126.433070,535.803868
35.862787,-113.184077,537.215721
45.716244,-95.776812,539.404157
51.965657,-72.645272,541.460574
52.709478,-45.753676,542.753851
47.658144,-21.312017,543.125943
38.518456,-2.607108,542.919906
24.044172,19.479896,542.926831
11.316470,30.387925,544.073166
-1.776365,40.345113,546.749156
-14.800750,50.434380,550.896102
-27.305499,61.775120,555.898415
-38.643392,75.825554,560.728289
-47.704366,94.474772,564.231058
-52.708769,118.778595,565.458506
-51.989804,145.500826,563.948557
-45.823164,168.544150,559.871924
-36.063436,-174.063353,554.005251
-24.342455,-160.805511,547.535181
-11.634291,-149.862976,541.743170
1.476659,-139.879736,537.659668
14.552487,-129.768537,535.794457
27.133968,-118.401481,536.032244
38.560280,-104.302604,537.727611
47.696774,-85.549181,539.962058
52.722817,-61.065442,541.870552
51.944195,-34.181248,542.927855
45.674752,-11.097298,543.105648
35.823264,6.264129,542.855714
20.923934,27.362679,543.087612
8.059423,37.921774,544.591263
-5.055024,47.814325,547.662998
-17.995929,58.103275,552.101422
-30.282319,69.965571,557.167553
-41.180275,84.980319,561.771461
-49.416632,105.045948,564.779286
-53.098524,130.482390,565.342228
-50.896703,156.782587,563.149084
-43.644036,178.388682,558.531602
-33.269395,-165.439677,552.393142
-21.230746,-152.913211,545.976552
-8.376132,-142.321936,540.531816
4.765297,-132.404896,536.979256
17.764889,-122.093948,535.674426
30.132507,-110.202014,536.353098
41.118580,-95.128629,538.272905
49.421330,-74.939117,540.497840
53.104975,-49.313077,542.224788
50.826875,-22.877970,543.044434
43.470262,-1.257047,543.057096
33.011189,14.877064,542.811551
17.756609,35.127527,543.326980
4.787223,45.414920,545.210134
-8.323094,55.307759,548.665008
-21.151356,65.868429,553.347768
-33.175000,78.350455,558.408031
-43.554715,94.455945,562.713434
-50.842578,115.982546,565.171984
-53.106922,142.248599,565.050438
-49.482712,167.738058,562.195192
-41.273329,-172.116955,557.094494
-30.374455,-157.041903,550.763611
-18.069511,-145.139437,544.480341
-5.100501,-134.822094,539.441602
8.045348,-124.906010,536.442487
20.938978,-114.322674,535.680795
33.047398,-101.806400,536.752496
43.513182,-85.629639,538.836575
50.855407,-63.958638,541.000476
53.100448,-37.502110,542.519710
49.387031,-11.909342,543.108281
41.075585,8.230021,542.991218
30.100508,23.264071,542.800357
14.551373,42.795994,543.653293
1.506492,52.883979,545.930095
-11.573985,62.842001,549.746350
-24.257956,73.751255,554.619151
-35.968023,86.959832,559.601129
-45.739503,104.280602,563.538160
-51.949545,127.248229,565.400491
-52.733608,153.958660,564.584539
-47.780302,178.329494,561.098285
-38.738417,-162.944873,555.579163
-27.394289,-148.839844,549.137465
-14.867937,-137.462647,543.063960
-1.814078,-127.346772,538.481911
11.310103,-117.366377,536.048624
24.065487,-106.433070,535.803868
35.862787,-93.184077,537.215721
45.716244,-75.776812,539.404157
51.965657,-52.645272,541.460574
52.709478,-25.753676,542.753851
47.658144,-1.312017,543.125943
38.518456,17.392892,542.919906
27.106968,31.455626,542.834776
11.316470,50.387925,544.073166
-1.776365,60.345113,546.749156
-14.800750,70.434380,550.896102
-27.305499,81.775120,555.898415
-38.643392,95.825554,560.728289
-47.704366,114.474772,564.231058
-52.708769,138.778595,565.458506
-51.989804,165.500826,563.948557
-45.823164,-171.455850,559.871924
-36.063436,-154.063353,554.005251
-24.342455,-140.805511,547.535181
-11.634291,-129.862976,541.743170
1.476659,-119.879736,537.659668
14.552487,-109.768537,535.794457
27.133968,-98.401481,536.032244
38.560280,-84.302604,537.727611
47.696774,-65.549181,539.962058
52.722817,-41.065442,541.870552
51.944195,-14.181248,542.927855
45.674752,8.902702,543.105648
35.823264,26.264129,542.855714
24.044172,39.479896,542.926831
8.059423,57.921774,544.591263
-5.055024,67.814325,547.662998
-17.995929,78.103275,552.101422
-30.282319,89.965571,557.167553
-41.180275,104.980319,561.771461
-49.416632,125.045948,564.779286
-53.098524,150.482390,565.342228
-50.896703,176.782587,563.149084
-43.644036,-161.611318,558.531602
-33.269395,-145.439677,552.393142
-21.230746,-132.913211,545.976552
-8.376132,-122.321936,540.531816
4.765297,-112.404896,536.979256
17.764889,-102.093948,535.674426
30.132507,-90.202014,536.353098
41.118580,-75.128629,538.272905
49.421330,-54.939117,540.497840
53.104975,-29.313077,542.224788
50.826875,-2.877970,543.044434
43.470262,18.742953,543.057096
33.011189,34.877064,542.811551
20.923934,47.362679,543.087612
4.787223,65.414920,545.210134
-8.323094,75.307759,548.665008
-21.151356,85.868429,553.347768
-33.175000,98.350455,558.408031
-43.554715,114.455945,562.713434
-50.842578,135.982546,565.171984
-53.106922,162.248599,565.050438
-49.482712,-172.261942,562.195192
-41.273329,-152.116955,557.094494
-30.374455,-137.041903,550.763611
-18.069511,-125.139437,544.480341
-5.100501,-114.822094,539.441602
8.045348,-104.906010,536.442487
20.938978,-94.322674,535.680795
33.047398,-81.806400,536.752496
43.513182,-65.629639,538.836575
50.855407,-43.958638,541.000476
53.100448,-17.502110,542.519710
49.387031,8.090658,543.108281
41.075585,28.230021,542.991218
30.100508,43.264071,542.800357
17.756609,55.127527,543.326980
1.506492,72.883979,545.930095
-11.573985,82.842001,549.746350
-24.257956,93.751255,554.619151
-35.968023,106.959832,559.601129
-45.739503,124.280602,563.538160
-51.949545,147.248229,565.400491
-52.733608,173.958660,564.584539
-47.780302,-161.670506,561.098285
-38.738417,-142.944873,555.579163
-27.394289,-128.839844,549.137465
-14.867937,-117.462647,543.063960
-1.814078,-107.346772,538.481911
11.310103,-97.366377,536.048624
24.065487,-86.433070,535.803868
35.862787,-73.184077,537.215721
45.716244,-55.776812,539.404157
51.965657,-32.645272,541.460574
52.709478,-5.753676,542.753851
47.658144,18.687983,543.125943
38.518456,37.392892,542.919906
27.106968,51.455626,542.834776
14.551373,62.795994,543.653293
-1.776365,80.345113,546.749156
-14.800750,90.434380,550.896102
-27.305499,101.775120,555.898415
-38.643392,115.825554,560.728289
-47.704366,134.474772,564.231058
-52.708769,158.778595,565.458506
-51.989804,-174.499174,563.948557
-45.823164,-151.455850,559.871924
-36.063436,-134.063353,554.005251
-24.342455,-120.805511,547.535181
-11.634291,-109.862976,541.743170
1.476659,-99.879736,537.659668
14.552487,-89.768537,535.794457
27.133968,-78.401481,536.032244
38.560280,-64.302604,537.727611
47.696774,-45.549181,539.962058
52.722817,-21.065442,541.870552
51.944195,5.818752,542.927855
45.674752,28.902702,543.105648
35.823264,46.264129,542.855714
24.044172,59.479896,542.926831
11.316470,70.387925,544.073166
-5.055024,87.814325,547.662998
-17.995929,98.103275,552.101422
-30.282319,109.965571,557.167553
-41.180275,124.980319,561.771461
-49.416632,145.045948,564.779286
-53.098524,170.482390,565.342228
-50.896703,-163.217413,563.149084
-43.644036,-141.611318,558.531602
-33.269395,-125.439677,552.393142
-21.230746,-112.913211,545.976552
-8.376132,-102.321936,540.531816
4.765297,-92.404896,536.979256
17.764889,-82.093948,535.674426
30.132507,-70.202014,536.353098
41.118580,-55.128629,538.272905
49.421330,-34.939117,540.497840
53.104975,-9.313077,542.224788
50.826875,17.122030,543.044434
43.470262,38.742953,543.057096
33.011189,54.877064,542.811551
20.923934,67.362679,543.087612
8.059423,77.921774,544.591263
-8.323094,95.307759,548.665008
-21.151356,105.868429,553.347768
-33.175000,118.350455,558.408031
-43.554715,134.455945,562.713434
-50.842578,155.982546,565.171984
-53.106922,-177.751401,565.050438
-49.482712,-152.261942,562.195192
-41.273329,-132.116955,557.094494
-30.374455,-117.041903,550.763611
-18.069511,-105.139437,544.480341
-5.100501,-94.822094,539.441602
8.045348,-84.906010,536.442487
20.938978,-74.322674,535.680795
33.047398,-61.806400,536.752496
43.513182,-45.629639,538.836575
50.855407,-23.958638,541.000476
53.100448,2.497890,542.519710
49.387031,28.090658,543.108281
41.075585,48.230021,542.991218
30.100508,63.264071,542.800357
17.756609,75.127527,543.326980
4.787223,85.414920,545.210134
-11.573985,102.842001,549.746350
-24.257956,113.751255,554.619151
-35.968023,126.959832,559.601129
-45.739503,144.280602,563.538160
-51.949545,167.248229,565.400491
-52.733608,-166.041340,564.584539
-47.780302,-141.670506,561.098285
-38.738417,-122.944873,555.579163
-27.394289,-108.839844,549.137465
-14.867937,-97.462647,543.063960
-1.814078,-87.346772,538.481911
11.310103,-77.366377,536.048624
24.065487,-66.433070,535.803868
35.862787,-53.184077,537.215721
45.716244,-35.776812,539.404157
51.965657,-12.645272,541.460574
52.709478,14.246324,542.753851
47.658144,38.687983,543.125943
38.518456,57.392892,542.919906
27.106968,71.455626,542.834776
14.551373,82.795994,543.653293
1.506492,92.883979,545.930095
-14.800750,110.434380,550.896102
-27.305499,121.775120,555.898415
-38.643392,135.825554,560.728289
-47.704366,154.474772,564.231058
-52.708769,178.778595,565.458506
-51.989804,-154.499174,563.948557
-45.823164,-131.455850,559.871924
-36.063436,-114.063353,554.005251
-24.342455,-100.805511,547.535181
-11.634291,-89.862976,541.743170
1.476659,-79.879736,537.659668
14.552487,-69.768537,535.794457
27.133968,-58.401481,536.032244
38.560280,-44.302604,537.727611
47.696774,-25.549181,539.962058
52.722817,-1.065442,541.870552
51.944195,25.818752,542.927855
45.674752,48.902702,543.105648
35.823264,66.264129,542.855714
24.044172,79.479896,542.926831
11.316470,90.387925,544.073166
-1.776365,100.345113,546.749156
-17.995929,118.103275,552.101422
-30.282319,129.965571,557.167553
-41.180275,144.980319,561.771461
-49.416632,165.045948,564.779286
-53.098524,-169.517610,565.342228
-50.896703,-143.217413,563.149084
-43.644036,-121.611318,558.531602
-33.269395,-105.439677,552.393142
-21.230746,-92.913211,545.976552
-8.376132,-82.321936,540.531816
4.765297,-72.404896,536.979256
17.764889,-62.093948,535.674426
30.132507,-50.202014,536.353098
41.118580,-35.128629,538.272905
49.421330,-14.939117,540.497840
53.104975,10.686923,542.224788
50.826875,37.122030,543.044434
43.470262,58.742953,543.057096
33.011189,74.877064,542.811551
20.923934,87.362679,543.087612
8.059423,97.921774,544.591263
-5.055024,107.814325,547.662998
-21.151356,125.868429,553.347768
-33.175000,138.350455,558.408031
-43.554715,154.455945,562.713434
-50.842578,175.982546,565.171984
-53.106922,-157.751401,565.050438
-49.482712,-132.261942,562.195192
-41.273329,-112.116955,557.094494
-30.374455,-97.041903,550.763611
-18.069511,-85.139437,544.480341
-5.100501,-74.822094,539.441602
8.045348,-64.906010,536.442487
20.938978,-54.322674,535.680795
33.047398,-41.806400,536.752496
43.513182,-25.629639,538.836575
50.855407,-3.958638,541.000476
53.100448,22.497890,542.519710
49.387031,48.090658,543.108281
41.075585,68.230021,542.991218
30.100508,83.264071,542.800357
17.756609,95.127527,543.326980
4.787223,105.414920,545.210134
-8.323094,115.307759,548.665008
-24.257956,133.751255,554.619151
-35.968023,146.959832,559.601129
-45.739503,164.280602,563.538160
-51.949545,-172.751771,565.400491
-52.733608,-146.041340,564.584539
-47.780302,-121.670506,561.098285
-38.738417,-102.944873,555.579163
-27.394289,-88.839844,549.137465
-14.867937,-77.462647,543.063960
-1.814078,-67.346772,538.481911
11.310103,-57.366377,536.048624
24.065487,-46.433070,535.803868
35.862787,-33.184077,537.215721
45.716244,-15.776812,539.404157
51.965657,7.354728,541.460574
52.709478,34.246324,542.753851
47.658144,58.687983,543.125943
38.518456,77.392892,542.919906
27.106968,91.455626,542.834776
14.551373,102.795994,543.653293
1.506492,112.883979,545.930095
-11.573985,122.842001,549.746350
-27.305499,141.775120,555.898415
-38.643392,155.825554,560.728289
-47.704366,174.474772,564.231058
-52.708769,-161.221405,565.458506
-51.989804,-134.499174,563.948557
-45.823164,-111.455850,559.871924
-36.063436,-94.063353,554.005251
-24.342455,-80.805511,547.535181
-11.634291,-69.862976,541.743170
1.476659,-59.879736,537.659668
14.552487,-49.768537,535.794457
27.133968,-38.401481,536.032244
38.560280,-24.302604,537.727611
47.696774,-5.549181,539.962058
52.722817,18.934558,541.870552
51.944195,45.818752,542.927855
45.674752,68.902702,543.105648
35.823264,86.264129,542.855714
24.044172,99.479896,542.926831
11.316470,110.387925,544.073166
-1.776365,120.345113,546.749156
-14.800750,130.434380,550.896102
-30.282319,149.965571,557.167553
-41.180275,164.980319,561.771461
-49.416632,-174.954052,564.779286
-53.098524,-149.517610,565.342228
-50.896703,-123.217413,563.149084
-43.644036,-101.611318,558.531602
-33.269395,-85.439677,552.393142
-21.230746,-72.913211,545.976552
-8.376132,-62.321936,540.531816
4.765297,-52.404896,536.979256
17.764889,-42.093948,535.674426
30.132507,-30.202014,536.353098
41.118580,-15.128629,538.272905
49.421330,5.060883,540.497840
53.104975,30.686923,542.224788
50.826875,57.122030,543.044434
43.470262,78.742953,543.057096
33.011189,94.877064,542.811551
20.923934,107.362679,543.087612
8.059423,117.921774,544.591263
-5.055024,127.814325,547.662998
-17.995929,138.103275,552.101422
-33.175000,158.350455,558.408031
-43.554715,174.455945,562.713434
-50.842578,-164.017454,565.171984
-53.106922,-137.751401,565.050438
-49.482712,-112.261942,562.195192
-41.273329,-92.116955,557.094494
-30.374455,-77.041903,550.763611
-18.069511,-65.139437,544.480341
-5.100501,-54.822094,539.441602
8.045348,-44.906010,536.442487
20.938978,-34.322674,535.680795
33.047398,-21.806400,536.752496
43.513182,-5.629639,538.836575
50.855407,16.041362,541.000476
53.100448,42.497890,542.519710
49.387031,68.090658,543.108281
41.075585,88.230021,542.991218
30.100508,103.264071,542.800357
17.756609,115.127527,543.326980
4.787223,125.414920,545.210134
-8.323094,135.307759,548.665008
-21.151356,145.868429,553.347768
-35.968023,166.959832,559.601129
-45.739503,-175.719398,563.538160
-51.949545,-152.751771,565.400491
-52.733608,-126.041340,564.584539
-47.780302,-101.670506,561.098285
-38.738417,-82.944873,555.579163
-27.394289,-68.839844,549.137465
-14.867937,-57.462647,543.063960
-1.814078,-47.346772,538.481911
11.310103,-37.366377,536.048624
24.065487,-26.433070,535.803868
35.862787,-13.184077,537.215721
45.716244,4.223188,539.404157
51.965657,27.354728,541.460574
52.709478,54.246324,542.753851
47.658144,78.687983,543.125943
38.518456,97.392892,542.919906
27.106968,111.455626,542.834776
14.551373,122.795994,543.653293
1.506492,132.883979,545.930095
-11.573985,142.842001,549.746350
-24.257956,153.751255,554.619151
-38.643392,175.825554,560.728289
-47.704366,-165.525228,564.231058
-52.708769,-141.221405,565.458506
-51.989804,-114.499174,563.948557
-45.823164,-91.455850,559.871924
-36.063436,-74.063353,554.005251
-24.342455,-60.805511,547.535181
-11.634291,-49.862976,541.743170
1.476659,-39.879736,537.659668
14.552487,-29.768537,535.794457
27.133968,-18.401481,536.032244
38.560280,-4.302604,537.727611
47.696774,14.450819,539.962058
52.722817,38.934558,541.870552
51.944195,65.818752,542.927855
45.674752,88.902702,543.105648
35.823264,106.264129,542.855714
24.044172,119.479896,542.926831
11.316470,130.387925,544.073166
-1.776365,140.345113,546.749156
-14.800750,150.434380,550.896102
-27.305499,161.775120,555.898415
-41.180275,-175.019681,561.771461
-49.416632,-154.954052,564.779286
-53.098524,-129.517610,565.342228
-50.896703,-103.217413,563.149084
-43.644036,-81.611318,558.531602
-33.269395,-65.439677,552.393142
-21.230746,-52.913211,545.976552
-8.376132,-42.321936,540.531816
4.765297,-32.404896,536.979256
17.764889,-22.093948,535.674426
30.132507,-10.202014,536.353098
41.118580,4.871371,538.272905
49.421330,25.060883,540.497840
53.104975,50.686923,542.224788
50.826875,77.122030,543.044434
43.470262,98.742953,543.057096
33.011189,114.877064,542.811551
20.923934,127.362679,543.087612
8.059423,137.921774,544.591263
-5.055024,147.814325,547.662998
-17.995929,158.103275,552.101422
-30.282319,169.965571,557.167553
-43.554715,-165.544055,562.713434
-50.842578,-144.017454,565.171984
-53.106922,-117.751401,565.050438
-49.482712,-92.261942,562.195192
-41.273329,-72.116955,557.094494
-30.374455,-57.041903,550.763611
-18.069511,-45.139437,544.480341
-5.100501,-34.822094,539.441602
8.045348,-24.906010,536.442487
20.938978,-14.322674,535.680795
33.047398,-1.806400,536.752496
43.513182,14.370361,538.836575
50.855407,36.041362,541.000476
53.100448,62.497890,542.519710
49.387031,88.090658,543.108281
41.075585,108.230021,542.991218
30.100508,123.264071,542.800357
17.756609,135.127527,543.326980
4.787223,145.414920,545.210134
-8.323094,155.307759,548.665008
-21.151356,165.868429,553.347768
-33.175000,178.350455,558.408031
-45.739503,-155.719398,563.538160
-51.949545,-132.751771,565.400491
-52.733608,-106.041340,564.584539
-47.780302,-81.670506,561.098285
-38.738417,-62.944873,555.579163
-27.394289,-48.839844,549.137465
-14.867937,-37.462647,543.063960
-1.814078,-27.346772,538.481911
11.310103,-17.366377,536.048624
24.065487,-6.433070,535.803868
35.862787,6.815923,537.215721
45.716244,24.223188,539.404157
51.965657,47.354728,541.460574
52.709478,74.246324,542.753851
47.658144,98.687983,543.125943
38.518456,117.392892,542.919906
27.106968,131.455626,542.834776
14.551373,142.795994,543.653293
1.506492,152.883979,545.930095
-11.573985,162.842001,549.746350
-24.257956,173.751255,554.619151
-35.968023,-173.040168,559.601129
-47.704366,-145.525228,564.231058
-52.708769,-121.221405,565.458506
-51.989804,-94.499174,563.948557
-45.823164,-71.455850,559.871924
-36.063436,-54.063353,554.005251
-24.342455,-40.805511,547.535181
-11.634291,-29.862976,541.743170
1.476659,-19.879736,537.659668
14.552487,-9.768537,535.794457
27.133968,1.598519,536.032244
38.560280,15.697396,537.727611
47.696774,34.450819,539.962058
52.722817,58.934558,541.870552
51.944195,85.818752,542.927855
45.674752,108.902702,543.105648
35.823264,126.264129,542.855714
24.044172,139.479896,542.926831
11.316470,150.387925,544.073166
-1.776365,160.345113,546.749156
-14.800750,170.434380,550.896102
-27.305499,-178.224880,555.898415
-38.643392,-164.174446,560.728289
-49.416632,-134.954052,564.779286
-53.098524,-109.517610,565.342228
-50.896703,-83.217413,563.149084
-43.644036,-61.611318,558.531602
-33.269395,-45.439677,552.393142
-21.230746,-32.913211,545.976552
-8.376132,-22.321936,540.531816
4.765297,-12.404896,536.979256
17.764889,-2.093948,535.674426
30.132507,9.797986,536.353098
41.118580,24.871371,538.272905
49.421330,45.060883,540.497840
53.104975,70.686923,542.224788
50.826875,97.122030,543.044434
43.470262,118.742953,543.057096
33.011189,134.877064,542.811551
20.923934,147.362679,543.087612
8.059423,157.921774,544.591263
-5.055024,167.814325,547.662998
-17.995929,178.103275,552.101422
-30.282319,-170.034429,557.167553
-41.180275,-155.019681,561.771461
-50.842578,-124.017454,565.171984
-53.106922,-97.751401,565.050438
-49.482712,-72.261942,562.195192
-41.273329,-52.116955,557.094494
-30.374455,-37.041903,550.763611
-18.069511,-25.139437,544.480341
-5.100501,-14.822094,539.441602
8.045348,-4.906010,536.442487
20.938978,5.677326,535.680795
33.047398,18.193600,536.752496
43.513182,34.370361,538.836575
50.855407,56.041362,541.000476
53.100448,82.497890,542.519710
49.387031,108.090658,543.108281
41.075585,128.230021,542.991218
30.100508,143.264071,542.800357
17.756609,155.127527,543.326980
4.787223,165.414920,545.210134
-8.323094,175.307759,548.665008
-21.151356,-174.131571,553.347768
-33.175000,-161.649545,558.408031
-43.554715,-145.544055,562.713434
-51.949545,-112.751771,565.400491
-52.733608,-86.041340,564.584539
-47.780302,-61.670506,561.098285
-38.738417,-42.944873,555.579163
-27.394289,-28.839844,549.137465
-14.867937,-17.462647,543.063960
-1.814078,-7.346772,538.481911
11.310103,2.633623,536.048624
24.065487,13.566930,535.803868
35.862787,26.815923,537.215721
45.716244,44.223188,539.404157
51.965657,67.354728,541.460574
52.709478,94.246324,542.753851
47.658144,118.687983,543.125943
38.518456,137.392892,542.919906
27.106968,151.455626,542.834776
14.551373,162.795994,543.653293
1.506492,172.883979,545.930095
-11.573985,-177.157999,549.746350
-24.257956,-166.248745,554.619151
-35.968023,-153.040168,559.601129
-45.739503,-135.719398,563.538160
-52.708769,-101.221405,565.458506
-51.989804,-74.499174,563.948557
-45.823164,-51.455850,559.871924
-36.063436,-34.063353,554.005251
-24.342455,-20.805511,547.535181
-11.634291,-9.862976,541.743170
1.476659,0.120264,537.659668
14.552487,10.231463,535.794457
27.133968,21.598519,536.032244
38.560280,35.697396,537.727611
47.696774,54.450819,539.962058
52.722817,78.934558,541.870552
51.944195,105.818752,542.927855
45.674752,128.902702,543.105648
35.823264,146.264129,542.855714
24.044172,159.479896,542.926831
11.316470,170.387925,544.073166
-1.776365,-179.654887,546.749156
-14.800750,-169.565620,550.896102
-27.305499,-158.224880,555.898415
-38.643392,-144.174446,560.728289
-47.704366,-125.525228,564.231058
-53.098524,-89.517610,565.342228
-50.896703,-63.217413,563.149084
-43.644036,-41.611318,558.531602
-33.269395,-25.439677,552.393142
-21.230746,-12.913211,545.976552
-8.376132,-2.321936,540.531816
4.765297,7.595104,536.979256
17.764889,17.906052,535.674426
30.132507,29.797986,536.353098
41.118580,44.871371,538.272905
49.421330,65.060883,540.497840
53.104975,90.686923,542.224788
50.826875,117.122030,543.044434
43.470262,138.742953,543.057096
33.011189,154.877064,542.811551
20.923934,167.362679,543.087612
8.059423,177.921774,544.591263
-5.055024,-172.185675,547.662998
-17.995929,-161.896725,552.101422
-30.282319,-150.034429,557.167553
-41.180275,-135.019681,561.771461
-49.416632,-114.954052,564.779286
-53.106922,-77.751401,565.050438
-49.482712,-52.261942,562.195192
-41.273329,-32.116955,557.094494
-30.374455,-17.041903,550.763611
-18.069511,-5.139437,544.480341
-5.100501,5.177906,539.441602
8.045348,15.093990,536.442487
20.938978,25.677326,535.680795
33.047398,38.193600,536.752496
43.513182,54.370361,538.836575
50.855407,76.041362,541.000476
53.100448,102.497890,542.519710
49.387031,128.090658,543.108281
41.075585,148.230021,542.991218
30.100508,163.264071,542.800357
17.756609,175.127527,543.326980
4.787223,-174.585080,545.210134
-8.323094,-164.692241,548.665008
-21.151356,-154.131571,553.347768
-33.175000,-141.649545,558.408031
-43.554715,-125.544055,562.713434
-50.842578,-104.017454,565.171984
-52.733608,-66.041340,564.584539
-47.780302,-41.670506,561.098285
-38.738417,-22.944873,555.579163
-27.394289,-8.839844,549.137465
-14.867937,2.537353,543.063960
-1.814078,12.653228,538.481911
11.310103,22.633623,536.048624
24.065487,33.566930,535.803868
35.862787,46.815923,537.215721
45.716244,64.223188,539.404157
51.965657,87.354728,541.460574
52.709478,114.246324,542.753851
47.658144,138.687983,543.125943
38.518456,157.392892,542.919906
27.106968,171.455626,542.834776
14.551373,-177.204006,543.653293
1.506492,-167.116021,545.930095
-11.573985,-157.157999,549.746350
-24.257956,-146.248745,554.619151
-35.968023,-133.040168,559.601129
-45.739503,-115.719398,563.538160
-51.949545,-92.751771,565.400491
-51.989804,-54.499174,563.948557
-45.823164,-31.455850,559.871924
-36.063436,-14.063353,554.005251
-24.342455,-0.805511,547.535181
-11.634291,10.137024,541.743170
1.476659,20.120264,537.659668
14.552487,30.231463,535.794457
27.133968,41.598519,536.032244
38.560280,55.697396,537.727611
47.696774,74.450819,539.962058
52.722817,98.934558,541.870552
51.944195,125.818752,542.927855
45.674752,148.902702,543.105648
35.823264,166.264129,542.855714
24.044172,179.479896,542.926831
11.316470,-169.612075,544.073166
-1.776365,-159.654887,546.749156
-14.800750,-149.565620,550.896102
-27.305499,-138.224880,555.898415
-38.643392,-124.174446,560.728289
-47.704366,-105.525228,564.231058
-52.708769,-81.221405,565.458506
-50.896703,-43.217413,563.149084
-43.644036,-21.611318,558.531602
-33.269395,-5.439677,552.393142
-21.230746,7.086789,545.976552
-8.376132,17.678064,540.531816
4.765297,27.595104,536.979256
17.764889,37.906052,535.674426
30.132507,49.797986,536.353098
41.118580,64.871371,538.272905
49.421330,85.060883,540.497840
53.104975,110.686923,542.224788
50.826875,137.122030,543.044434
43.470262,158.742953,543.057096
33.011189,174.877064,542.811551
20.923934,-172.637321,543.087612
8.059423,-162.078226,544.591263
-5.055024,-152.185675,547.662998
-17.995929,-141.896725,552.101422
-30.282319,-130.034429,557.167553
-41.180275,-115.019681,561.771461
-49.416632,-94.954052,564.779286
-53.098524,-69.517610,565.342228
-49.482712,-32.261942,562.195192
-41.273329,-12.116955,557.094494
-30.374455,2.958097,550.763611
-18.069511,14.860563,544.480341
-5.100501,25.177906,539.441602
8.045348,35.093990,536.442487
20.938978,45.677326,535.680795
33.047398,58.193600,536.752496
43.513182,74.370361,538.836575
50.855407,96.041362,541.000476
53.100448,122.497890,542.519710
49.387031,148.090658,543.108281
41.075585,168.230021,542.991218
30.100508,-176.735929,542.800357
17.756609,-164.872473,543.326980
4.787223,-154.585080,545.210134
-8.323094,-144.692241,548.665008
-21.151356,-134.131571,553.347768
-33.175000,-121.649545,558.408031
-43.554715,-105.544055,562.713434
-50.842578,-84.017454,565.171984
-53.106922,-57.751401,565.050438
-47.780302,-21.670506,561.098285
-38.738417,-2.944873,555.579163
-27.394289,11.160156,549.137465
-14.867937,22.537353,543.063960
-1.814078,32.653228,538.481911
11.310103,42.633623,536.048624
24.065487,53.566930,535.803868
35.862787,66.815923,537.215721
45.716244,84.223188,539.404157
51.965657,107.354728,541.460574
52.709478,134.246324,542.753851
47.658144,158.687983,543.125943
38.518456,177.392892,542.919906
27.106968,-168.544374,542.834776
14.551373,-157.204006,543.653293
1.506492,-147.116021,545.930095
-11.573985,-137.157999,549.746350
-24.257956,-126.248745,554.619151
-35.968023,-113.040168,559.601129
-45.739503,-95.719398,563.538160
-51.949545,-72.751771,565.400491
-52.733608,-46.041340,564.584539
-45.823164,-11.455850,559.871924
-36.063436,5.936647,554.005251
-24.342455,19.194489,547.535181
-11.634291,30.137024,541.743170
1.476659,40.120264,537.659668
14.552487,50.231463,535.794457
27.133968,61.598519,536.032244
38.560280,75.697396,537.727611
47.696774,94.450819,539.962058
52.722817,118.934558,541.870552
51.944195,145.818752,542.927855
45.674752,168.902702,543.105648
35.823264,-173.735871,542.855714
24.044172,-160.520104,542.926831
11.316470,-149.612075,544.073166
-1.776365,-139.654887,546.749156
-14.800750,-129.565620,550.896102
-27.305499,-118.224880,555.898415
-38.643392,-104.174446,560.728289
-47.704366,-85.525228,564.231058
-52.708769,-61.221405,565.458506
-51.989804,-34.499174,563.948557
-43.644036,-1.611318,558.531602
-33.269395,14.560323,552.393142
-21.230746,27.086789,545.976552
-8.376132,37.678064,540.531816
4.765297,47.595104,536.979256
17.764889,57.906052,535.674426
30.132507,69.797986,536.353098
41.118580,84.871371,538.272905
49.421330,105.060883,540.497840
53.104975,130.686923,542.224788
50.826875,157.122030,543.044434
43.470262,178.742953,543.057096
33.011189,-165.122936,542.811551
20.923934,-152.637321,543.087612
8.059423,-142.078226,544.591263
-5.055024,-132.185675,547.662998
-17.995929,-121.896725,552.101422
-30.282319,-110.034429,557.167553
-41.180275,-95.019681,561.771461
-49.416632,-74.954052,564.779286
-53.098524,-49.517610,565.342228
-50.896703,-23.217413,563.149084
-41.273329,7.883045,557.094494
-30.374455,22.958097,550.763611
-18.069511,34.860563,544.480341
-5.100501,45.177906,539.441602
8.045348,55.093990,536.442487
20.938978,65.677326,535.680795
33.047398,78.193600,536.752496
43.513182,94.370361,538.836575
50.855407,116.041362,541.000476
53.100448,142.497890,542.519710
49.387031,168.090658,543.108281
41.075585,-171.769979,542.991218
30.100508,-156.735929,542.800357
17.756609,-144.872473,543.326980
4.787223,-134.585080,545.210134
-8.323094,-124.692241,548.665008
-21.151356,-114.131571,553.347768
-33.175000,-101.649545,558.408031
-43.554715,-85.544055,562.713434
-50.842578,-64.017454,565.171984
-53.106922,-37.751401,565.050438
-49.482712,-12.261942,562.195192
-38.738417,17.055127,555.579163
-27.394289,31.160156,549.137465
-14.867937,42.537353,543.063960
-1.814078,52.653228,538.481911
11.310103,62.633623,536.048624
24.065487,73.566930,535.803868
35.862787,86.815923,537.215721
45.716244,104.223188,539.404157
51.965657,127.354728,541.460574
52.709478,154.246324,542.753851
47.658144,178.687983,543.125943
38.518456,-162.607108,542.919906
27.106968,-148.544374,542.834776
14.551373,-137.204006,543.653293
1.506492,-127.116021,545.930095
-11.573985,-117.157999,549.746350
-24.257956,-106.248745,554.619151
-35.968023,-93.040168,559.601129
-45.739503,-75.719398,563.538160
-51.949545,-52.751771,565.400491
-52.733608,-26.041340,564.584539
-47.780302,-1.670506,561.098285
-36.063436,25.936647,554.005251
-24.342455,39.194489,547.535181
-11.634291,50.137024,541.743170
1.476659,60.120264,537.659668
14.552487,70.231463,535.794457
27.133968,81.598519,536.032244
38.560280,95.697396,537.727611
47.696774,114.450819,539.962058
52.722817,138.934558,541.870552
51.944195,165.818752,542.927855
45.674752,-171.097298,543.105648
35.823264,-153.735871,542.855714
24.044172,-140.520104,542.926831
11.316470,-129.612075,544.073166
-1.776365,-119.654887,546.749156
-14.800750,-109.565620,550.896102
-27.305499,-98.224880,555.898415
-38.643392,-84.174446,560.728289
-47.704366,-65.525228,564.231058
-52.708769,-41.221405,565.458506
-51.989804,-14.499174,563.948557
-45.823164,8.544150,559.871924
-33.269395,34.560323,552.393142
-21.230746,47.086789,545.976552
-8.376132,57.678064,540.531816
4.765297,67.595104,536.979256
17.764889,77.906052,535.674426
30.132507,89.797986,536.353098
41.118580,104.871371,538.272905
49.421330,125.060883,540.497840
53.104975,150.686923,542.224788
50.826875,177.122030,543.044434
43.470262,-161.257047,543.057096
33.011189,-145.122936,542.811551
20.923934,-132.637321,543.087612
8.059423,-122.078226,544.591263
-5.055024,-112.185675,547.662998
-17.995929,-101.896725,552.101422
-30.282319,-90.034429,557.167553
-41.180275,-75.019681,561.771461
-49.416632,-54.954052,564.779286
-53.098524,-29.517610,565.342228
-50.896703,-3.217413,563.149084
-43.644036,18.388682,558.531602
-30.374455,42.958097,550.763611
-18.069511,54.860563,544.480341
-5.100501,65.177906,539.441602
8.045348,75.093990,536.442487
20.938978,85.677326,535.680795
33.047398,98.193600,536.752496
43.513182,114.370361,538.836575
50.855407,136.041362,541.000476
53.100448,162.497890,542.519710
49.387031,-171.909342,543.108281
41.075585,-151.769979,542.991218
30.100508,-136.735929,542.800357
17.756609,-124.872473,543.326980
4.787223,-114.585080,545.210134
-8.323094,-104.692241,548.665008
-21.151356,-94.131571,553.347768
-33.175000,-81.649545,558.408031
-43.554715,-65.544055,562.713434
-50.842578,-44.017454,565.171984
-53.106922,-17.751401,565.050438
-49.482712,7.738058,562.195192
-41.273329,27.883045,557.094494
-27.394289,51.160156,549.137465
-14.867937,62.537353,543.063960
-1.814078,72.653228,538.481911
11.310103,82.633623,536.048624
24.065487,93.566930,535.803868
35.862787,106.815923,537.215721
45.716244,124.223188,539.404157
51.965657,147.354728,541.460574
52.709478,174.246324,542.753851
47.658144,-161.312017,543.125943
38.518456,-142.607108,542.919906
27.106968,-128.544374,542.834776
14.551373,-117.204006,543.653293
1.506492,-107.116021,545.930095
-11.573985,-97.157999,549.746350
-24.257956,-86.248745,554.619151
-35.968023,-73.040168,559.601129
-45.739503,-55.719398,563.538160
-51.949545,-32.751771,565.400491
-52.733608,-6.041340,564.584539
-47.780302,18.329494,561.098285
-38.738417,37.055127,555.579163
-24.342455,59.194489,547.535181
-11.634291,70.137024,541.743170
1.476659,80.120264,537.659668
14.552487,90.231463,535.794457
27.133968,101.598519,536.032244
38.560280,115.697396,537.727611
47.696774,134.450819,539.962058
52.722817,158.934558,541.870552
51.944195,-174.181248,542.927855
45.674752,-151.097298,543.105648
35.823264,-133.735871,542.855714
24.044172,-120.520104,542.926831
11.316470,-109.612075,544.073166
-1.776365,-99.654887,546.749156
-14.800750,-89.565620,550.896102
-27.305499,-78.224880,555.898415
-38.643392,-64.174446,560.728289
-47.704366,-45.525228,564.231058
-52.708769,-21.221405,565.458506
-51.989804,5.500826,563.948557
-45.823164,28.544150,559.871924
-36.063436,45.936647,554.005251
-21.230746,67.086789,545.976552
-8.376132,77.678064,540.531816
4.765297,87.595104,536.979256
17.764889,97.906052,535.674426
30.132507,109.797986,536.353098
41.118580,124.871371,538.272905
49.421330,145.060883,540.497840
53.104975,170.686923,542.224788
50.826875,-162.877970,543.044434
43.470262,-141.257047,543.057096
33.011189,-125.122936,542.811551
20.923934,-112.637321,543.087612
8.059423,-102.078226,544.591263
-5.055024,-92.185675,547.662998
-17.995929,-81.896725,552.101422
-30.282319,-70.034429,557.167553
-41.180275,-55.019681,561.771461
-49.416632,-34.954052,564.779286
-53.098524,-9.517610,565.342228
-50.896703,16.782587,563.149084
-43.644036,38.388682,558.531602
-33.269395,54.560323,552.393142
-18.069511,74.860563,544.480341
-5.100501,85.177906,539.441602
8.045348,95.093990,536.442487
20.938978,105.677326,535.680795
33.047398,118.193600,536.752496
43.513182,134.370361,538.836575
50.855407,156.041362,541.000476
53.100448,-177.502110,542.519710
49.387031,-151.909342,543.108281
41.075585,-131.769979,542.991218
30.100508,-116.735929,542.800357
17.756609,-104.872473,543.326980
4.787223,-94.585080,545.210134
-8.323094,-84.692241,548.665008
-21.151356,-74.131571,553.347768
-33.175000,-61.649545,558.408031
-43.554715,-45.544055,562.713434
-50.842578,-24.017454,565.171984
-53.106922,2.248599,565.050438
-49.482712,27.738058,562.195192
-41.273329,47.883045,557.094494
-30.374455,62.958097,550.763611
-14.867937,82.537353,543.063960
-1.814078,92.653228,538.481911
11.310103,102.633623,536.048624
24.065487,113.566930,535.803868
35.862787,126.815923,537.215721
45.716244,144.223188,539.404157
51.965657,167.354728,541.460574
52.709478,-165.753676,542.753851
47.658144,-141.312017,543.125943
38.518456,-122.607108,542.919906
27.106968,-108.544374,542.834776
14.551373,-97.204006,543.653293
1.506492,-87.116021,545.930095
-11.573985,-77.157999,549.746350
-24.257956,-66.248745,554.619151
-35.968023,-53.040168,559.601129
-45.739503,-35.719398,563.538160
-51.949545,-12.751771,565.400491
-52.733608,13.958660,564.584539
-47.780302,38.329494,561.098285
-38.738417,57.055127,555.579163
-27.394289,71.160156,549.137465
-11.634291,90.137024,541.743170
1.476659,100.120264,537.659668
14.552487,110.231463,535.794457
27.133968,121.598519,536.032244
38.560280,135.697396,537.727611
47.696774,154.450819,539.962058
52.722817,178.934558,541.870552
51.944195,-154.181248,542.927855
45.674752,-131.097298,543.105648
35.823264,-113.735871,542.855714
24.044172,-100.520104,542.926831
11.316470,-89.612075,544.073166
-1.776365,-79.654887,546.749156
-14.800750,-69.565620,550.896102
-27.305499,-58.224880,555.898415
-38.643392,-44.174446,560.728289
-47.704366,-25.525228,564.231058
-52.708769,-1.221405,565.458506
-51.989804,25.500826,563.948557
-45.823164,48.544150,559.871924
-36.063436,65.936647,554.005251
-24.342455,79.194489,547.535181
-8.376132,97.678064,540.531816
4.765297,107.595104,536.979256
17.764889,117.906052,535.674426
30.132507,129.797986,536.353098
41.118580,144.871371,538.272905
49.421330,165.060883,540.497840
53.104975,-169.313077,542.224788
50.826875,-142.877970,543.044434
43.470262,-121.257047,543.057096
33.011189,-105.122936,542.811551
20.923934,-92.637321,543.087612
8.059423,-82.078226,544.591263
-5.055024,-72.185675,547.662998
-17.995929,-61.896725,552.101422
-30.282319,-50.034429,557.167553
-41.180275,-35.019681,561.771461
-49.416632,-14.954052,564.779286
-53.098524,10.482390,565.342228
-50.896703,36.782587,563.149084
-43.644036,58.388682,558.531602
-33.269395,74.560323,552.393142
-21.230746,87.086789,545.976552
-5.100501,105.177906,539.441602
8.045348,115.093990,536.442487
20.938978,125.677326,535.680795
33.047398,138.193600,536.752496
43.513182,154.370361,538.836575
50.855407,176.041362,541.000476
53.100448,-157.502110,542.519710
49.387031,-131.909342,543.108281
41.075585,-111.769979,542.991218
30.100508,-96.735929,542.800357
17.756609,-84.872473,543.326980
4.787223,-74.585080,545.210134
-8.323094,-64.692241,548.665008
-21.151356,-54.131571,553.347768
-33.175000,-41.649545,558.408031
-43.554715,-25.544055,562.713434
-50.842578,-4.017454,565.171984
-53.106922,22.248599,565.050438
-49.482712,47.738058,562.195192
-41.273329,67.883045,557.094494
-30.374455,82.958097,550.763611
-18.069511,94.860563,544.480341
-1.814078,112.653228,538.481911
11.310103,122.633623,536.048624
24.065487,133.566930,535.803868
35.862787,146.815923,537.215721
45.716244,164.223188,539.404157
51.965657,-172.645272,541.460574
52.709478,-145.753676,542.753851
47.658144,-121.312017,543.125943
38.518456,-102.607108,542.919906
27.106968,-88.544374,542.834776
14.551373,-77.204006,543.653293
1.506492,-67.116021,545.930095
-11.573985,-57.157999,549.746350
-24.257956,-46.248745,554.619151
-35.968023,-33.040168,559.601129
-45.739503,-15.719398,563.538160
-51.949545,7.248229,565.400491
-52.733608,33.958660,564.584539
-47.780302,58.329494,561.098285
-38.738417,77.055127,555.579163
-27.394289,91.160156,549.137465
-14.867937,102.537353,543.063960
1.476659,120.120264,537.659668
14.552487,130.231463,535.794457
27.133968,141.598519,536.032244
38.560280,155.697396,537.727611
47.696774,174.450819,539.962058
52.722817,-161.065442,541.870552
51.944195,-134.181248,542.927855
45.674752,-111.097298,543.105648
35.823264,-93.735871,542.855714
24.044172,-80.520104,542.926831
11.316470,-69.612075,544.073166
-1.776365,-59.654887,546.749156
-14.800750,-49.565620,550.896102
-27.305499,-38.224880,555.898415
-38.643392,-24.174446,560.728289
-47.704366,-5.525228,564.231058
-52.708769,18.778595,565.458506
-51.989804,45.500826,563.948557
-45.823164,68.544150,559.871924
-36.063436,85.936647,554.005251
-24.342455,99.194489,547.535181
-11.634291,110.137024,541.743170
4.765297,127.595104,536.979256
17.764889,137.906052,535.674426
30.132507,149.797986,536.353098
41.118580,164.871371,538.272905
49.421330,-174.939117,540.497840
53.104975,-149.313077,542.224788
50.826875,-122.877970,543.044434
43.470262,-101.257047,543.057096
33.011189,-85.122936,542.811551
20.923934,-72.637321,543.087612
8.059423,-62.078226,544.591263
-5.055024,-52.185675,547.662998
-17.995929,-41.896725,552.101422
-30.282319,-30.034429,557.167553
-41.180275,-15.019681,561.771461
-49.416632,5.045948,564.779286
-53.098524,30.482390,565.342228
-50.896703,56.782587,563.149084
-43.644036,78.388682,558.531602
-33.269395,94.560323,552.393142
-21.230746,107.086789,545.976552
-8.376132,117.678064,540.531816
8.045348,135.093990,536.442487
20.938978,145.677326,535.680795
33.047398,158.193600,536.752496
43.513182,174.370361,538.836575
50.855407,-163.958638,541.000476
53.100448,-137.502110,542.519710
49.387031,-111.909342,543.108281
41.075585,-91.769979,542.991218
30.100508,-76.735929,542.800357
17.756609,-64.872473,543.326980
4.787223,-54.585080,545.210134
-8.323094,-44.692241,548.665008
-21.151356,-34.131571,553.347768
-33.175000,-21.649545,558.408031
-43.554715,-5.544055,562.713434
-50.842578,15.982546,565.171984
-53.106922,42.248599,565.050438
-49.482712,67.738058,562.195192
-41.273329,87.883045,557.094494
-30.374455,102.958097,550.763611
-18.069511,114.860563,544.480341
-5.100501,125.177906,539.441602
11.310103,142.633623,536.048624
24.065487,153.566930,535.803868
35.862787,166.815923,537.215721
45.716244,-175.776812,539.404157
51.965657,-152.645272,541.460574
52.709478,-125.753676,542.753851
47.658144,-101.312017,543.125943
38.518456,-82.607108,542.919906
27.106968,-68.544374,542.834776
14.551373,-57.204006,543.653293
1.506492,-47.116021,545.930095
-11.573985,-37.157999,549.746350
-24.257956,-26.248745,554.619151
-35.968023,-13.040168,559.601129
-45.739503,4.280602,563.538160
-51.949545,27.248229,565.400491
-52.733608,53.958660,564.584539
-47.780302,78.329494,561.098285
-38.738417,97.055127,555.579163
-27.394289,111.160156,549.137465
-14.867937,122.537353,543.063960
-1.814078,132.653228,538.481911
14.552487,150.231463,535.794457
27.133968,161.598519,536.032244
38.560280,175.697396,537.727611
47.696774,-165.549181,539.962058
52.722817,-141.065442,541.870552
51.944195,-114.181248,542.927855
45.674752,-91.097298,543.105648
35.823264,-73.735871,542.855714
24.044172,-60.520104,542.926831
11.316470,-49.612075,544.073166
-1.776365,-39.654887,546.749156
-14.800750,-29.565620,550.896102
-27.305499,-18.224880,555.898415
-38.643392,-4.174446,560.728289
-47.704366,14.474772,564.231058
-52.708769,38.778595,565.458506
-51.989804,65.500826,563.948557
-45.823164,88.544150,559.871924
-36.063436,105.936647,554.005251
-24.342455,119.194489,547.535181
-11.634291,130.137024,541.743170
1.476659,140.120264,537.659668
17.764889,157.906052,535.674426
30.132507,169.797986,536.353098
41.118580,-175.128629,538.272905
49.421330,-154.939117,540.497840
53.104975,-129.313077,542.224788
50.826875,-102.877970,543.044434
43.470262,-81.257047,543.057096
33.011189,-65.122936,542.811551
20.923934,-52.637321,543.087612
8.059423,-42.078226,544.591263
-5.055024,-32.185675,547.662998
-17.995929,-21.896725,552.101422
-30.282319,-10.034429,557.167553
-41.180275,4.980319,561.771461
-49.416632,25.045948,564.779286
-53.098524,50.482390,565.342228
-50.896703,76.782587,563.149084
-43.644036,98.388682,558.531602
-33.269395,114.560323,552.393142
-21.230746,127.086789,545.976552
-8.376132,137.678064,540.531816
4.765297,147.595104,536.979256
20.938978,165.677326,535.680795
33.047398,178.193600,536.752496
43.513182,-165.629639,538.836575
50.855407,-143.958638,541.000476
53.100448,-117.502110,542.519710
49.387031,-91.909342,543.108281
41.075585,-71.769979,542.991218
30.100508,-56.735929,542.800357
17.756609,-44.872473,543.326980
4.787223,-34.585080,545.210134
-8.323094,-24.692241,548.665008
-21.151356,-14.131571,553.347768
-33.175000,-1.649545,558.408031
-43.554715,14.455945,562.713434
-50.842578,35.982546,565.171984
-53.106922,62.248599,565.050438
-49.482712,87.738058,562.195192
-41.273329,107.883045,557.094494
-30.374455,122.958097,550.763611
-18.069511,134.860563,544.480341
-5.100501,145.177906,539.441602
8.045348,155.093990,536.442487
24.065487,173.566930,535.803868
35.862787,-173.184077,537.215721
45.716244,-155.776812,539.404157
51.965657,-132.645272,541.460574
52.709478,-105.753676,542.753851
47.658144,-81.312017,543.125943
38.518456,-62.607108,542.919906
27.106968,-48.544374,542.834776
14.551373,-37.204006,543.653293
1.506492,-27.116021,545.930095
-11.573985,-17.157999,549.746350
-24.257956,-6.248745,554.619151
-35.968023,6.959832,559.601129
-45.739503,24.280602,563.538160
-51.949545,47.248229,565.400491
-52.733608,73.958660,564.584539
-47.780302,98.329494,561.098285
-38.738417,117.055127,555.579163
-27.394289,131.160156,549.137465
-14.867937,142.537353,543.063960
-1.814078,152.653228,538.481911
11.310103,162.633623,536.048624
27.133968,-178.401481,536.032244
38.560280,-164.302604,537.727611
47.696774,-145.549181,539.962058
52.722817,-121.065442,541.870552
51.944195,-94.181248,542.927855
45.674752,-71.097298,543.105648
35.823264,-53.735871,542.855714
24.044172,-40.520104,542.926831
11.316470,-29.612075,544.073166
-1.776365,-19.654887,546.749156
-14.800750,-9.565620,550.896102
-27.305499,1.775120,555.898415
-38.643392,15.825554,560.728289
-47.704366,34.474772,564.231058
-52.708769,58.778595,565.458506
-51.989804,85.500826,563.948557
-45.823164,108.544150,559.871924
-36.063436,125.936647,554.005251
-24.342455,139.194489,547.535181
-11.634291,150.137024,541.743170
1.476659,160.120264,537.659668
14.552487,170.231463,535.794457
30.132507,-170.202014,536.353098
41.118580,-155.128629,538.272905
49.421330,-134.939117,540.497840
53.104975,-109.313077,542.224788
50.826875,-82.877970,543.044434
43.470262,-61.257047,543.057096
33.011189,-45.122936,542.811551
20.923934,-32.637321,543.087612
8.059423,-22.078226,544.591263
-5.055024,-12.185675,547.662998
-17.995929,-1.896725,552.101422
-30.282319,9.965571,557.167553
-41.180275,24.980319,561.771461
-49.416632,45.045948,564.779286
-53.098524,70.482390,565.342228
-50.896703,96.782587,563.149084
-43.644036,118.388682,558.531602
-33.269395,134.560323,552.393142
-21.230746,147.086789,545.976552
-8.376132,157.678064,540.531816
4.765297,167.595104,536.979256
17.764889,177.906052,535.674426
33.047398,-161.806400,536.752496
43.513182,-145.629639,538.836575
50.855407,-123.958638,541.000476
53.100448,-97.502110,542.519710
49.387031,-71.909342,543.108281
41.075585,-51.769979,542.991218
30.100508,-36.735929,542.800357
17.756609,-24.872473,543.326980
4.787223,-14.585080,545.210134
-8.323094,-4.692241,548.665008
-21.151356,5.868429,553.347768
-33.175000,18.350455,558.408031
-43.554715,34.455945,562.713434
-50.842578,55.982546,565.171984
-53.106922,82.248599,565.050438
-49.482712,107.738058,562.195192
-41.273329,127.883045,557.094494
-30.374455,142.958097,550.763611
-18.069511,154.860563,544.480341
-5.100501,165.177906,539.441602
8.045348,175.093990,536.442487
20.938978,-174.322674,535.680795
35.862787,-153.184077,537.215721
45.716244,-135.776812,539.404157
51.965657,-112.645272,541.460574
52.709478,-85.753676,542.753851
47.658144,-61.312017,543.125943
38.518456,-42.607108,542.919906
27.106968,-28.544374,542.834776
14.551373,-17.204006,543.653293
1.506492,-7.116021,545.930095
-11.573985,2.842001,549.746350
-24.257956,13.751255,554.619151
-35.968023,26.959832,559.601129
-45.739503,44.280602,563.538160
-51.949545,67.248229,565.400491
-52.733608,93.958660,564.584539
-47.780302,118.329494,561.098285
-38.738417,137.055127,555.579163
-27.394289,151.160156,549.137465
-14.867937,162.537353,543.063960
-1.814078,172.653228,538.481911
11.310103,-177.366377,536.048624
24.065487,-166.433070,535.803868
38.560280,-144.302604,537.727611
47.696774,-125.549181,539.962058
52.722817,-101.065442,541.870552
51.944195,-74.181248,542.927855
45.674752,-51.097298,543.105648
35.823264,-33.735871,542.855714
24.044172,-20.520104,542.926831
11.316470,-9.612075,544.073166
-1.776365,0.345113,546.749156
-14.800750,10.434380,550.896102
-27.305499,21.775120,555.898415
-38.643392,35.825554,560.728289
-47.704366,54.474772,564.231058
-52.708769,78.778595,565.458506
-51.989804,105.500826,563.948557
-45.823164,128.544150,559.871924
-36.063436,145.936647,554.005251
-24.342455,159.194489,547.535181
-11.634291,170.137024,541.743170
1.476659,-179.879736,537.659668
14.552487,-169.768537,535.794457
27.133968,-158.401481,536.032244
41.118580,-135.128629,538.272905
49.421330,-114.939117,540.497840
53.104975,-89.313077,542.224788
50.826875,-62.877970,543.044434
43.470262,-41.257047,543.057096
33.011189,-25.122936,542.811551
20.923934,-12.637321,543.087612
8.059423,-2.078226,544.591263
-5.055024,7.814325,547.662998
-17.995929,18.103275,552.101422
-30.282319,29.965571,557.167553
-41.180275,44.980319,561.771461
-49.416632,65.045948,564.779286
-53.098524,90.482390,565.342228
-50.896703,116.782587,563.149084
-43.644036,138.388682,558.531602
-33.269395,154.560323,552.393142
-21.230746,167.086789,545.976552
-8.376132,177.678064,540.531816
4.765297,-172.404896,536.979256
17.764889,-162.093948,535.674426
30.132507,-150.202014,536.353098
