40.615361,-31.029436,542.978059
29.554137,-16.184163,542.802858
17.167984,-4.424386,543.380361
4.182526,5.820913,545.335316
-8.924229,15.720877,548.858763
-21.728342,26.339900,553.580871
-33.698182,38.947648,558.632214
-43.972834,55.268121,562.874838
-51.071680,77.064292,565.226723
-53.066591,103.443255,564.977544
-49.189389,128.746729,562.003286
-40.817343,148.625171,556.820345
-29.830731,163.511827,550.462842
-17.481744,175.310230,544.212635
-4.494923,-174.414915,539.254569
8.648901,-164.491898,536.359184
21.519548,-153.850011,535.695057
33.574703,-141.207004,536.833593
43.934833,-124.812648,538.941385
51.085498,-102.868336,541.088773
53.057193,-76.299832,542.567447
49.088844,-50.899079,543.114748
38.031029,-21.922861,542.907100
26.546858,-8.025512,542.847027
13.956680,3.228516,543.723490
0.900926,13.287304,546.073777
-12.171205,23.264512,549.953608
-24.824857,34.246922,554.855031
-36.470936,47.601871,559.814539
-46.119417,65.159703,563.676300
-52.116502,88.384488,565.424186
-52.623767,115.130325,564.479895
-47.437463,139.268965,560.881422
-38.254875,157.741211,555.292705
-26.836383,171.680911,548.839572
-14.273656,-177.028654,542.812754
-1.207221,-166.942334,538.319783
11.910075,-156.942870,535.991400
24.636178,-145.936060,535.838454
36.369810,-132.539363,537.306939
46.099265,-114.891949,539.508169
52.132646,-91.499954,541.540136
52.595932,-64.575787,542.790382
47.310423,-40.372142,543.124741
35.312775,-13.101766,542.845625
23.472625,-0.029211,542.950958
10.717144,10.808382,544.161192
-2.381633,20.748724,546.910716
-15.392724,30.869586,551.114632
-27.860280,42.299525,556.133806
-39.122417,56.518447,560.927548
-48.040199,75.423332,564.343427
-52.808951,99.954424,565.450265
-51.813684,126.630690,563.813188
-45.436970,149.414374,559.632823
-35.556442,166.572715,553.710199
-23.772664,179.687180,547.243878
-11.034937,-169.441154,541.511167
2.083612,-159.475069,537.523445
15.147520,-149.332304,535.762457
27.692703,-137.875523,536.084886
39.043322,-123.606451,537.826133
48.035150,-104.593854,540.062883
52.822013,-79.880501,541.940193
51.763781,-53.046759,542.953527
45.283796,-30.227580,543.098462
32.481218,-4.532891,542.806575
20.342961,7.830110,543.125534
7.456789,18.333442,544.697752
-5.658824,28.221180,547.841389
-18.581208,38.554706,552.328662
-30.822647,50.523677,557.399065
-41.631234,65.730067,561.953321
-49.702190,86.063450,564.863724
-53.128928,111.678495,565.301631
-50.659094,137.856372,562.984481
-43.220302,159.192514,558.273313
-32.742503,175.152362,552.093309
-20.651080,-172.444088,545.695386
-7.773039,-161.908997,540.321342
5.371159,-151.997025,536.869466
18.353507,-141.641428,535.666381
30.676902,-129.642073,536.421301
41.573369,-114.374906,538.375930
49.708721,-93.913875,540.593331
53.133383,-68.108348,542.283691
50.584589,-41.801155,543.059967
43.041990,-20.454371,543.045859
29.554137,3.815837,542.802858
17.167984,15.575614,543.380361
4.182526,25.820913,545.335316
-8.924229,35.720877,548.858763
-21.728342,46.339900,553.580871
-33.698182,58.947648,558.632214
-43.972834,75.268121,562.874838
-51.071680,97.064292,565.226723
-53.066591,123.443255,564.977544
-49.189389,148.746729,562.003286
-40.817343,168.625171,556.820345
-29.830731,-176.488173,550.462842
-17.481744,-164.689770,544.212635
-4.494923,-154.414915,539.254569
8.648901,-144.491898,536.359184
21.519548,-133.850011,535.695057
33.574703,-121.207004,536.833593
43.934833,-104.812648,538.941385
51.085498,-82.868336,541.088773
53.057193,-56.299832,542.567447
49.088844,-30.899079,543.114748
40.615361,-11.029436,542.978059
26.546858,11.974488,542.847027
13.956680,23.228516,543.723490
0.900926,33.287304,546.073777
-12.171205,43.264512,549.953608
-24.824857,54.246922,554.855031
-36.470936,67.601871,559.814539
-46.119417,85.159703,563.676300
-52.116502,108.384488,565.424186
-52.623767,135.130325,564.479895
-47.437463,159.268965,560.881422
-38.254875,177.741211,555.292705
-26.836383,-168.319089,548.839572
-14.273656,-157.028654,542.812754
-1.207221,-146.942334,538.319783
11.910075,-136.942870,535.991400
24.636178,-125.936060,535.838454
36.369810,-112.539363,537.306939
46.099265,-94.891949,539.508169
52.132646,-71.499954,541.540136
52.595932,-44.575787,542.790382
47.310423,-20.372142,543.124741
38.031029,-1.922861,542.907100
23.472625,19.970789,542.950958
10.717144,30.808382,544.161192
-2.381633,40.748724,546.910716
-15.392724,50.869586,551.114632
-27.860280,62.299525,556.133806
-39.122417,76.518447,560.927548
-48.040199,95.423332,564.343427
-52.808951,119.954424,565.450265
-51.813684,146.630690,563.813188
-45.436970,169.414374,559.632823
-35.556442,-173.427285,553.710199
-23.772664,-160.312820,547.243878
-11.034937,-149.441154,541.511167
2.083612,-139.475069,537.523445
15.147520,-129.332304,535.762457
27.692703,-117.875523,536.084886
39.043322,-103.606451,537.826133
48.035150,-84.593854,540.062883
52.822013,-59.880501,541.940193
51.763781,-33.046759,542.953527
45.283796,-10.227580,543.098462
35.312775,6.898234,542.845625
20.342961,27.830110,543.125534
7.456789,38.333442,544.697752
-5.658824,48.221180,547.841389
-18.581208,58.554706,552.328662
-30.822647,70.523677,557.399065
-41.631234,85.730067,561.953321
-49.702190,106.063450,564.863724
-53.128928,131.678495,565.301631
-50.659094,157.856372,562.984481
-43.220302,179.192514,558.273313
-32.742503,-164.847638,552.093309
-20.651080,-152.444088,545.695386
-7.773039,-141.908997,540.321342
5.371159,-131.997025,536.869466
18.353507,-121.641428,535.666381
30.676902,-109.642073,536.421301
41.573369,-94.374906,538.375930
49.708721,-73.913875,540.593331
53.133383,-48.108348,542.283691
50.584589,-21.801155,543.059967
43.041990,-0.454371,543.045859
32.481218,15.467109,542.806575
17.167984,35.575614,543.380361
4.182526,45.820913,545.335316
-8.924229,55.720877,548.858763
-21.728342,66.339900,553.580871
-33.698182,78.947648,558.632214
-43.972834,95.268121,562.874838
-51.071680,117.064292,565.226723
-53.066591,143.443255,564.977544
-49.189389,168.746729,562.003286
-40.817343,-171.374829,556.820345
-29.830731,-156.488173,550.462842
-17.481744,-144.689770,544.212635
-4.494923,-134.414915,539.254569
8.648901,-124.491898,536.359184
21.519548,-113.850011,535.695057
33.574703,-101.207004,536.833593
43.934833,-84.812648,538.941385
51.085498,-62.868336,541.088773
53.057193,-36.299832,542.567447
49.088844,-10.899079,543.114748
40.615361,8.970564,542.978059
29.554137,23.815837,542.802858
13.956680,43.228516,543.723490
0.900926,53.287304,546.073777
-12.171205,63.264512,549.953608
-24.824857,74.246922,554.855031
-36.470936,87.601871,559.814539
-46.119417,105.159703,563.676300
-52.116502,128.384488,565.424186
-52.623767,155.130325,564.479895
-47.437463,179.268965,560.881422
-38.254875,-162.258789,555.292705
-26.836383,-148.319089,548.839572
-14.273656,-137.028654,542.812754
-1.207221,-126.942334,538.319783
11.910075,-116.942870,535.991400
24.636178,-105.936060,535.838454
36.369810,-92.539363,537.306939
46.099265,-74.891949,539.508169
52.132646,-51.499954,541.540136
52.595932,-24.575787,542.790382
47.310423,-0.372142,543.124741
38.031029,18.077139,542.907100
26.546858,31.974488,542.847027
10.717144,50.808382,544.161192
-2.381633,60.748724,546.910716
-15.392724,70.869586,551.114632
-27.860280,82.299525,556.133806
-39.122417,96.518447,560.927548
-48.040199,115.423332,564.343427
-52.808951,139.954424,565.450265
-51.813684,166.630690,563.813188
-45.436970,-170.585626,559.632823
-35.556442,-153.427285,553.710199
-23.772664,-140.312820,547.243878
-11.034937,-129.441154,541.511167
2.083612,-119.475069,537.523445
15.147520,-109.332304,535.762457
27.692703,-97.875523,536.084886
39.043322,-83.606451,537.826133
48.035150,-64.593854,540.062883
52.822013,-39.880501,541.940193
51.763781,-13.046759,542.953527
45.283796,9.772420,543.098462
35.312775,26.898234,542.845625
23.472625,39.970789,542.950958
7.456789,58.333442,544.697752
-5.658824,68.221180,547.841389
-18.581208,78.554706,552.328662
-30.822647,90.523677,557.399065
-41.631234,105.730067,561.953321
-49.702190,126.063450,564.863724
-53.128928,151.678495,565.301631
-50.659094,177.856372,562.984481
-43.220302,-160.807486,558.273313
-32.742503,-144.847638,552.093309
-20.651080,-132.444088,545.695386
-7.773039,-121.908997,540.321342
5.371159,-111.997025,536.869466
18.353507,-101.641428,535.666381
30.676902,-89.642073,536.421301
41.573369,-74.374906,538.375930
49.708721,-53.913875,540.593331
53.133383,-28.108348,542.283691
50.584589,-1.801155,543.059967
43.041990,19.545629,543.045859
32.481218,35.467109,542.806575
20.342961,47.830110,543.125534
4.182526,65.820913,545.335316
-8.924229,75.720877,548.858763
-21.728342,86.339900,553.580871
-33.698182,98.947648,558.632214
-43.972834,115.268121,562.874838
-51.071680,137.064292,565.226723
-53.066591,163.443255,564.977544
-49.189389,-171.253271,562.003286
-40.817343,-151.374829,556.820345
-29.830731,-136.488173,550.462842
-17.481744,-124.689770,544.212635
-4.494923,-114.414915,539.254569
8.648901,-104.491898,536.359184
21.519548,-93.850011,535.695057
33.574703,-81.207004,536.833593
43.934833,-64.812648,538.941385
51.085498,-42.868336,541.088773
53.057193,-16.299832,542.567447
49.088844,9.100921,543.114748
40.615361,28.970564,542.978059
29.554137,43.815837,542.802858
17.167984,55.575614,543.380361
0.900926,73.287304,546.073777
-12.171205,83.264512,549.953608
-24.824857,94.246922,554.855031
-36.470936,107.601871,559.814539
-46.119417,125.159703,563.676300
-52.116502,148.384488,565.424186
-52.623767,175.130325,564.479895
-47.437463,-160.731035,560.881422
-38.254875,-142.258789,555.292705
-26.836383,-128.319089,548.839572
-14.273656,-117.028654,542.812754
-1.207221,-106.942334,538.319783
11.910075,-96.942870,535.991400
24.636178,-85.936060,535.838454
36.369810,-72.539363,537.306939
46.099265,-54.891949,539.508169
52.132646,-31.499954,541.540136
52.595932,-4.575787,542.790382
47.310423,19.627858,543.124741
38.031029,38.077139,542.907100
26.546858,51.974488,542.847027
13.956680,63.228516,543.723490
-2.381633,80.748724,546.910716
-15.392724,90.869586,551.114632
-27.860280,102.299525,556.133806
-39.122417,116.518447,560.927548
-48.040199,135.423332,564.343427
-52.808951,159.954424,565.450265
-51.813684,-173.369310,563.813188
-45.436970,-150.585626,559.632823
-35.556442,-133.427285,553.710199
-23.772664,-120.312820,547.243878
-11.034937,-109.441154,541.511167
2.083612,-99.475069,537.523445
15.147520,-89.332304,535.762457
27.692703,-77.875523,536.084886
39.043322,-63.606451,537.826133
48.035150,-44.593854,540.062883
52.822013,-19.880501,541.940193
51.763781,6.953241,542.953527
45.283796,29.772420,543.098462
35.312775,46.898234,542.845625
23.472625,59.970789,542.950958
10.717144,70.808382,544.161192
-5.658824,88.221180,547.841389
-18.581208,98.554706,552.328662
-30.822647,110.523677,557.399065
-41.631234,125.730067,561.953321
-49.702190,146.063450,564.863724
-53.128928,171.678495,565.301631
-50.659094,-162.143628,562.984481
-43.220302,-140.807486,558.273313
-32.742503,-124.847638,552.093309
-20.651080,-112.444088,545.695386
-7.773039,-101.908997,540.321342
5.371159,-91.997025,536.869466
18.353507,-81.641428,535.666381
30.676902,-69.642073,536.421301
41.573369,-54.374906,538.375930
49.708721,-33.913875,540.593331
53.133383,-8.108348,542.283691
50.584589,18.198845,543.059967
43.041990,39.545629,543.045859
32.481218,55.467109,542.806575
20.342961,67.830110,543.125534
7.456789,78.333442,544.697752
-8.924229,95.720877,548.858763
-21.728342,106.339900,553.580871
-33.698182,118.947648,558.632214
-43.972834,135.268121,562.874838
-51.071680,157.064292,565.226723
-53.066591,-176.556745,564.977544
-49.189389,-151.253271,562.003286
-40.817343,-131.374829,556.820345
-29.830731,-116.488173,550.462842
-17.481744,-104.689770,544.212635
-4.494923,-94.414915,539.254569
8.648901,-84.491898,536.359184
21.519548,-73.850011,535.695057
33.574703,-61.207004,536.833593
43.934833,-44.812648,538.941385
51.085498,-22.868336,541.088773
53.057193,3.700168,542.567447
49.088844,29.100921,543.114748
40.615361,48.970564,542.978059
29.554137,63.815837,542.802858
17.167984,75.575614,543.380361
4.182526,85.820913,545.335316
-12.171205,103.264512,549.953608
-24.824857,114.246922,554.855031
-36.470936,127.601871,559.814539
-46.119417,145.159703,563.676300
-52.116502,168.384488,565.424186
-52.623767,-164.869675,564.479895
-47.437463,-140.731035,560.881422
-38.254875,-122.258789,555.292705
-26.836383,-108.319089,548.839572
-14.273656,-97.028654,542.812754
-1.207221,-86.942334,538.319783
11.910075,-76.942870,535.991400
24.636178,-65.936060,535.838454
36.369810,-52.539363,537.306939
46.099265,-34.891949,539.508169
52.132646,-11.499954,541.540136
52.595932,15.424213,542.790382
47.310423,39.627858,543.124741
38.031029,58.077139,542.907100
26.546858,71.974488,542.847027
13.956680,83.228516,543.723490
0.900926,93.287304,546.073777
-15.392724,110.869586,551.114632
-27.860280,122.299525,556.133806
-39.122417,136.518447,560.927548
-48.040199,155.423332,564.343427
-52.808951,179.954424,565.450265
-51.813684,-153.369310,563.813188
-45.436970,-130.585626,559.632823
-35.556442,-113.427285,553.710199
-23.772664,-100.312820,547.243878
-11.034937,-89.441154,541.511167
2.083612,-79.475069,537.523445
15.147520,-69.332304,535.762457
27.692703,-57.875523,536.084886
39.043322,-43.606451,537.826133
48.035150,-24.593854,540.062883
52.822013,0.119499,541.940193
51.763781,26.953241,542.953527
45.283796,49.772420,543.098462
35.312775,66.898234,542.845625
23.472625,79.970789,542.950958
10.717144,90.808382,544.161192
-2.381633,100.748724,546.910716
-18.581208,118.554706,552.328662
-30.822647,130.523677,557.399065
-41.631234,145.730067,561.953321
-49.702190,166.063450,564.863724
-53.128928,-168.321505,565.301631
-50.659094,-142.143628,562.984481
-43.220302,-120.807486,558.273313
-32.742503,-104.847638,552.093309
-20.651080,-92.444088,545.695386
-7.773039,-81.908997,540.321342
5.371159,-71.997025,536.869466
18.353507,-61.641428,535.666381
30.676902,-49.642073,536.421301
41.573369,-34.374906,538.375930
49.708721,-13.913875,540.593331
53.133383,11.891652,542.283691
50.584589,38.198845,543.059967
43.041990,59.545629,543.045859
32.481218,75.467109,542.806575
20.342961,87.830110,543.125534
7.456789,98.333442,544.697752
-5.658824,108.221180,547.841389
-21.728342,126.339900,553.580871
-33.698182,138.947648,558.632214
-43.972834,155.268121,562.874838
-51.071680,177.064292,565.226723
-53.066591,-156.556745,564.977544
-49.189389,-131.253271,562.003286
-40.817343,-111.374829,556.820345
-29.830731,-96.488173,550.462842
-17.481744,-84.689770,544.212635
-4.494923,-74.414915,539.254569
8.648901,-64.491898,536.359184
21.519548,-53.850011,535.695057
33.574703,-41.207004,536.833593
43.934833,-24.812648,538.941385
51.085498,-2.868336,541.088773
53.057193,23.700168,542.567447
49.088844,49.100921,543.114748
40.615361,68.970564,542.978059
29.554137,83.815837,542.802858
17.167984,95.575614,543.380361
4.182526,105.820913,545.335316
-8.924229,115.720877,548.858763
-24.824857,134.246922,554.855031
-36.470936,147.601871,559.814539
-46.119417,165.159703,563.676300
-52.116502,-171.615512,565.424186
-52.623767,-144.869675,564.479895
-47.437463,-120.731035,560.881422
-38.254875,-102.258789,555.292705
-26.836383,-88.319089,548.839572
-14.273656,-77.028654,542.812754
-1.207221,-66.942334,538.319783
11.910075,-56.942870,535.991400
24.636178,-45.936060,535.838454
36.369810,-32.539363,537.306939
46.099265,-14.891949,539.508169
52.132646,8.500046,541.540136
52.595932,35.424213,542.790382
47.310423,59.627858,543.124741
38.031029,78.077139,542.907100
26.546858,91.974488,542.847027
13.956680,103.228516,543.723490
0.900926,113.287304,546.073777
-12.171205,123.264512,549.953608
-27.860280,142.299525,556.133806
-39.122417,156.518447,560.927548
-48.040199,175.423332,564.343427
-52.808951,-160.045576,565.450265
-51.813684,-133.369310,563.813188
-45.436970,-110.585626,559.632823
-35.556442,-93.427285,553.710199
-23.772664,-80.312820,547.243878
-11.034937,-69.441154,541.511167
2.083612,-59.475069,537.523445
15.147520,-49.332304,535.762457
27.692703,-37.875523,536.084886
39.043322,-23.606451,537.826133
48.035150,-4.593854,540.062883
52.822013,20.119499,541.940193
51.763781,46.953241,542.953527
45.283796,69.772420,543.098462
35.312775,86.898234,542.845625
23.472625,99.970789,542.950958
10.717144,110.808382,544.161192
-2.381633,120.748724,546.910716
-15.392724,130.869586,551.114632
-30.822647,150.523677,557.399065
-41.631234,165.730067,561.953321
-49.702190,-173.936550,564.863724
-53.128928,-148.321505,565.301631
-50.659094,-122.143628,562.984481
-43.220302,-100.807486,558.273313
-32.742503,-84.847638,552.093309
-20.651080,-72.444088,545.695386
-7.773039,-61.908997,540.321342
5.371159,-51.997025,536.869466
18.353507,-41.641428,535.666381
30.676902,-29.642073,536.421301
41.573369,-14.374906,538.375930
49.708721,6.086125,540.593331
53.133383,31.891652,542.283691
50.584589,58.198845,543.059967
43.041990,79.545629,543.045859
32.481218,95.467109,542.806575
20.342961,107.830110,543.125534
7.456789,118.333442,544.697752
-5.658824,128.221180,547.841389
-18.581208,138.554706,552.328662
-33.698182,158.947648,558.632214
-43.972834,175.268121,562.874838
-51.071680,-162.935708,565.226723
-53.066591,-136.556745,564.977544
-49.189389,-111.253271,562.003286
-40.817343,-91.374829,556.820345
-29.830731,-76.488173,550.462842
-17.481744,-64.689770,544.212635
-4.494923,-54.414915,539.254569
8.648901,-44.491898,536.359184
21.519548,-33.850011,535.695057
33.574703,-21.207004,536.833593
43.934833,-4.812648,538.941385
51.085498,17.131664,541.088773
53.057193,43.700168,542.567447
49.088844,69.100921,543.114748
40.615361,88.970564,542.978059
29.554137,103.815837,542.802858
17.167984,115.575614,543.380361
4.182526,125.820913,545.335316
-8.924229,135.720877,548.858763
-21.728342,146.339900,553.580871
-36.470936,167.601871,559.814539
-46.119417,-174.840297,563.676300
-52.116502,-151.615512,565.424186
-52.623767,-124.869675,564.479895
-47.437463,-100.731035,560.881422
-38.254875,-82.258789,555.292705
-26.836383,-68.319089,548.839572
-14.273656,-57.028654,542.812754
-1.207221,-46.942334,538.319783
11.910075,-36.942870,535.991400
24.636178,-25.936060,535.838454
36.369810,-12.539363,537.306939
46.099265,5.108051,539.508169
52.132646,28.500046,541.540136
52.595932,55.424213,542.790382
47.310423,79.627858,543.124741
38.031029,98.077139,542.907100
26.546858,111.974488,542.847027
13.956680,123.228516,543.723490
0.900926,133.287304,546.073777
-12.171205,143.264512,549.953608
-24.824857,154.246922,554.855031
-39.122417,176.518447,560.927548
-48.040199,-164.576668,564.343427
-52.808951,-140.045576,565.450265
-51.813684,-113.369310,563.813188
-45.436970,-90.585626,559.632823
-35.556442,-73.427285,553.710199
-23.772664,-60.312820,547.243878
-11.034937,-49.441154,541.511167
2.083612,-39.475069,537.523445
15.147520,-29.332304,535.762457
27.692703,-17.875523,536.084886
39.043322,-3.606451,537.826133
48.035150,15.406146,540.062883
52.822013,40.119499,541.940193
51.763781,66.953241,542.953527
45.283796,89.772420,543.098462
35.312775,106.898234,542.845625
23.472625,119.970789,542.950958
10.717144,130.808382,544.161192
-2.381633,140.748724,546.910716
-15.392724,150.869586,551.114632
-27.860280,162.299525,556.133806
-41.631234,-174.269933,561.953321
-49.702190,-153.936550,564.863724
-53.128928,-128.321505,565.301631
-50.659094,-102.143628,562.984481
-43.220302,-80.807486,558.273313
-32.742503,-64.847638,552.093309
-20.651080,-52.444088,545.695386
-7.773039,-41.908997,540.321342
5.371159,-31.997025,536.869466
18.353507,-21.641428,535.666381
30.676902,-9.642073,536.421301
41.573369,5.625094,538.375930
49.708721,26.086125,540.593331
53.133383,51.891652,542.283691
50.584589,78.198845,543.059967
43.041990,99.545629,543.045859
32.481218,115.467109,542.806575
20.342961,127.830110,543.125534
7.456789,138.333442,544.697752
-5.658824,148.221180,547.841389
-18.581208,158.554706,552.328662
-30.822647,170.523677,557.399065
-43.972834,-164.731879,562.874838
-51.071680,-142.935708,565.226723
-53.066591,-116.556745,564.977544
-49.189389,-91.253271,562.003286
-40.817343,-71.374829,556.820345
-29.830731,-56.488173,550.462842
-17.481744,-44.689770,544.212635
-4.494923,-34.414915,539.254569
8.648901,-24.491898,536.359184
21.519548,-13.850011,535.695057
33.574703,-1.207004,536.833593
43.934833,15.187352,538.941385
51.085498,37.131664,541.088773
53.057193,63.700168,542.567447
49.088844,89.100921,543.114748
40.615361,108.970564,542.978059
29.554137,123.815837,542.802858
17.167984,135.575614,543.380361
4.182526,145.820913,545.335316
-8.924229,155.720877,548.858763
-21.728342,166.339900,553.580871
-33.698182,178.947648,558.632214
-46.119417,-154.840297,563.676300
-52.116502,-131.615512,565.424186
-52.623767,-104.869675,564.479895
-47.437463,-80.731035,560.881422
-38.254875,-62.258789,555.292705
-26.836383,-48.319089,548.839572
-14.273656,-37.028654,542.812754
-1.207221,-26.942334,538.319783
11.910075,-16.942870,535.991400
24.636178,-5.936060,535.838454
36.369810,7.460637,537.306939
46.099265,25.108051,539.508169
52.132646,48.500046,541.540136
52.595932,75.424213,542.790382
47.310423,99.627858,543.124741
38.031029,118.077139,542.907100
26.546858,131.974488,542.847027
13.956680,143.228516,543.723490
0.900926,153.287304,546.073777
-12.171205,163.264512,549.953608
-24.824857,174.246922,554.855031
-36.470936,-172.398129,559.814539
-48.040199,-144.576668,564.343427
-52.808951,-120.045576,565.450265
-51.813684,-93.369310,563.813188
-45.436970,-70.585626,559.632823
-35.556442,-53.427285,553.710199
-23.772664,-40.312820,547.243878
-11.034937,-29.441154,541.511167
2.083612,-19.475069,537.523445
15.147520,-9.332304,535.762457
27.692703,2.124477,536.084886
39.043322,16.393549,537.826133
48.035150,35.406146,540.062883
52.822013,60.119499,541.940193
51.763781,86.953241,542.953527
45.283796,109.772420,543.098462
35.312775,126.898234,542.845625
23.472625,139.970789,542.950958
10.717144,150.808382,544.161192
-2.381633,160.748724,546.910716
-15.392724,170.869586,551.114632
-27.860280,-177.700475,556.133806
-39.122417,-163.481553,560.927548
-49.702190,-133.936550,564.863724
-53.128928,-108.321505,565.301631
-50.659094,-82.143628,562.984481
-43.220302,-60.807486,558.273313
-32.742503,-44.847638,552.093309
-20.651080,-32.444088,545.695386
-7.773039,-21.908997,540.321342
5.371159,-11.997025,536.869466
18.353507,-1.641428,535.666381
30.676902,10.357927,536.421301
41.573369,25.625094,538.375930
49.708721,46.086125,540.593331
53.133383,71.891652,542.283691
50.584589,98.198845,543.059967
43.041990,119.545629,543.045859
32.481218,135.467109,542.806575
20.342961,147.830110,543.125534
7.456789,158.333442,544.697752
-5.658824,168.221180,547.841389
-18.581208,178.554706,552.328662
-30.822647,-169.476323,557.399065
-41.631234,-154.269933,561.953321
-51.071680,-122.935708,565.226723
-53.066591,-96.556745,564.977544
-49.189389,-71.253271,562.003286
-40.817343,-51.374829,556.820345
-29.830731,-36.488173,550.462842
-17.481744,-24.689770,544.212635
-4.494923,-14.414915,539.254569
8.648901,-4.491898,536.359184
21.519548,6.149989,535.695057
33.574703,18.792996,536.833593
43.934833,35.187352,538.941385
51.085498,57.131664,541.088773
53.057193,83.700168,542.567447
49.088844,109.100921,543.114748
40.615361,128.970564,542.978059
29.554137,143.815837,542.802858
17.167984,155.575614,543.380361
4.182526,165.820913,545.335316
-8.924229,175.720877,548.858763
-21.728342,-173.660100,553.580871
-33.698182,-161.052352,558.632214
-43.972834,-144.731879,562.874838
-52.116502,-111.615512,565.424186
-52.623767,-84.869675,564.479895
-47.437463,-60.731035,560.881422
-38.254875,-42.258789,555.292705
-26.836383,-28.319089,548.839572
-14.273656,-17.028654,542.812754
-1.207221,-6.942334,538.319783
11.910075,3.057130,535.991400
24.636178,14.063940,535.838454
36.369810,27.460637,537.306939
46.099265,45.108051,539.508169
52.132646,68.500046,541.540136
52.595932,95.424213,542.790382
47.310423,119.627858,543.124741
38.031029,138.077139,542.907100
26.546858,151.974488,542.847027
13.956680,163.228516,543.723490
0.900926,173.287304,546.073777
-12.171205,-176.735488,549.953608
-24.824857,-165.753078,554.855031
-36.470936,-152.398129,559.814539
-46.119417,-134.840297,563.676300
-52.808951,-100.045576,565.450265
-51.813684,-73.369310,563.813188
-45.436970,-50.585626,559.632823
-35.556442,-33.427285,553.710199
-23.772664,-20.312820,547.243878
-11.034937,-9.441154,541.511167
2.083612,0.524931,537.523445
15.147520,10.667696,535.762457
27.692703,22.124477,536.084886
39.043322,36.393549,537.826133
48.035150,55.406146,540.062883
52.822013,80.119499,541.940193
51.763781,106.953241,542.953527
45.283796,129.772420,543.098462
35.312775,146.898234,542.845625
23.472625,159.970789,542.950958
10.717144,170.808382,544.161192
-2.381633,-179.251276,546.910716
-15.392724,-169.130414,551.114632
-27.860280,-157.700475,556.133806
-39.122417,-143.481553,560.927548
-48.040199,-124.576668,564.343427
-53.128928,-88.321505,565.301631
-50.659094,-62.143628,562.984481
-43.220302,-40.807486,558.273313
-32.742503,-24.847638,552.093309
-20.651080,-12.444088,545.695386
-7.773039,-1.908997,540.321342
5.371159,8.002975,536.869466
18.353507,18.358572,535.666381
30.676902,30.357927,536.421301
41.573369,45.625094,538.375930
49.708721,66.086125,540.593331
53.133383,91.891652,542.283691
50.584589,118.198845,543.059967
43.041990,139.545629,543.045859
32.481218,155.467109,542.806575
20.342961,167.830110,543.125534
7.456789,178.333442,544.697752
-5.658824,-171.778820,547.841389
-18.581208,-161.445294,552.328662
-30.822647,-149.476323,557.399065
-41.631234,-134.269933,561.953321
-49.702190,-113.936550,564.863724
-53.066591,-76.556745,564.977544
-49.189389,-51.253271,562.003286
-40.817343,-31.374829,556.820345
-29.830731,-16.488173,550.462842
-17.481744,-4.689770,544.212635
-4.494923,5.585085,539.254569
8.648901,15.508102,536.359184
21.519548,26.149989,535.695057
33.574703,38.792996,536.833593
43.934833,55.187352,538.941385
51.085498,77.131664,541.088773
53.057193,103.700168,542.567447
49.088844,129.100921,543.114748
40.615361,148.970564,542.978059
29.554137,163.815837,542.802858
17.167984,175.575614,543.380361
4.182526,-174.179087,545.335316
-8.924229,-164.279123,548.858763
-21.728342,-153.660100,553.580871
-33.698182,-141.052352,558.632214
-43.972834,-124.731879,562.874838
-51.071680,-102.935708,565.226723
-52.623767,-64.869675,564.479895
-47.437463,-40.731035,560.881422
-38.254875,-22.258789,555.292705
-26.836383,-8.319089,548.839572
-14.273656,2.971346,542.812754
-1.207221,13.057666,538.319783
11.910075,23.057130,535.991400
24.636178,34.063940,535.838454
36.369810,47.460637,537.306939
46.099265,65.108051,539.508169
52.132646,88.500046,541.540136
52.595932,115.424213,542.790382
47.310423,139.627858,543.124741
38.031029,158.077139,542.907100
26.546858,171.974488,542.847027
13.956680,-176.771484,543.723490
0.900926,-166.712696,546.073777
-12.171205,-156.735488,549.953608
-24.824857,-145.753078,554.855031
-36.470936,-132.398129,559.814539
-46.119417,-114.840297,563.676300
-52.116502,-91.615512,565.424186
-51.813684,-53.369310,563.813188
-45.436970,-30.585626,559.632823
-35.556442,-13.427285,553.710199
-23.772664,-0.312820,547.243878
-11.034937,10.558846,541.511167
2.083612,20.524931,537.523445
15.147520,30.667696,535.762457
27.692703,42.124477,536.084886
39.043322,56.393549,537.826133
48.035150,75.406146,540.062883
52.822013,100.119499,541.940193
51.763781,126.953241,542.953527
45.283796,149.772420,543.098462
35.312775,166.898234,542.845625
23.472625,179.970789,542.950958
10.717144,-169.191618,544.161192
-2.381633,-159.251276,546.910716
-15.392724,-149.130414,551.114632
-27.860280,-137.700475,556.133806
-39.122417,-123.481553,560.927548
-48.040199,-104.576668,564.343427
-52.808951,-80.045576,565.450265
-50.659094,-42.143628,562.984481
-43.220302,-20.807486,558.273313
-32.742503,-4.847638,552.093309
-20.651080,7.555912,545.695386
-7.773039,18.091003,540.321342
5.371159,28.002975,536.869466
18.353507,38.358572,535.666381
30.676902,50.357927,536.421301
41.573369,65.625094,538.375930
49.708721,86.086125,540.593331
53.133383,111.891652,542.283691
50.584589,138.198845,543.059967
43.041990,159.545629,543.045859
32.481218,175.467109,542.806575
20.342961,-172.169890,543.125534
7.456789,-161.666558,544.697752
-5.658824,-151.778820,547.841389
-18.581208,-141.445294,552.328662
-30.822647,-129.476323,557.399065
-41.631234,-114.269933,561.953321
-49.702190,-93.936550,564.863724
-53.128928,-68.321505,565.301631
-49.189389,-31.253271,562.003286
-40.817343,-11.374829,556.820345
-29.830731,3.511827,550.462842
-17.481744,15.310230,544.212635
-4.494923,25.585085,539.254569
8.648901,35.508102,536.359184
21.519548,46.149989,535.695057
33.574703,58.792996,536.833593
43.934833,75.187352,538.941385
51.085498,97.131664,541.088773
53.057193,123.700168,542.567447
49.088844,149.100921,543.114748
40.615361,168.970564,542.978059
29.554137,-176.184163,542.802858
17.167984,-164.424386,543.380361
4.182526,-154.179087,545.335316
-8.924229,-144.279123,548.858763
-21.728342,-133.660100,553.580871
-33.698182,-121.052352,558.632214
-43.972834,-104.731879,562.874838
-51.071680,-82.935708,565.226723
-53.066591,-56.556745,564.977544
-47.437463,-20.731035,560.881422
-38.254875,-2.258789,555.292705
-26.836383,11.680911,548.839572
-14.273656,22.971346,542.812754
-1.207221,33.057666,538.319783
11.910075,43.057130,535.991400
24.636178,54.063940,535.838454
36.369810,67.460637,537.306939
46.099265,85.108051,539.508169
52.132646,108.500046,541.540136
52.595932,135.424213,542.790382
47.310423,159.627858,543.124741
38.031029,178.077139,542.907100
26.546858,-168.025512,542.847027
13.956680,-156.771484,543.723490
0.900926,-146.712696,546.073777
-12.171205,-136.735488,549.953608
-24.824857,-125.753078,554.855031
-36.470936,-112.398129,559.814539
-46.119417,-94.840297,563.676300
-52.116502,-71.615512,565.424186
-52.623767,-44.869675,564.479895
-45.436970,-10.585626,559.632823
-35.556442,6.572715,553.710199
-23.772664,19.687180,547.243878
-11.034937,30.558846,541.511167
2.083612,40.524931,537.523445
15.147520,50.667696,535.762457
27.692703,62.124477,536.084886
39.043322,76.393549,537.826133
48.035150,95.406146,540.062883
52.822013,120.119499,541.940193
51.763781,146.953241,542.953527
45.283796,169.772420,543.098462
35.312775,-173.101766,542.845625
23.472625,-160.029211,542.950958
10.717144,-149.191618,544.161192
-2.381633,-139.251276,546.910716
-15.392724,-129.130414,551.114632
-27.860280,-117.700475,556.133806
-39.122417,-103.481553,560.927548
-48.040199,-84.576668,564.343427
-52.808951,-60.045576,565.450265
-51.813684,-33.369310,563.813188
-43.220302,-0.807486,558.273313
-32.742503,15.152362,552.093309
-20.651080,27.555912,545.695386
-7.773039,38.091003,540.321342
5.371159,48.002975,536.869466
18.353507,58.358572,535.666381
30.676902,70.357927,536.421301
41.573369,85.625094,538.375930
49.708721,106.086125,540.593331
53.133383,131.891652,542.283691
50.584589,158.198845,543.059967
43.041990,179.545629,543.045859
32.481218,-164.532891,542.806575
20.342961,-152.169890,543.125534
7.456789,-141.666558,544.697752
-5.658824,-131.778820,547.841389
-18.581208,-121.445294,552.328662
-30.822647,-109.476323,557.399065
-41.631234,-94.269933,561.953321
-49.702190,-73.936550,564.863724
-53.128928,-48.321505,565.301631
-50.659094,-22.143628,562.984481
-40.817343,8.625171,556.820345
-29.830731,23.511827,550.462842
-17.481744,35.310230,544.212635
-4.494923,45.585085,539.254569
8.648901,55.508102,536.359184
21.519548,66.149989,535.695057
33.574703,78.792996,536.833593
43.934833,95.187352,538.941385
51.085498,117.131664,541.088773
53.057193,143.700168,542.567447
49.088844,169.100921,543.114748
40.615361,-171.029436,542.978059
29.554137,-156.184163,542.802858
17.167984,-144.424386,543.380361
4.182526,-134.179087,545.335316
-8.924229,-124.279123,548.858763
-21.728342,-113.660100,553.580871
-33.698182,-101.052352,558.632214
-43.972834,-84.731879,562.874838
-51.071680,-62.935708,565.226723
-53.066591,-36.556745,564.977544
-49.189389,-11.253271,562.003286
-38.254875,17.741211,555.292705
-26.836383,31.680911,548.839572
-14.273656,42.971346,542.812754
-1.207221,53.057666,538.319783
11.910075,63.057130,535.991400
24.636178,74.063940,535.838454
36.369810,87.460637,537.306939
46.099265,105.108051,539.508169
52.132646,128.500046,541.540136
52.595932,155.424213,542.790382
47.310423,179.627858,543.124741
38.031029,-161.922861,542.907100
26.546858,-148.025512,542.847027
13.956680,-136.771484,543.723490
0.900926,-126.712696,546.073777
-12.171205,-116.735488,549.953608
-24.824857,-105.753078,554.855031
-36.470936,-92.398129,559.814539
-46.119417,-74.840297,563.676300
-52.116502,-51.615512,565.424186
-52.623767,-24.869675,564.479895
-47.437463,-0.731035,560.881422
-35.556442,26.572715,553.710199
-23.772664,39.687180,547.243878
-11.034937,50.558846,541.511167
2.083612,60.524931,537.523445
15.147520,70.667696,535.762457
27.692703,82.124477,536.084886
39.043322,96.393549,537.826133
48.035150,115.406146,540.062883
52.822013,140.119499,541.940193
51.763781,166.953241,542.953527
45.283796,-170.227580,543.098462
35.312775,-153.101766,542.845625
23.472625,-140.029211,542.950958
10.717144,-129.191618,544.161192
-2.381633,-119.251276,546.910716
-15.392724,-109.130414,551.114632
-27.860280,-97.700475,556.133806
-39.122417,-83.481553,560.927548
-48.040199,-64.576668,564.343427
-52.808951,-40.045576,565.450265
-51.813684,-13.369310,563.813188
-45.436970,9.414374,559.632823
-32.742503,35.152362,552.093309
-20.651080,47.555912,545.695386
-7.773039,58.091003,540.321342
5.371159,68.002975,536.869466
18.353507,78.358572,535.666381
30.676902,90.357927,536.421301
41.573369,105.625094,538.375930
49.708721,126.086125,540.593331
53.133383,151.891652,542.283691
50.584589,178.198845,543.059967
43.041990,-160.454371,543.045859
32.481218,-144.532891,542.806575
20.342961,-132.169890,543.125534
7.456789,-121.666558,544.697752
-5.658824,-111.778820,547.841389
-18.581208,-101.445294,552.328662
-30.822647,-89.476323,557.399065
-41.631234,-74.269933,561.953321
-49.702190,-53.936550,564.863724
-53.128928,-28.321505,565.301631
-50.659094,-2.143628,562.984481
-43.220302,19.192514,558.273313
-29.830731,43.511827,550.462842
-17.481744,55.310230,544.212635
-4.494923,65.585085,539.254569
8.648901,75.508102,536.359184
21.519548,86.149989,535.695057
33.574703,98.792996,536.833593
43.934833,115.187352,538.941385
51.085498,137.131664,541.088773
53.057193,163.700168,542.567447
49.088844,-170.899079,543.114748
40.615361,-151.029436,542.978059
29.554137,-136.184163,542.802858
17.167984,-124.424386,543.380361
4.182526,-114.179087,545.335316
-8.924229,-104.279123,548.858763
-21.728342,-93.660100,553.580871
-33.698182,-81.052352,558.632214
-43.972834,-64.731879,562.874838
-51.071680,-42.935708,565.226723
-53.066591,-16.556745,564.977544
-49.189389,8.746729,562.003286
-40.817343,28.625171,556.820345
-26.836383,51.680911,548.839572
-14.273656,62.971346,542.812754
-1.207221,73.057666,538.319783
11.910075,83.057130,535.991400
24.636178,94.063940,535.838454
36.369810,107.460637,537.306939
46.099265,125.108051,539.508169
52.132646,148.500046,541.540136
52.595932,175.424213,542.790382
47.310423,-160.372142,543.124741
38.031029,-141.922861,542.907100
26.546858,-128.025512,542.847027
13.956680,-116.771484,543.723490
0.900926,-106.712696,546.073777
-12.171205,-96.735488,549.953608
-24.824857,-85.753078,554.855031
-36.470936,-72.398129,559.814539
-46.119417,-54.840297,563.676300
-52.116502,-31.615512,565.424186
-52.623767,-4.869675,564.479895
-47.437463,19.268965,560.881422
-38.254875,37.741211,555.292705
-23.772664,59.687180,547.243878
-11.034937,70.558846,541.511167
2.083612,80.524931,537.523445
15.147520,90.667696,535.762457
27.692703,102.124477,536.084886
39.043322,116.393549,537.826133
48.035150,135.406146,540.062883
52.822013,160.119499,541.940193
51.763781,-173.046759,542.953527
45.283796,-150.227580,543.098462
35.312775,-133.101766,542.845625
23.472625,-120.029211,542.950958
10.717144,-109.191618,544.161192
-2.381633,-99.251276,546.910716
-15.392724,-89.130414,551.114632
-27.860280,-77.700475,556.133806
-39.122417,-63.481553,560.927548
-48.040199,-44.576668,564.343427
-52.808951,-20.045576,565.450265
-51.813684,6.630690,563.813188
-45.436970,29.414374,559.632823
-35.556442,46.572715,553.710199
-20.651080,67.555912,545.695386
-7.773039,78.091003,540.321342
5.371159,88.002975,536.869466
18.353507,98.358572,535.666381
30.676902,110.357927,536.421301
41.573369,125.625094,538.375930
49.708721,146.086125,540.593331
53.133383,171.891652,542.283691
50.584589,-161.801155,543.059967
43.041990,-140.454371,543.045859
32.481218,-124.532891,542.806575
20.342961,-112.169890,543.125534
7.456789,-101.666558,544.697752
-5.658824,-91.778820,547.841389
-18.581208,-81.445294,552.328662
-30.822647,-69.476323,557.399065
-41.631234,-54.269933,561.953321
-49.702190,-33.936550,564.863724
-53.128928,-8.321505,565.301631
-50.659094,17.856372,562.984481
-43.220302,39.192514,558.273313
-32.742503,55.152362,552.093309
-17.481744,75.310230,544.212635
-4.494923,85.585085,539.254569
8.648901,95.508102,536.359184
21.519548,106.149989,535.695057
33.574703,118.792996,536.833593
43.934833,135.187352,538.941385
51.085498,157.131664,541.088773
53.057193,-176.299832,542.567447
49.088844,-150.899079,543.114748
40.615361,-131.029436,542.978059
29.554137,-116.184163,542.802858
17.167984,-104.424386,543.380361
4.182526,-94.179087,545.335316
-8.924229,-84.279123,548.858763
-21.728342,-73.660100,553.580871
-33.698182,-61.052352,558.632214
-43.972834,-44.731879,562.874838
-51.071680,-22.935708,565.226723
-53.066591,3.443255,564.977544
-49.189389,28.746729,562.003286
-40.817343,48.625171,556.820345
-29.830731,63.511827,550.462842
-14.273656,82.971346,542.812754
-1.207221,93.057666,538.319783
11.910075,103.057130,535.991400
24.636178,114.063940,535.838454
36.369810,127.460637,537.306939
46.099265,145.108051,539.508169
52.132646,168.500046,541.540136
52.595932,-164.575787,542.790382
47.310423,-140.372142,543.124741
38.031029,-121.922861,542.907100
26.546858,-108.025512,542.847027
13.956680,-96.771484,543.723490
0.900926,-86.712696,546.073777
-12.171205,-76.735488,549.953608
-24.824857,-65.753078,554.855031
-36.470936,-52.398129,559.814539
-46.119417,-34.840297,563.676300
-52.116502,-11.615512,565.424186
-52.623767,15.130325,564.479895
-47.437463,39.268965,560.881422
-38.254875,57.741211,555.292705
-26.836383,71.680911,548.839572
-11.034937,90.558846,541.511167
2.083612,100.524931,537.523445
15.147520,110.667696,535.762457
27.692703,122.124477,536.084886
39.043322,136.393549,537.826133
48.035150,155.406146,540.062883
52.822013,-179.880501,541.940193
51.763781,-153.046759,542.953527
45.283796,-130.227580,543.098462
35.312775,-113.101766,542.845625
23.472625,-100.029211,542.950958
10.717144,-89.191618,544.161192
-2.381633,-79.251276,546.910716
-15.392724,-69.130414,551.114632
-27.860280,-57.700475,556.133806
-39.122417,-43.481553,560.927548
-48.040199,-24.576668,564.343427
-52.808951,-0.045576,565.450265
-51.813684,26.630690,563.813188
-45.436970,49.414374,559.632823
-35.556442,66.572715,553.710199
-23.772664,79.687180,547.243878
-7.773039,98.091003,540.321342
5.371159,108.002975,536.869466
18.353507,118.358572,535.666381
30.676902,130.357927,536.421301
41.573369,145.625094,538.375930
49.708721,166.086125,540.593331
53.133383,-168.108348,542.283691
50.584589,-141.801155,543.059967
43.041990,-120.454371,543.045859
32.481218,-104.532891,542.806575
20.342961,-92.169890,543.125534
7.456789,-81.666558,544.697752
-5.658824,-71.778820,547.841389
-18.581208,-61.445294,552.328662
-30.822647,-49.476323,557.399065
-41.631234,-34.269933,561.953321
-49.702190,-13.936550,564.863724
-53.128928,11.678495,565.301631
-50.659094,37.856372,562.984481
-43.220302,59.192514,558.273313
-32.742503,75.152362,552.093309
-20.651080,87.555912,545.695386
-4.494923,105.585085,539.254569
8.648901,115.508102,536.359184
21.519548,126.149989,535.695057
33.574703,138.792996,536.833593
43.934833,155.187352,538.941385
51.085498,177.131664,541.088773
53.057193,-156.299832,542.567447
49.088844,-130.899079,543.114748
40.615361,-111.029436,542.978059
29.554137,-96.184163,542.802858
17.167984,-84.424386,543.380361
4.182526,-74.179087,545.335316
-8.924229,-64.279123,548.858763
-21.728342,-53.660100,553.580871
-33.698182,-41.052352,558.632214
-43.972834,-24.731879,562.874838
-51.071680,-2.935708,565.226723
-53.066591,23.443255,564.977544
-49.189389,48.746729,562.003286
-40.817343,68.625171,556.820345
-29.830731,83.511827,550.462842
-17.481744,95.310230,544.212635
-1.207221,113.057666,538.319783
11.910075,123.057130,535.991400
24.636178,134.063940,535.838454
36.369810,147.460637,537.306939
46.099265,165.108051,539.508169
52.132646,-171.499954,541.540136
52.595932,-144.575787,542.790382
47.310423,-120.372142,543.124741
38.031029,-101.922861,542.907100
26.546858,-88.025512,542.847027
13.956680,-76.771484,543.723490
0.900926,-66.712696,546.073777
-12.171205,-56.735488,549.953608
-24.824857,-45.753078,554.855031
-36.470936,-32.398129,559.814539
-46.119417,-14.840297,563.676300
-52.116502,8.384488,565.424186
-52.623767,35.130325,564.479895
-47.437463,59.268965,560.881422
-38.254875,77.741211,555.292705
-26.836383,91.680911,548.839572
-14.273656,102.971346,542.812754
2.083612,120.524931,537.523445
15.147520,130.667696,535.762457
27.692703,142.124477,536.084886
39.043322,156.393549,537.826133
48.035150,175.406146,540.062883
52.822013,-159.880501,541.940193
51.763781,-133.046759,542.953527
45.283796,-110.227580,543.098462
35.312775,-93.101766,542.845625
23.472625,-80.029211,542.950958
10.717144,-69.191618,544.161192
-2.381633,-59.251276,546.910716
-15.392724,-49.130414,551.114632
-27.860280,-37.700475,556.133806
-39.122417,-23.481553,560.927548
-48.040199,-4.576668,564.343427
-52.808951,19.954424,565.450265
-51.813684,46.630690,563.813188
-45.436970,69.414374,559.632823
-35.556442,86.572715,553.710199
-23.772664,99.687180,547.243878
-11.034937,110.558846,541.511167
5.371159,128.002975,536.869466
18.353507,138.358572,535.666381
30.676902,150.357927,536.421301
41.573369,165.625094,538.375930
49.708721,-173.913875,540.593331
53.133383,-148.108348,542.283691
50.584589,-121.801155,543.059967
43.041990,-100.454371,543.045859
32.481218,-84.532891,542.806575
20.342961,-72.169890,543.125534
7.456789,-61.666558,544.697752
-5.658824,-51.778820,547.841389
-18.581208,-41.445294,552.328662
-30.822647,-29.476323,557.399065
-41.631234,-14.269933,561.953321
-49.702190,6.063450,564.863724
-53.128928,31.678495,565.301631
-50.659094,57.856372,562.984481
-43.220302,79.192514,558.273313
-32.742503,95.152362,552.093309
-20.651080,107.555912,545.695386
-7.773039,118.091003,540.321342
8.648901,135.508102,536.359184
21.519548,146.149989,535.695057
33.574703,158.792996,536.833593
43.934833,175.187352,538.941385
51.085498,-162.868336,541.088773
53.057193,-136.299832,542.567447
49.088844,-110.899079,543.114748
40.615361,-91.029436,542.978059
29.554137,-76.184163,542.802858
17.167984,-64.424386,543.380361
4.182526,-54.179087,545.335316
-8.924229,-44.279123,548.858763
-21.728342,-33.660100,553.580871
-33.698182,-21.052352,558.632214
-43.972834,-4.731879,562.874838
-51.071680,17.064292,565.226723
-53.066591,43.443255,564.977544
-49.189389,68.746729,562.003286
-40.817343,88.625171,556.820345
-29.830731,103.511827,550.462842
-17.481744,115.310230,544.212635
-4.494923,125.585085,539.254569
11.910075,143.057130,535.991400
24.636178,154.063940,535.838454
36.369810,167.460637,537.306939
46.099265,-174.891949,539.508169
52.132646,-151.499954,541.540136
52.595932,-124.575787,542.790382
47.310423,-100.372142,543.124741
38.031029,-81.922861,542.907100
26.546858,-68.025512,542.847027
13.956680,-56.771484,543.723490
0.900926,-46.712696,546.073777
-12.171205,-36.735488,549.953608
-24.824857,-25.753078,554.855031
-36.470936,-12.398129,559.814539
-46.119417,5.159703,563.676300
-52.116502,28.384488,565.424186
-52.623767,55.130325,564.479895
-47.437463,79.268965,560.881422
-38.254875,97.741211,555.292705
-26.836383,111.680911,548.839572
-14.273656,122.971346,542.812754
-1.207221,133.057666,538.319783
15.147520,150.667696,535.762457
27.692703,162.124477,536.084886
39.043322,176.393549,537.826133
48.035150,-164.593854,540.062883
52.822013,-139.880501,541.940193
51.763781,-113.046759,542.953527
45.283796,-90.227580,543.098462
35.312775,-73.101766,542.845625
23.472625,-60.029211,542.950958
10.717144,-49.191618,544.161192
-2.381633,-39.251276,546.910716
-15.392724,-29.130414,551.114632
-27.860280,-17.700475,556.133806
-39.122417,-3.481553,560.927548
-48.040199,15.423332,564.343427
-52.808951,39.954424,565.450265
-51.813684,66.630690,563.813188
-45.436970,89.414374,559.632823
-35.556442,106.572715,553.710199
-23.772664,119.687180,547.243878
-11.034937,130.558846,541.511167
2.083612,140.524931,537.523445
18.353507,158.358572,535.666381
30.676902,170.357927,536.421301
41.573369,-174.374906,538.375930
49.708721,-153.913875,540.593331
53.133383,-128.108348,542.283691
50.584589,-101.801155,543.059967
43.041990,-80.454371,543.045859
32.481218,-64.532891,542.806575
20.342961,-52.169890,543.125534
7.456789,-41.666558,544.697752
-5.658824,-31.778820,547.841389
-18.581208,-21.445294,552.328662
-30.822647,-9.476323,557.399065
-41.631234,5.730067,561.953321
-49.702190,26.063450,564.863724
-53.128928,51.678495,565.301631
-50.659094,77.856372,562.984481
-43.220302,99.192514,558.273313
-32.742503,115.152362,552.093309
-20.651080,127.555912,545.695386
-7.773039,138.091003,540.321342
5.371159,148.002975,536.869466
21.519548,166.149989,535.695057
33.574703,178.792996,536.833593
43.934833,-164.812648,538.941385
51.085498,-142.868336,541.088773
53.057193,-116.299832,542.567447
49.088844,-90.899079,543.114748
40.615361,-71.029436,542.978059
29.554137,-56.184163,542.802858
17.167984,-44.424386,543.380361
4.182526,-34.179087,545.335316
-8.924229,-24.279123,548.858763
-21.728342,-13.660100,553.580871
-33.698182,-1.052352,558.632214
-43.972834,15.268121,562.874838
-51.071680,37.064292,565.226723
-53.066591,63.443255,564.977544
-49.189389,88.746729,562.003286
-40.817343,108.625171,556.820345
-29.830731,123.511827,550.462842
-17.481744,135.310230,544.212635
-4.494923,145.585085,539.254569
8.648901,155.508102,536.359184
24.636178,174.063940,535.838454
36.369810,-172.539363,537.306939
46.099265,-154.891949,539.508169
52.132646,-131.499954,541.540136
52.595932,-104.575787,542.790382
47.310423,-80.372142,543.124741
38.031029,-61.922861,542.907100
26.546858,-48.025512,542.847027
13.956680,-36.771484,543.723490
0.900926,-26.712696,546.073777
-12.171205,-16.735488,549.953608
-24.824857,-5.753078,554.855031
-36.470936,7.601871,559.814539
-46.119417,25.159703,563.676300
-52.116502,48.384488,565.424186
-52.623767,75.130325,564.479895
-47.437463,99.268965,560.881422
-38.254875,117.741211,555.292705
-26.836383,131.680911,548.839572
-14.273656,142.971346,542.812754
-1.207221,153.057666,538.319783
11.910075,163.057130,535.991400
27.692703,-177.875523,536.084886
39.043322,-163.606451,537.826133
48.035150,-144.593854,540.062883
52.822013,-119.880501,541.940193
51.763781,-93.046759,542.953527
45.283796,-70.227580,543.098462
35.312775,-53.101766,542.845625
23.472625,-40.029211,542.950958
10.717144,-29.191618,544.161192
-2.381633,-19.251276,546.910716
-15.392724,-9.130414,551.114632
-27.860280,2.299525,556.133806
-39.122417,16.518447,560.927548
-48.040199,35.423332,564.343427
-52.808951,59.954424,565.450265
-51.813684,86.630690,563.813188
-45.436970,109.414374,559.632823
-35.556442,126.572715,553.710199
-23.772664,139.687180,547.243878
-11.034937,150.558846,541.511167
2.083612,160.524931,537.523445
15.147520,170.667696,535.762457
30.676902,-169.642073,536.421301
41.573369,-154.374906,538.375930
49.708721,-133.913875,540.593331
53.133383,-108.108348,542.283691
50.584589,-81.801155,543.059967
43.041990,-60.454371,543.045859
32.481218,-44.532891,542.806575
20.342961,-32.169890,543.125534
7.456789,-21.666558,544.697752
-5.658824,-11.778820,547.841389
-18.581208,-1.445294,552.328662
-30.822647,10.523677,557.399065
-41.631234,25.730067,561.953321
-49.702190,46.063450,564.863724
-53.128928,71.678495,565.301631
-50.659094,97.856372,562.984481
-43.220302,119.192514,558.273313
-32.742503,135.152362,552.093309
-20.651080,147.555912,545.695386
-7.773039,158.091003,540.321342
5.371159,168.002975,536.869466
18.353507,178.358572,535.666381
33.574703,-161.207004,536.833593
43.934833,-144.812648,538.941385
51.085498,-122.868336,541.088773
53.057193,-96.299832,542.567447
49.088844,-70.899079,543.114748
40.615361,-51.029436,542.978059
29.554137,-36.184163,542.802858
17.167984,-24.424386,543.380361
4.182526,-14.179087,545.335316
-8.924229,-4.279123,548.858763
-21.728342,6.339900,553.580871
-33.698182,18.947648,558.632214
-43.972834,35.268121,562.874838
-51.071680,57.064292,565.226723
-53.066591,83.443255,564.977544
-49.189389,108.746729,562.003286
-40.817343,128.625171,556.820345
-29.830731,143.511827,550.462842
-17.481744,155.310230,544.212635
-4.494923,165.585085,539.254569
8.648901,175.508102,536.359184
21.519548,-173.850011,535.695057
36.369810,-152.539363,537.306939
46.099265,-134.891949,539.508169
52.132646,-111.499954,541.540136
52.595932,-84.575787,542.790382
47.310423,-60.372142,543.124741
38.031029,-41.922861,542.907100
26.546858,-28.025512,542.847027
13.956680,-16.771484,543.723490
0.900926,-6.712696,546.073777
-12.171205,3.264512,549.953608
-24.824857,14.246922,554.855031
-36.470936,27.601871,559.814539
-46.119417,45.159703,563.676300
-52.116502,68.384488,565.424186
-52.623767,95.130325,564.479895
-47.437463,119.268965,560.881422
-38.254875,137.741211,555.292705
-26.836383,151.680911,548.839572
-14.273656,162.971346,542.812754
-1.207221,173.057666,538.319783
11.910075,-176.942870,535.991400
24.636178,-165.936060,535.838454
39.043322,-143.606451,537.826133
48.035150,-124.593854,540.062883
52.822013,-99.880501,541.940193
51.763781,-73.046759,542.953527
45.283796,-50.227580,543.098462
35.312775,-33.101766,542.845625
23.472625,-20.029211,542.950958
10.717144,-9.191618,544.161192
-2.381633,0.748724,546.910716
-15.392724,10.869586,551.114632
-27.860280,22.299525,556.133806
-39.122417,36.518447,560.927548
-48.040199,55.423332,564.343427
-52.808951,79.954424,565.450265
-51.813684,106.630690,563.813188
-45.436970,129.414374,559.632823
-35.556442,146.572715,553.710199
-23.772664,159.687180,547.243878
-11.034937,170.558846,541.511167
2.083612,-179.475069,537.523445
15.147520,-169.332304,535.762457
27.692703,-157.875523,536.084886
41.573369,-134.374906,538.375930
49.708721,-113.913875,540.593331
53.133383,-88.108348,542.283691
50.584589,-61.801155,543.059967
43.041990,-40.454371,543.045859
32.481218,-24.532891,542.806575
20.342961,-12.169890,543.125534
7.456789,-1.666558,544.697752
-5.658824,8.221180,547.841389
-18.581208,18.554706,552.328662
-30.822647,30.523677,557.399065
-41.631234,45.730067,561.953321
-49.702190,66.063450,564.863724
-53.128928,91.678495,565.301631
-50.659094,117.856372,562.984481
-43.220302,139.192514,558.273313
-32.742503,155.152362,552.093309
-20.651080,167.555912,545.695386
-7.773039,178.091003,540.321342
5.371159,-171.997025,536.869466
18.353507,-161.641428,535.666381
30.676902,-149.642073,536.421301
