40.576765,-30.968216,542.976957
29.508482,-16.138476,542.803138
17.118876,-4.387189,543.384944
4.132123,5.854713,545.345903
-8.974296,15.755369,548.875029
-21.776348,26.379374,553.600332
-33.741624,38.997765,558.650820
-44.007381,55.336344,562.888105
-51.090275,77.154936,565.231031
-53.062643,103.542699,564.971203
-49.164509,128.830219,561.987077
-40.779097,148.686526,556.797382
-29.785293,163.557676,550.437787
-17.432703,175.347557,544.190453
-4.444443,-174.381018,539.239185
8.699172,-164.457322,536.352462
21.567854,-153.810437,535.696423
33.618489,-141.156700,536.840446
43.969671,-124.744016,538.950122
51.104168,-102.776973,541.096064
53.052994,-76.199763,542.571331
49.063558,-50.815468,543.115217
37.990203,-21.866282,542.906046
26.500078,-7.982525,542.848139
13.907078,3.264446,543.729485
0.850460,13.320906,546.085902
-12.220935,23.299814,549.970982
-24.872006,34.288449,554.874696
-36.512661,47.655775,559.832218
-46.150733,65.233533,563.687606
-52.129875,88.479570,565.425897
-52.614047,115.227683,564.470915
-47.408509,139.346673,560.863154
-38.214369,157.797945,555.268747
-26.789783,171.724055,548.814789
-14.224085,-176.992603,542.791970
-1.156644,-166.908641,538.306484
11.960037,-156.907485,535.986845
24.683645,-145.894420,535.841496
36.411877,-132.485233,537.314612
46.130836,-114.817630,539.516819
52.146013,-91.404114,541.546688
52.585898,-64.477923,542.793334
47.281063,-40.294409,543.124584
35.270059,-13.049314,542.844818
23.424910,0.011485,542.953076
10.667168,10.843334,544.168680
-2.432065,20.782374,546.924324
-15.442005,30.905974,551.132925
-27.906400,42.343486,556.153402
-39.162119,56.576639,560.944020
-48.067790,75.502960,564.352566
-52.816727,100.052659,565.449310
-51.798475,126.724426,563.801657
-45.404453,149.486326,559.612726
-35.514014,166.625331,553.685557
-23.725092,179.728025,547.219673
-10.984955,-169.406088,541.492004
2.134187,-159.441332,537.512312
15.197059,-149.295830,535.759995
27.739154,-137.831431,536.089413
39.083357,-123.547982,537.834391
48.062949,-104.513654,540.071249
52.829699,-79.781510,541.945909
51.748210,-52.952650,542.955579
45.250884,-30.155677,543.097822
32.436905,-4.484062,542.806213
20.294477,7.868886,543.128817
7.406548,18.367689,544.706782
-5.709123,28.255125,547.856389
-18.629919,38.592477,552.347659
-30.867542,50.570490,557.418310
-41.668560,65.793045,561.968317
-49.725540,86.148801,564.870519
-53.130873,111.778243,565.297978
-50.638806,137.945340,562.970528
-43.184702,159.258967,558.251644
-32.698444,175.201358,552.068300
-20.602700,-172.405172,545.672055
-7.722756,-161.874645,540.303991
5.421633,-151.962996,536.860538
18.402498,-141.603565,535.665903
30.722138,-129.595104,536.427102
41.611012,-114.311590,538.384541
49.732218,-93.827871,540.601236
53.135154,-68.007887,542.288508
50.563909,-41.711948,543.061181
43.006015,-20.388019,543.044898
29.508482,3.861524,542.803138
17.118876,15.612811,543.384944
4.132123,25.854713,545.345903
-8.974296,35.755369,548.875029
-21.776348,46.379374,553.600332
-33.741624,58.997765,558.650820
-44.007381,75.336344,562.888105
-51.090275,97.154936,565.231031
-53.062643,123.542699,564.971203
-49.164509,148.830219,561.987077
-40.779097,168.686526,556.797382
-29.785293,-176.442324,550.437787
-17.432703,-164.652443,544.190453
-4.444443,-154.381018,539.239185
8.699172,-144.457322,536.352462
21.567854,-133.810437,535.696423
33.618489,-121.156700,536.840446
43.969671,-104.744016,538.950122
51.104168,-82.776973,541.096064
53.052994,-56.199763,542.571331
49.063558,-30.815468,543.115217
40.576765,-10.968216,542.976957
26.500078,12.017475,542.848139
13.907078,23.264446,543.729485
0.850460,33.320906,546.085902
-12.220935,43.299814,549.970982
-24.872006,54.288449,554.874696
-36.512661,67.655775,559.832218
-46.150733,85.233533,563.687606
-52.129875,108.479570,565.425897
-52.614047,135.227683,564.470915
-47.408509,159.346673,560.863154
-38.214369,177.797945,555.268747
-26.789783,-168.275945,548.814789
-14.224085,-156.992603,542.791970
-1.156644,-146.908641,538.306484
11.960037,-136.907485,535.986845
24.683645,-125.894420,535.841496
36.411877,-112.485233,537.314612
46.130836,-94.817630,539.516819
52.146013,-71.404114,541.546688
52.585898,-44.477923,542.793334
47.281063,-20.294409,543.124584
37.990203,-1.866282,542.906046
23.424910,20.011485,542.953076
10.667168,30.843334,544.168680
-2.432065,40.782374,546.924324
-15.442005,50.905974,551.132925
-27.906400,62.343486,556.153402
-39.162119,76.576639,560.944020
-48.067790,95.502960,564.352566
-52.816727,120.052659,565.449310
-51.798475,146.724426,563.801657
-45.404453,169.486326,559.612726
-35.514014,-173.374669,553.685557
-23.725092,-160.271975,547.219673
-10.984955,-149.406088,541.492004
2.134187,-139.441332,537.512312
15.197059,-129.295830,535.759995
27.739154,-117.831431,536.089413
39.083357,-103.547982,537.834391
48.062949,-84.513654,540.071249
52.829699,-59.781510,541.945909
51.748210,-32.952650,542.955579
45.250884,-10.155677,543.097822
35.270059,6.950686,542.844818
20.294477,27.868886,543.128817
7.406548,38.367689,544.706782
-5.709123,48.255125,547.856389
-18.629919,58.592477,552.347659
-30.867542,70.570490,557.418310
-41.668560,85.793045,561.968317
-49.725540,106.148801,564.870519
-53.130873,131.778243,565.297978
-50.638806,157.945340,562.970528
-43.184702,179.258967,558.251644
-32.698444,-164.798642,552.068300
-20.602700,-152.405172,545.672055
-7.722756,-141.874645,540.303991
5.421633,-131.962996,536.860538
18.402498,-121.603565,535.665903
30.722138,-109.595104,536.427102
41.611012,-94.311590,538.384541
49.732218,-73.827871,540.601236
53.135154,-48.007887,542.288508
50.563909,-21.711948,543.061181
43.006015,-0.388019,543.044898
32.436905,15.515938,542.806213
17.118876,35.612811,543.384944
4.132123,45.854713,545.345903
-8.974296,55.755369,548.875029
-21.776348,66.379374,553.600332
-33.741624,78.997765,558.650820
-44.007381,95.336344,562.888105
-51.090275,117.154936,565.231031
-53.062643,143.542699,564.971203
-49.164509,168.830219,561.987077
-40.779097,-171.313474,556.797382
-29.785293,-156.442324,550.437787
-17.432703,-144.652443,544.190453
-4.444443,-134.381018,539.239185
8.699172,-124.457322,536.352462
21.567854,-113.810437,535.696423
33.618489,-101.156700,536.840446
43.969671,-84.744016,538.950122
51.104168,-62.776973,541.096064
53.052994,-36.199763,542.571331
49.063558,-10.815468,543.115217
40.576765,9.031784,542.976957
29.508482,23.861524,542.803138
13.907078,43.264446,543.729485
0.850460,53.320906,546.085902
-12.220935,63.299814,549.970982
-24.872006,74.288449,554.874696
-36.512661,87.655775,559.832218
-46.150733,105.233533,563.687606
-52.129875,128.479570,565.425897
-52.614047,155.227683,564.470915
-47.408509,179.346673,560.863154
-38.214369,-162.202055,555.268747
-26.789783,-148.275945,548.814789
-14.224085,-136.992603,542.791970
-1.156644,-126.908641,538.306484
11.960037,-116.907485,535.986845
24.683645,-105.894420,535.841496
36.411877,-92.485233,537.314612
46.130836,-74.817630,539.516819
52.146013,-51.404114,541.546688
52.585898,-24.477923,542.793334
47.281063,-0.294409,543.124584
37.990203,18.133718,542.906046
26.500078,32.017475,542.848139
10.667168,50.843334,544.168680
-2.432065,60.782374,546.924324
-15.442005,70.905974,551.132925
-27.906400,82.343486,556.153402
-39.162119,96.576639,560.944020
-48.067790,115.502960,564.352566
-52.816727,140.052659,565.449310
-51.798475,166.724426,563.801657
-45.404453,-170.513674,559.612726
-35.514014,-153.374669,553.685557
-23.725092,-140.271975,547.219673
-10.984955,-129.406088,541.492004
2.134187,-119.441332,537.512312
15.197059,-109.295830,535.759995
27.739154,-97.831431,536.089413
39.083357,-83.547982,537.834391
48.062949,-64.513654,540.071249
52.829699,-39.781510,541.945909
51.748210,-12.952650,542.955579
45.250884,9.844323,543.097822
35.270059,26.950686,542.844818
23.424910,40.011485,542.953076
7.406548,58.367689,544.706782
-5.709123,68.255125,547.856389
-18.629919,78.592477,552.347659
-30.867542,90.570490,557.418310
-41.668560,105.793045,561.968317
-49.725540,126.148801,564.870519
-53.130873,151.778243,565.297978
-50.638806,177.945340,562.970528
-43.184702,-160.741033,558.251644
-32.698444,-144.798642,552.068300
-20.602700,-132.405172,545.672055
-7.722756,-121.874645,540.303991
5.421633,-111.962996,536.860538
18.402498,-101.603565,535.665903
30.722138,-89.595104,536.427102
41.611012,-74.311590,538.384541
49.732218,-53.827871,540.601236
53.135154,-28.007887,542.288508
50.563909,-1.711948,543.061181
43.006015,19.611981,543.044898
32.436905,35.515938,542.806213
20.294477,47.868886,543.128817
4.132123,65.854713,545.345903
-8.974296,75.755369,548.875029
-21.776348,86.379374,553.600332
-33.741624,98.997765,558.650820
-44.007381,115.336344,562.888105
-51.090275,137.154936,565.231031
-53.062643,163.542699,564.971203
-49.164509,-171.169781,561.987077
-40.779097,-151.313474,556.797382
-29.785293,-136.442324,550.437787
-17.432703,-124.652443,544.190453
-4.444443,-114.381018,539.239185
8.699172,-104.457322,536.352462
21.567854,-93.810437,535.696423
33.618489,-81.156700,536.840446
43.969671,-64.744016,538.950122
51.104168,-42.776973,541.096064
53.052994,-16.199763,542.571331
49.063558,9.184532,543.115217
40.576765,29.031784,542.976957
29.508482,43.861524,542.803138
17.118876,55.612811,543.384944
0.850460,73.320906,546.085902
-12.220935,83.299814,549.970982
-24.872006,94.288449,554.874696
-36.512661,107.655775,559.832218
-46.150733,125.233533,563.687606
-52.129875,148.479570,565.425897
-52.614047,175.227683,564.470915
-47.408509,-160.653327,560.863154
-38.214369,-142.202055,555.268747
-26.789783,-128.275945,548.814789
-14.224085,-116.992603,542.791970
-1.156644,-106.908641,538.306484
11.960037,-96.907485,535.986845
24.683645,-85.894420,535.841496
36.411877,-72.485233,537.314612
46.130836,-54.817630,539.516819
52.146013,-31.404114,541.546688
52.585898,-4.477923,542.793334
47.281063,19.705591,543.124584
37.990203,38.133718,542.906046
26.500078,52.017475,542.848139
13.907078,63.264446,543.729485
-2.432065,80.782374,546.924324
-15.442005,90.905974,551.132925
-27.906400,102.343486,556.153402
-39.162119,116.576639,560.944020
-48.067790,135.502960,564.352566
-52.816727,160.052659,565.449310
-51.798475,-173.275574,563.801657
-45.404453,-150.513674,559.612726
-35.514014,-133.374669,553.685557
-23.725092,-120.271975,547.219673
-10.984955,-109.406088,541.492004
2.134187,-99.441332,537.512312
15.197059,-89.295830,535.759995
27.739154,-77.831431,536.089413
39.083357,-63.547982,537.834391
48.062949,-44.513654,540.071249
52.829699,-19.781510,541.945909
51.748210,7.047350,542.955579
45.250884,29.844323,543.097822
35.270059,46.950686,542.844818
23.424910,60.011485,542.953076
10.667168,70.843334,544.168680
-5.709123,88.255125,547.856389
-18.629919,98.592477,552.347659
-30.867542,110.570490,557.418310
-41.668560,125.793045,561.968317
-49.725540,146.148801,564.870519
-53.130873,171.778243,565.297978
-50.638806,-162.054660,562.970528
-43.184702,-140.741033,558.251644
-32.698444,-124.798642,552.068300
-20.602700,-112.405172,545.672055
-7.722756,-101.874645,540.303991
5.421633,-91.962996,536.860538
18.402498,-81.603565,535.665903
30.722138,-69.595104,536.427102
41.611012,-54.311590,538.384541
49.732218,-33.827871,540.601236
53.135154,-8.007887,542.288508
50.563909,18.288052,543.061181
43.006015,39.611981,543.044898
32.436905,55.515938,542.806213
20.294477,67.868886,543.128817
7.406548,78.367689,544.706782
-8.974296,95.755369,548.875029
-21.776348,106.379374,553.600332
-33.741624,118.997765,558.650820
-44.007381,135.336344,562.888105
-51.090275,157.154936,565.231031
-53.062643,-176.457301,564.971203
-49.164509,-151.169781,561.987077
-40.779097,-131.313474,556.797382
-29.785293,-116.442324,550.437787
-17.432703,-104.652443,544.190453
-4.444443,-94.381018,539.239185
8.699172,-84.457322,536.352462
21.567854,-73.810437,535.696423
33.618489,-61.156700,536.840446
43.969671,-44.744016,538.950122
51.104168,-22.776973,541.096064
53.052994,3.800237,542.571331
49.063558,29.184532,543.115217
40.576765,49.031784,542.976957
29.508482,63.861524,542.803138
17.118876,75.612811,543.384944
4.132123,85.854713,545.345903
-12.220935,103.299814,549.970982
-24.872006,114.288449,554.874696
-36.512661,127.655775,559.832218
-46.150733,145.233533,563.687606
-52.129875,168.479570,565.425897
-52.614047,-164.772317,564.470915
-47.408509,-140.653327,560.863154
-38.214369,-122.202055,555.268747
-26.789783,-108.275945,548.814789
-14.224085,-96.992603,542.791970
-1.156644,-86.908641,538.306484
11.960037,-76.907485,535.986845
24.683645,-65.894420,535.841496
36.411877,-52.485233,537.314612
46.130836,-34.817630,539.516819
52.146013,-11.404114,541.546688
52.585898,15.522077,542.793334
47.281063,39.705591,543.124584
37.990203,58.133718,542.906046
26.500078,72.017475,542.848139
13.907078,83.264446,543.729485
0.850460,93.320906,546.085902
-15.442005,110.905974,551.132925
-27.906400,122.343486,556.153402
-39.162119,136.576639,560.944020
-48.067790,155.502960,564.352566
-52.816727,-179.947341,565.449310
-51.798475,-153.275574,563.801657
-45.404453,-130.513674,559.612726
-35.514014,-113.374669,553.685557
-23.725092,-100.271975,547.219673
-10.984955,-89.406088,541.492004
2.134187,-79.441332,537.512312
15.197059,-69.295830,535.759995
27.739154,-57.831431,536.089413
39.083357,-43.547982,537.834391
48.062949,-24.513654,540.071249
52.829699,0.218490,541.945909
51.748210,27.047350,542.955579
45.250884,49.844323,543.097822
35.270059,66.950686,542.844818
23.424910,80.011485,542.953076
10.667168,90.843334,544.168680
-2.432065,100.782374,546.924324
-18.629919,118.592477,552.347659
-30.867542,130.570490,557.418310
-41.668560,145.793045,561.968317
-49.725540,166.148801,564.870519
-53.130873,-168.221757,565.297978
-50.638806,-142.054660,562.970528
-43.184702,-120.741033,558.251644
-32.698444,-104.798642,552.068300
-20.602700,-92.405172,545.672055
-7.722756,-81.874645,540.303991
5.421633,-71.962996,536.860538
18.402498,-61.603565,535.665903
30.722138,-49.595104,536.427102
41.611012,-34.311590,538.384541
49.732218,-13.827871,540.601236
53.135154,11.992113,542.288508
50.563909,38.288052,543.061181
43.006015,59.611981,543.044898
32.436905,75.515938,542.806213
20.294477,87.868886,543.128817
7.406548,98.367689,544.706782
-5.709123,108.255125,547.856389
-21.776348,126.379374,553.600332
-33.741624,138.997765,558.650820
-44.007381,155.336344,562.888105
-51.090275,177.154936,565.231031
-53.062643,-156.457301,564.971203
-49.164509,-131.169781,561.987077
-40.779097,-111.313474,556.797382
-29.785293,-96.442324,550.437787
-17.432703,-84.652443,544.190453
-4.444443,-74.381018,539.239185
8.699172,-64.457322,536.352462
21.567854,-53.810437,535.696423
33.618489,-41.156700,536.840446
43.969671,-24.744016,538.950122
51.104168,-2.776973,541.096064
53.052994,23.800237,542.571331
49.063558,49.184532,543.115217
40.576765,69.031784,542.976957
29.508482,83.861524,542.803138
17.118876,95.612811,543.384944
4.132123,105.854713,545.345903
-8.974296,115.755369,548.875029
-24.872006,134.288449,554.874696
-36.512661,147.655775,559.832218
-46.150733,165.233533,563.687606
-52.129875,-171.520430,565.425897
-52.614047,-144.772317,564.470915
-47.408509,-120.653327,560.863154
-38.214369,-102.202055,555.268747
-26.789783,-88.275945,548.814789
-14.224085,-76.992603,542.791970
-1.156644,-66.908641,538.306484
11.960037,-56.907485,535.986845
24.683645,-45.894420,535.841496
36.411877,-32.485233,537.314612
46.130836,-14.817630,539.516819
52.146013,8.595886,541.546688
52.585898,35.522077,542.793334
47.281063,59.705591,543.124584
37.990203,78.133718,542.906046
26.500078,92.017475,542.848139
13.907078,103.264446,543.729485
0.850460,113.320906,546.085902
-12.220935,123.299814,549.970982
-27.906400,142.343486,556.153402
-39.162119,156.576639,560.944020
-48.067790,175.502960,564.352566
-52.816727,-159.947341,565.449310
-51.798475,-133.275574,563.801657
-45.404453,-110.513674,559.612726
-35.514014,-93.374669,553.685557
-23.725092,-80.271975,547.219673
-10.984955,-69.406088,541.492004
2.134187,-59.441332,537.512312
15.197059,-49.295830,535.759995
27.739154,-37.831431,536.089413
39.083357,-23.547982,537.834391
48.062949,-4.513654,540.071249
52.829699,20.218490,541.945909
51.748210,47.047350,542.955579
45.250884,69.844323,543.097822
35.270059,86.950686,542.844818
23.424910,100.011485,542.953076
10.667168,110.843334,544.168680
-2.432065,120.782374,546.924324
-15.442005,130.905974,551.132925
-30.867542,150.570490,557.418310
-41.668560,165.793045,561.968317
-49.725540,-173.851199,564.870519
-53.130873,-148.221757,565.297978
-50.638806,-122.054660,562.970528
-43.184702,-100.741033,558.251644
-32.698444,-84.798642,552.068300
-20.602700,-72.405172,545.672055
-7.722756,-61.874645,540.303991
5.421633,-51.962996,536.860538
18.402498,-41.603565,535.665903
30.722138,-29.595104,536.427102
41.611012,-14.311590,538.384541
49.732218,6.172129,540.601236
53.135154,31.992113,542.288508
50.563909,58.288052,543.061181
43.006015,79.611981,543.044898
32.436905,95.515938,542.806213
20.294477,107.868886,543.128817
7.406548,118.367689,544.706782
-5.709123,128.255125,547.856389
-18.629919,138.592477,552.347659
-33.741624,158.997765,558.650820
-44.007381,175.336344,562.888105
-51.090275,-162.845064,565.231031
-53.062643,-136.457301,564.971203
-49.164509,-111.169781,561.987077
-40.779097,-91.313474,556.797382
-29.785293,-76.442324,550.437787
-17.432703,-64.652443,544.190453
-4.444443,-54.381018,539.239185
8.699172,-44.457322,536.352462
21.567854,-33.810437,535.696423
33.618489,-21.156700,536.840446
43.969671,-4.744016,538.950122
51.104168,17.223027,541.096064
53.052994,43.800237,542.571331
49.063558,69.184532,543.115217
40.576765,89.031784,542.976957
29.508482,103.861524,542.803138
17.118876,115.612811,543.384944
4.132123,125.854713,545.345903
-8.974296,135.755369,548.875029
-21.776348,146.379374,553.600332
-36.512661,167.655775,559.832218
-46.150733,-174.766467,563.687606
-52.129875,-151.520430,565.425897
-52.614047,-124.772317,564.470915
-47.408509,-100.653327,560.863154
-38.214369,-82.202055,555.268747
-26.789783,-68.275945,548.814789
-14.224085,-56.992603,542.791970
-1.156644,-46.908641,538.306484
11.960037,-36.907485,535.986845
24.683645,-25.894420,535.841496
36.411877,-12.485233,537.314612
46.130836,5.182370,539.516819
52.146013,28.595886,541.546688
52.585898,55.522077,542.793334
47.281063,79.705591,543.124584
37.990203,98.133718,542.906046
26.500078,112.017475,542.848139
13.907078,123.264446,543.729485
0.850460,133.320906,546.085902
-12.220935,143.299814,549.970982
-24.872006,154.288449,554.874696
-39.162119,176.576639,560.944020
-48.067790,-164.497040,564.352566
-52.816727,-139.947341,565.449310
-51.798475,-113.275574,563.801657
-45.404453,-90.513674,559.612726
-35.514014,-73.374669,553.685557
-23.725092,-60.271975,547.219673
-10.984955,-49.406088,541.492004
2.134187,-39.441332,537.512312
15.197059,-29.295830,535.759995
27.739154,-17.831431,536.089413
39.083357,-3.547982,537.834391
48.062949,15.486346,540.071249
52.829699,40.218490,541.945909
51.748210,67.047350,542.955579
45.250884,89.844323,543.097822
35.270059,106.950686,542.844818
23.424910,120.011485,542.953076
10.667168,130.843334,544.168680
-2.432065,140.782374,546.924324
-15.442005,150.905974,551.132925
-27.906400,162.343486,556.153402
-41.668560,-174.206955,561.968317
-49.725540,-153.851199,564.870519
-53.130873,-128.221757,565.297978
-50.638806,-102.054660,562.970528
-43.184702,-80.741033,558.251644
-32.698444,-64.798642,552.068300
-20.602700,-52.405172,545.672055
-7.722756,-41.874645,540.303991
5.421633,-31.962996,536.860538
18.402498,-21.603565,535.665903
30.722138,-9.595104,536.427102
41.611012,5.688410,538.384541
49.732218,26.172129,540.601236
53.135154,51.992113,542.288508
50.563909,78.288052,543.061181
43.006015,99.611981,543.044898
32.436905,115.515938,542.806213
20.294477,127.868886,543.128817
7.406548,138.367689,544.706782
-5.709123,148.255125,547.856389
-18.629919,158.592477,552.347659
-30.867542,170.570490,557.418310
-44.007381,-164.663656,562.888105
-51.090275,-142.845064,565.231031
-53.062643,-116.457301,564.971203
-49.164509,-91.169781,561.987077
-40.779097,-71.313474,556.797382
-29.785293,-56.442324,550.437787
-17.432703,-44.652443,544.190453
-4.444443,-34.381018,539.239185
8.699172,-24.457322,536.352462
21.567854,-13.810437,535.696423
33.618489,-1.156700,536.840446
43.969671,15.255984,538.950122
51.104168,37.223027,541.096064
53.052994,63.800237,542.571331
49.063558,89.184532,543.115217
40.576765,109.031784,542.976957
29.508482,123.861524,542.803138
17.118876,135.612811,543.384944
4.132123,145.854713,545.345903
-8.974296,155.755369,548.875029
-21.776348,166.379374,553.600332
-33.741624,178.997765,558.650820
-46.150733,-154.766467,563.687606
-52.129875,-131.520430,565.425897
-52.614047,-104.772317,564.470915
-47.408509,-80.653327,560.863154
-38.214369,-62.202055,555.268747
-26.789783,-48.275945,548.814789
-14.224085,-36.992603,542.791970
-1.156644,-26.908641,538.306484
11.960037,-16.907485,535.986845
24.683645,-5.894420,535.841496
36.411877,7.514767,537.314612
46.130836,25.182370,539.516819
52.146013,48.595886,541.546688
52.585898,75.522077,542.793334
47.281063,99.705591,543.124584
37.990203,118.133718,542.906046
26.500078,132.017475,542.848139
13.907078,143.264446,543.729485
0.850460,153.320906,546.085902
-12.220935,163.299814,549.970982
-24.872006,174.288449,554.874696
-36.512661,-172.344225,559.832218
-48.067790,-144.497040,564.352566
-52.816727,-119.947341,565.449310
-51.798475,-93.275574,563.801657
-45.404453,-70.513674,559.612726
-35.514014,-53.374669,553.685557
-23.725092,-40.271975,547.219673
-10.984955,-29.406088,541.492004
2.134187,-19.441332,537.512312
15.197059,-9.295830,535.759995
27.739154,2.168569,536.089413
39.083357,16.452018,537.834391
48.062949,35.486346,540.071249
52.829699,60.218490,541.945909
51.748210,87.047350,542.955579
45.250884,109.844323,543.097822
35.270059,126.950686,542.844818
23.424910,140.011485,542.953076
10.667168,150.843334,544.168680
-2.432065,160.782374,546.924324
-15.442005,170.905974,551.132925
-27.906400,-177.656514,556.153402
-39.162119,-163.423361,560.944020
-49.725540,-133.851199,564.870519
-53.130873,-108.221757,565.297978
-50.638806,-82.054660,562.970528
-43.184702,-60.741033,558.251644
-32.698444,-44.798642,552.068300
-20.602700,-32.405172,545.672055
-7.722756,-21.874645,540.303991
5.421633,-11.962996,536.860538
18.402498,-1.603565,535.665903
30.722138,10.404896,536.427102
41.611012,25.688410,538.384541
49.732218,46.172129,540.601236
53.135154,71.992113,542.288508
50.563909,98.288052,543.061181
43.006015,119.611981,543.044898
32.436905,135.515938,542.806213
20.294477,147.868886,543.128817
7.406548,158.367689,544.706782
-5.709123,168.255125,547.856389
-18.629919,178.592477,552.347659
-30.867542,-169.429510,557.418310
-41.668560,-154.206955,561.968317
-51.090275,-122.845064,565.231031
-53.062643,-96.457301,564.971203
-49.164509,-71.169781,561.987077
-40.779097,-51.313474,556.797382
-29.785293,-36.442324,550.437787
-17.432703,-24.652443,544.190453
-4.444443,-14.381018,539.239185
8.699172,-4.457322,536.352462
21.567854,6.189563,535.696423
33.618489,18.843300,536.840446
43.969671,35.255984,538.950122
51.104168,57.223027,541.096064
53.052994,83.800237,542.571331
49.063558,109.184532,543.115217
40.576765,129.031784,542.976957
29.508482,143.861524,542.803138
17.118876,155.612811,543.384944
4.132123,165.854713,545.345903
-8.974296,175.755369,548.875029
-21.776348,-173.620626,553.600332
-33.741624,-161.002235,558.650820
-44.007381,-144.663656,562.888105
-52.129875,-111.520430,565.425897
-52.614047,-84.772317,564.470915
-47.408509,-60.653327,560.863154
-38.214369,-42.202055,555.268747
-26.789783,-28.275945,548.814789
-14.224085,-16.992603,542.791970
-1.156644,-6.908641,538.306484
11.960037,3.092515,535.986845
24.683645,14.105580,535.841496
36.411877,27.514767,537.314612
46.130836,45.182370,539.516819
52.146013,68.595886,541.546688
52.585898,95.522077,542.793334
47.281063,119.705591,543.124584
37.990203,138.133718,542.906046
26.500078,152.017475,542.848139
13.907078,163.264446,543.729485
0.850460,173.320906,546.085902
-12.220935,-176.700186,549.970982
-24.872006,-165.711551,554.874696
-36.512661,-152.344225,559.832218
-46.150733,-134.766467,563.687606
-52.816727,-99.947341,565.449310
-51.798475,-73.275574,563.801657
-45.404453,-50.513674,559.612726
-35.514014,-33.374669,553.685557
-23.725092,-20.271975,547.219673
-10.984955,-9.406088,541.492004
2.134187,0.558668,537.512312
15.197059,10.704170,535.759995
27.739154,22.168569,536.089413
39.083357,36.452018,537.834391
48.062949,55.486346,540.071249
52.829699,80.218490,541.945909
51.748210,107.047350,542.955579
45.250884,129.844323,543.097822
35.270059,146.950686,542.844818
23.424910,160.011485,542.953076
10.667168,170.843334,544.168680
-2.432065,-179.217626,546.924324
-15.442005,-169.094026,551.132925
-27.906400,-157.656514,556.153402
-39.162119,-143.423361,560.944020
-48.067790,-124.497040,564.352566
-53.130873,-88.221757,565.297978
-50.638806,-62.054660,562.970528
-43.184702,-40.741033,558.251644
-32.698444,-24.798642,552.068300
-20.602700,-12.405172,545.672055
-7.722756,-1.874645,540.303991
5.421633,8.037004,536.860538
18.402498,18.396435,535.665903
30.722138,30.404896,536.427102
41.611012,45.688410,538.384541
49.732218,66.172129,540.601236
53.135154,91.992113,542.288508
50.563909,118.288052,543.061181
43.006015,139.611981,543.044898
32.436905,155.515938,542.806213
20.294477,167.868886,543.128817
7.406548,178.367689,544.706782
-5.709123,-171.744875,547.856389
-18.629919,-161.407523,552.347659
-30.867542,-149.429510,557.418310
-41.668560,-134.206955,561.968317
-49.725540,-113.851199,564.870519
-53.062643,-76.457301,564.971203
-49.164509,-51.169781,561.987077
-40.779097,-31.313474,556.797382
-29.785293,-16.442324,550.437787
-17.432703,-4.652443,544.190453
-4.444443,5.618982,539.239185
8.699172,15.542678,536.352462
21.567854,26.189563,535.696423
33.618489,38.843300,536.840446
43.969671,55.255984,538.950122
51.104168,77.223027,541.096064
53.052994,103.800237,542.571331
49.063558,129.184532,543.115217
40.576765,149.031784,542.976957
29.508482,163.861524,542.803138
17.118876,175.612811,543.384944
4.132123,-174.145287,545.345903
-8.974296,-164.244631,548.875029
-21.776348,-153.620626,553.600332
-33.741624,-141.002235,558.650820
-44.007381,-124.663656,562.888105
-51.090275,-102.845064,565.231031
-52.614047,-64.772317,564.470915
-47.408509,-40.653327,560.863154
-38.214369,-22.202055,555.268747
-26.789783,-8.275945,548.814789
-14.224085,3.007397,542.791970
-1.156644,13.091359,538.306484
11.960037,23.092515,535.986845
24.683645,34.105580,535.841496
36.411877,47.514767,537.314612
46.130836,65.182370,539.516819
52.146013,88.595886,541.546688
52.585898,115.522077,542.793334
47.281063,139.705591,543.124584
37.990203,158.133718,542.906046
26.500078,172.017475,542.848139
13.907078,-176.735554,543.729485
0.850460,-166.679094,546.085902
-12.220935,-156.700186,549.970982
-24.872006,-145.711551,554.874696
-36.512661,-132.344225,559.832218
-46.150733,-114.766467,563.687606
-52.129875,-91.520430,565.425897
-51.798475,-53.275574,563.801657
-45.404453,-30.513674,559.612726
-35.514014,-13.374669,553.685557
-23.725092,-0.271975,547.219673
-10.984955,10.593912,541.492004
2.134187,20.558668,537.512312
15.197059,30.704170,535.759995
27.739154,42.168569,536.089413
39.083357,56.452018,537.834391
48.062949,75.486346,540.071249
52.829699,100.218490,541.945909
51.748210,127.047350,542.955579
45.250884,149.844323,543.097822
35.270059,166.950686,542.844818
23.424910,-179.988515,542.953076
10.667168,-169.156666,544.168680
-2.432065,-159.217626,546.924324
-15.442005,-149.094026,551.132925
-27.906400,-137.656514,556.153402
-39.162119,-123.423361,560.944020
-48.067790,-104.497040,564.352566
-52.816727,-79.947341,565.449310
-50.638806,-42.054660,562.970528
-43.184702,-20.741033,558.251644
-32.698444,-4.798642,552.068300
-20.602700,7.594828,545.672055
-7.722756,18.125355,540.303991
5.421633,28.037004,536.860538
18.402498,38.396435,535.665903
30.722138,50.404896,536.427102
41.611012,65.688410,538.384541
49.732218,86.172129,540.601236
53.135154,111.992113,542.288508
50.563909,138.288052,543.061181
43.006015,159.611981,543.044898
32.436905,175.515938,542.806213
20.294477,-172.131114,543.128817
7.406548,-161.632311,544.706782
-5.709123,-151.744875,547.856389
-18.629919,-141.407523,552.347659
-30.867542,-129.429510,557.418310
-41.668560,-114.206955,561.968317
-49.725540,-93.851199,564.870519
-53.130873,-68.221757,565.297978
-49.164509,-31.169781,561.987077
-40.779097,-11.313474,556.797382
-29.785293,3.557676,550.437787
-17.432703,15.347557,544.190453
-4.444443,25.618982,539.239185
8.699172,35.542678,536.352462
21.567854,46.189563,535.696423
33.618489,58.843300,536.840446
43.969671,75.255984,538.950122
51.104168,97.223027,541.096064
53.052994,123.800237,542.571331
49.063558,149.184532,543.115217
40.576765,169.031784,542.976957
29.508482,-176.138476,542.803138
17.118876,-164.387189,543.384944
4.132123,-154.145287,545.345903
-8.974296,-144.244631,548.875029
-21.776348,-133.620626,553.600332
-33.741624,-121.002235,558.650820
-44.007381,-104.663656,562.888105
-51.090275,-82.845064,565.231031
-53.062643,-56.457301,564.971203
-47.408509,-20.653327,560.863154
-38.214369,-2.202055,555.268747
-26.789783,11.724055,548.814789
-14.224085,23.007397,542.791970
-1.156644,33.091359,538.306484
11.960037,43.092515,535.986845
24.683645,54.105580,535.841496
36.411877,67.514767,537.314612
46.130836,85.182370,539.516819
52.146013,108.595886,541.546688
52.585898,135.522077,542.793334
47.281063,159.705591,543.124584
37.990203,178.133718,542.906046
26.500078,-167.982525,542.848139
13.907078,-156.735554,543.729485
0.850460,-146.679094,546.085902
-12.220935,-136.700186,549.970982
-24.872006,-125.711551,554.874696
-36.512661,-112.344225,559.832218
-46.150733,-94.766467,563.687606
-52.129875,-71.520430,565.425897
-52.614047,-44.772317,564.470915
-45.404453,-10.513674,559.612726
-35.514014,6.625331,553.685557
-23.725092,19.728025,547.219673
-10.984955,30.593912,541.492004
2.134187,40.558668,537.512312
15.197059,50.704170,535.759995
27.739154,62.168569,536.089413
39.083357,76.452018,537.834391
48.062949,95.486346,540.071249
52.829699,120.218490,541.945909
51.748210,147.047350,542.955579
45.250884,169.844323,543.097822
35.270059,-173.049314,542.844818
23.424910,-159.988515,542.953076
10.667168,-149.156666,544.168680
-2.432065,-139.217626,546.924324
-15.442005,-129.094026,551.132925
-27.906400,-117.656514,556.153402
-39.162119,-103.423361,560.944020
-48.067790,-84.497040,564.352566
-52.816727,-59.947341,565.449310
-51.798475,-33.275574,563.801657
-43.184702,-0.741033,558.251644
-32.698444,15.201358,552.068300
-20.602700,27.594828,545.672055
-7.722756,38.125355,540.303991
5.421633,48.037004,536.860538
18.402498,58.396435,535.665903
30.722138,70.404896,536.427102
41.611012,85.688410,538.384541
49.732218,106.172129,540.601236
53.135154,131.992113,542.288508
50.563909,158.288052,543.061181
43.006015,179.611981,543.044898
32.436905,-164.484062,542.806213
20.294477,-152.131114,543.128817
7.406548,-141.632311,544.706782
-5.709123,-131.744875,547.856389
-18.629919,-121.407523,552.347659
-30.867542,-109.429510,557.418310
-41.668560,-94.206955,561.968317
-49.725540,-73.851199,564.870519
-53.130873,-48.221757,565.297978
-50.638806,-22.054660,562.970528
-40.779097,8.686526,556.797382
-29.785293,23.557676,550.437787
-17.432703,35.347557,544.190453
-4.444443,45.618982,539.239185
8.699172,55.542678,536.352462
21.567854,66.189563,535.696423
33.618489,78.843300,536.840446
43.969671,95.255984,538.950122
51.104168,117.223027,541.096064
53.052994,143.800237,542.571331
49.063558,169.184532,543.115217
40.576765,-170.968216,542.976957
29.508482,-156.138476,542.803138
17.118876,-144.387189,543.384944
4.132123,-134.145287,545.345903
-8.974296,-124.244631,548.875029
-21.776348,-113.620626,553.600332
-33.741624,-101.002235,558.650820
-44.007381,-84.663656,562.888105
-51.090275,-62.845064,565.231031
-53.062643,-36.457301,564.971203
-49.164509,-11.169781,561.987077
-38.214369,17.797945,555.268747
-26.789783,31.724055,548.814789
-14.224085,43.007397,542.791970
-1.156644,53.091359,538.306484
11.960037,63.092515,535.986845
24.683645,74.105580,535.841496
36.411877,87.514767,537.314612
46.130836,105.182370,539.516819
52.146013,128.595886,541.546688
52.585898,155.522077,542.793334
47.281063,179.705591,543.124584
37.990203,-161.866282,542.906046
26.500078,-147.982525,542.848139
13.907078,-136.735554,543.729485
0.850460,-126.679094,546.085902
-12.220935,-116.700186,549.970982
-24.872006,-105.711551,554.874696
-36.512661,-92.344225,559.832218
-46.150733,-74.766467,563.687606
-52.129875,-51.520430,565.425897
-52.614047,-24.772317,564.470915
-47.408509,-0.653327,560.863154
-35.514014,26.625331,553.685557
-23.725092,39.728025,547.219673
-10.984955,50.593912,541.492004
2.134187,60.558668,537.512312
15.197059,70.704170,535.759995
27.739154,82.168569,536.089413
39.083357,96.452018,537.834391
48.062949,115.486346,540.071249
52.829699,140.218490,541.945909
51.748210,167.047350,542.955579
45.250884,-170.155677,543.097822
35.270059,-153.049314,542.844818
23.424910,-139.988515,542.953076
10.667168,-129.156666,544.168680
-2.432065,-119.217626,546.924324
-15.442005,-109.094026,551.132925
-27.906400,-97.656514,556.153402
-39.162119,-83.423361,560.944020
-48.067790,-64.497040,564.352566
-52.816727,-39.947341,565.449310
-51.798475,-13.275574,563.801657
-45.404453,9.486326,559.612726
-32.698444,35.201358,552.068300
-20.602700,47.594828,545.672055
-7.722756,58.125355,540.303991
5.421633,68.037004,536.860538
18.402498,78.396435,535.665903
30.722138,90.404896,536.427102
41.611012,105.688410,538.384541
49.732218,126.172129,540.601236
53.135154,151.992113,542.288508
50.563909,178.288052,543.061181
43.006015,-160.388019,543.044898
32.436905,-144.484062,542.806213
20.294477,-132.131114,543.128817
7.406548,-121.632311,544.706782
-5.709123,-111.744875,547.856389
-18.629919,-101.407523,552.347659
-30.867542,-89.429510,557.418310
-41.668560,-74.206955,561.968317
-49.725540,-53.851199,564.870519
-53.130873,-28.221757,565.297978
-50.638806,-2.054660,562.970528
-43.184702,19.258967,558.251644
-29.785293,43.557676,550.437787
-17.432703,55.347557,544.190453
-4.444443,65.618982,539.239185
8.699172,75.542678,536.352462
21.567854,86.189563,535.696423
33.618489,98.843300,536.840446
43.969671,115.255984,538.950122
51.104168,137.223027,541.096064
53.052994,163.800237,542.571331
49.063558,-170.815468,543.115217
40.576765,-150.968216,542.976957
29.508482,-136.138476,542.803138
17.118876,-124.387189,543.384944
4.132123,-114.145287,545.345903
-8.974296,-104.244631,548.875029
-21.776348,-93.620626,553.600332
-33.741624,-81.002235,558.650820
-44.007381,-64.663656,562.888105
-51.090275,-42.845064,565.231031
-53.062643,-16.457301,564.971203
-49.164509,8.830219,561.987077
-40.779097,28.686526,556.797382
-26.789783,51.724055,548.814789
-14.224085,63.007397,542.791970
-1.156644,73.091359,538.306484
11.960037,83.092515,535.986845
24.683645,94.105580,535.841496
36.411877,107.514767,537.314612
46.130836,125.182370,539.516819
52.146013,148.595886,541.546688
52.585898,175.522077,542.793334
47.281063,-160.294409,543.124584
37.990203,-141.866282,542.906046
26.500078,-127.982525,542.848139
13.907078,-116.735554,543.729485
0.850460,-106.679094,546.085902
-12.220935,-96.700186,549.970982
-24.872006,-85.711551,554.874696
-36.512661,-72.344225,559.832218
-46.150733,-54.766467,563.687606
-52.129875,-31.520430,565.425897
-52.614047,-4.772317,564.470915
-47.408509,19.346673,560.863154
-38.214369,37.797945,555.268747
-23.725092,59.728025,547.219673
-10.984955,70.593912,541.492004
2.134187,80.558668,537.512312
15.197059,90.704170,535.759995
27.739154,102.168569,536.089413
39.083357,116.452018,537.834391
48.062949,135.486346,540.071249
52.829699,160.218490,541.945909
51.748210,-172.952650,542.955579
45.250884,-150.155677,543.097822
35.270059,-133.049314,542.844818
23.424910,-119.988515,542.953076
10.667168,-109.156666,544.168680
-2.432065,-99.217626,546.924324
-15.442005,-89.094026,551.132925
-27.906400,-77.656514,556.153402
-39.162119,-63.423361,560.944020
-48.067790,-44.497040,564.352566
-52.816727,-19.947341,565.449310
-51.798475,6.724426,563.801657
-45.404453,29.486326,559.612726
-35.514014,46.625331,553.685557
-20.602700,67.594828,545.672055
-7.722756,78.125355,540.303991
5.421633,88.037004,536.860538
18.402498,98.396435,535.665903
30.722138,110.404896,536.427102
41.611012,125.688410,538.384541
49.732218,146.172129,540.601236
53.135154,171.992113,542.288508
50.563909,-161.711948,543.061181
43.006015,-140.388019,543.044898
32.436905,-124.484062,542.806213
20.294477,-112.131114,543.128817
7.406548,-101.632311,544.706782
-5.709123,-91.744875,547.856389
-18.629919,-81.407523,552.347659
-30.867542,-69.429510,557.418310
-41.668560,-54.206955,561.968317
-49.725540,-33.851199,564.870519
-53.130873,-8.221757,565.297978
-50.638806,17.945340,562.970528
-43.184702,39.258967,558.251644
-32.698444,55.201358,552.068300
-17.432703,75.347557,544.190453
-4.444443,85.618982,539.239185
8.699172,95.542678,536.352462
21.567854,106.189563,535.696423
33.618489,118.843300,536.840446
43.969671,135.255984,538.950122
51.104168,157.223027,541.096064
53.052994,-176.199763,542.571331
49.063558,-150.815468,543.115217
40.576765,-130.968216,542.976957
29.508482,-116.138476,542.803138
17.118876,-104.387189,543.384944
4.132123,-94.145287,545.345903
-8.974296,-84.244631,548.875029
-21.776348,-73.620626,553.600332
-33.741624,-61.002235,558.650820
-44.007381,-44.663656,562.888105
-51.090275,-22.845064,565.231031
-53.062643,3.542699,564.971203
-49.164509,28.830219,561.987077
-40.779097,48.686526,556.797382
-29.785293,63.557676,550.437787
-14.224085,83.007397,542.791970
-1.156644,93.091359,538.306484
11.960037,103.092515,535.986845
24.683645,114.105580,535.841496
36.411877,127.514767,537.314612
46.130836,145.182370,539.516819
52.146013,168.595886,541.546688
52.585898,-164.477923,542.793334
47.281063,-140.294409,543.124584
37.990203,-121.866282,542.906046
26.500078,-107.982525,542.848139
13.907078,-96.735554,543.729485
0.850460,-86.679094,546.085902
-12.220935,-76.700186,549.970982
-24.872006,-65.711551,554.874696
-36.512661,-52.344225,559.832218
-46.150733,-34.766467,563.687606
-52.129875,-11.520430,565.425897
-52.614047,15.227683,564.470915
-47.408509,39.346673,560.863154
-38.214369,57.797945,555.268747
-26.789783,71.724055,548.814789
-10.984955,90.593912,541.492004
2.134187,100.558668,537.512312
15.197059,110.704170,535.759995
27.739154,122.168569,536.089413
39.083357,136.452018,537.834391
48.062949,155.486346,540.071249
52.829699,-179.781510,541.945909
51.748210,-152.952650,542.955579
45.250884,-130.155677,543.097822
35.270059,-113.049314,542.844818
23.424910,-99.988515,542.953076
10.667168,-89.156666,544.168680
-2.432065,-79.217626,546.924324
-15.442005,-69.094026,551.132925
-27.906400,-57.656514,556.153402
-39.162119,-43.423361,560.944020
-48.067790,-24.497040,564.352566
-52.816727,0.052659,565.449310
-51.798475,26.724426,563.801657
-45.404453,49.486326,559.612726
-35.514014,66.625331,553.685557
-23.725092,79.728025,547.219673
-7.722756,98.125355,540.303991
5.421633,108.037004,536.860538
18.402498,118.396435,535.665903
30.722138,130.404896,536.427102
41.611012,145.688410,538.384541
49.732218,166.172129,540.601236
53.135154,-168.007887,542.288508
50.563909,-141.711948,543.061181
43.006015,-120.388019,543.044898
32.436905,-104.484062,542.806213
20.294477,-92.131114,543.128817
7.406548,-81.632311,544.706782
-5.709123,-71.744875,547.856389
-18.629919,-61.407523,552.347659
-30.867542,-49.429510,557.418310
-41.668560,-34.206955,561.968317
-49.725540,-13.851199,564.870519
-53.130873,11.778243,565.297978
-50.638806,37.945340,562.970528
-43.184702,59.258967,558.251644
-32.698444,75.201358,552.068300
-20.602700,87.594828,545.672055
-4.444443,105.618982,539.239185
8.699172,115.542678,536.352462
21.567854,126.189563,535.696423
33.618489,138.843300,536.840446
43.969671,155.255984,538.950122
51.104168,177.223027,541.096064
53.052994,-156.199763,542.571331
49.063558,-130.815468,543.115217
40.576765,-110.968216,542.976957
29.508482,-96.138476,542.803138
17.118876,-84.387189,543.384944
4.132123,-74.145287,545.345903
-8.974296,-64.244631,548.875029
-21.776348,-53.620626,553.600332
-33.741624,-41.002235,558.650820
-44.007381,-24.663656,562.888105
-51.090275,-2.845064,565.231031
-53.062643,23.542699,564.971203
-49.164509,48.830219,561.987077
-40.779097,68.686526,556.797382
-29.785293,83.557676,550.437787
-17.432703,95.347557,544.190453
-1.156644,113.091359,538.306484
11.960037,123.092515,535.986845
24.683645,134.105580,535.841496
36.411877,147.514767,537.314612
46.130836,165.182370,539.516819
52.146013,-171.404114,541.546688
52.585898,-144.477923,542.793334
47.281063,-120.294409,543.124584
37.990203,-101.866282,542.906046
26.500078,-87.982525,542.848139
13.907078,-76.735554,543.729485
0.850460,-66.679094,546.085902
-12.220935,-56.700186,549.970982
-24.872006,-45.711551,554.874696
-36.512661,-32.344225,559.832218
-46.150733,-14.766467,563.687606
-52.129875,8.479570,565.425897
-52.614047,35.227683,564.470915
-47.408509,59.346673,560.863154
-38.214369,77.797945,555.268747
-26.789783,91.724055,548.814789
-14.224085,103.007397,542.791970
2.134187,120.558668,537.512312
15.197059,130.704170,535.759995
27.739154,142.168569,536.089413
39.083357,156.452018,537.834391
48.062949,175.486346,540.071249
52.829699,-159.781510,541.945909
51.748210,-132.952650,542.955579
45.250884,-110.155677,543.097822
35.270059,-93.049314,542.844818
23.424910,-79.988515,542.953076
10.667168,-69.156666,544.168680
-2.432065,-59.217626,546.924324
-15.442005,-49.094026,551.132925
-27.906400,-37.656514,556.153402
-39.162119,-23.423361,560.944020
-48.067790,-4.497040,564.352566
-52.816727,20.052659,565.449310
-51.798475,46.724426,563.801657
-45.404453,69.486326,559.612726
-35.514014,86.625331,553.685557
-23.725092,99.728025,547.219673
-10.984955,110.593912,541.492004
5.421633,128.037004,536.860538
18.402498,138.396435,535.665903
30.722138,150.404896,536.427102
41.611012,165.688410,538.384541
49.732218,-173.827871,540.601236
53.135154,-148.007887,542.288508
50.563909,-121.711948,543.061181
43.006015,-100.388019,543.044898
32.436905,-84.484062,542.806213
20.294477,-72.131114,543.128817
7.406548,-61.632311,544.706782
-5.709123,-51.744875,547.856389
-18.629919,-41.407523,552.347659
-30.867542,-29.429510,557.418310
-41.668560,-14.206955,561.968317
-49.725540,6.148801,564.870519
-53.130873,31.778243,565.297978
-50.638806,57.945340,562.970528
-43.184702,79.258967,558.251644
-32.698444,95.201358,552.068300
-20.602700,107.594828,545.672055
-7.722756,118.125355,540.303991
8.699172,135.542678,536.352462
21.567854,146.189563,535.696423
33.618489,158.843300,536.840446
43.969671,175.255984,538.950122
51.104168,-162.776973,541.096064
53.052994,-136.199763,542.571331
49.063558,-110.815468,543.115217
40.576765,-90.968216,542.976957
29.508482,-76.138476,542.803138
17.118876,-64.387189,543.384944
4.132123,-54.145287,545.345903
-8.974296,-44.244631,548.875029
-21.776348,-33.620626,553.600332
-33.741624,-21.002235,558.650820
-44.007381,-4.663656,562.888105
-51.090275,17.154936,565.231031
-53.062643,43.542699,564.971203
-49.164509,68.830219,561.987077
-40.779097,88.686526,556.797382
-29.785293,103.557676,550.437787
-17.432703,115.347557,544.190453
-4.444443,125.618982,539.239185
11.960037,143.092515,535.986845
24.683645,154.105580,535.841496
36.411877,167.514767,537.314612
46.130836,-174.817630,539.516819
52.146013,-151.404114,541.546688
52.585898,-124.477923,542.793334
47.281063,-100.294409,543.124584
37.990203,-81.866282,542.906046
26.500078,-67.982525,542.848139
13.907078,-56.735554,543.729485
0.850460,-46.679094,546.085902
-12.220935,-36.700186,549.970982
-24.872006,-25.711551,554.874696
-36.512661,-12.344225,559.832218
-46.150733,5.233533,563.687606
-52.129875,28.479570,565.425897
-52.614047,55.227683,564.470915
-47.408509,79.346673,560.863154
-38.214369,97.797945,555.268747
-26.789783,111.724055,548.814789
-14.224085,123.007397,542.791970
-1.156644,133.091359,538.306484
15.197059,150.704170,535.759995
27.739154,162.168569,536.089413
39.083357,176.452018,537.834391
48.062949,-164.513654,540.071249
52.829699,-139.781510,541.945909
51.748210,-112.952650,542.955579
45.250884,-90.155677,543.097822
35.270059,-73.049314,542.844818
23.424910,-59.988515,542.953076
10.667168,-49.156666,544.168680
-2.432065,-39.217626,546.924324
-15.442005,-29.094026,551.132925
-27.906400,-17.656514,556.153402
-39.162119,-3.423361,560.944020
-48.067790,15.502960,564.352566
-52.816727,40.052659,565.449310
-51.798475,66.724426,563.801657
-45.404453,89.486326,559.612726
-35.514014,106.625331,553.685557
-23.725092,119.728025,547.219673
-10.984955,130.593912,541.492004
2.134187,140.558668,537.512312
18.402498,158.396435,535.665903
30.722138,170.404896,536.427102
41.611012,-174.311590,538.384541
49.732218,-153.827871,540.601236
53.135154,-128.007887,542.288508
50.563909,-101.711948,543.061181
43.006015,-80.388019,543.044898
32.436905,-64.484062,542.806213
20.294477,-52.131114,543.128817
7.406548,-41.632311,544.706782
-5.709123,-31.744875,547.856389
-18.629919,-21.407523,552.347659
-30.867542,-9.429510,557.418310
-41.668560,5.793045,561.968317
-49.725540,26.148801,564.870519
-53.130873,51.778243,565.297978
-50.638806,77.945340,562.970528
-43.184702,99.258967,558.251644
-32.698444,115.201358,552.068300
-20.602700,127.594828,545.672055
-7.722756,138.125355,540.303991
5.421633,148.037004,536.860538
21.567854,166.189563,535.696423
33.618489,178.843300,536.840446
43.969671,-164.744016,538.950122
51.104168,-142.776973,541.096064
53.052994,-116.199763,542.571331
49.063558,-90.815468,543.115217
40.576765,-70.968216,542.976957
29.508482,-56.138476,542.803138
17.118876,-44.387189,543.384944
4.132123,-34.145287,545.345903
-8.974296,-24.244631,548.875029
-21.776348,-13.620626,553.600332
-33.741624,-1.002235,558.650820
-44.007381,15.336344,562.888105
-51.090275,37.154936,565.231031
-53.062643,63.542699,564.971203
-49.164509,88.830219,561.987077
-40.779097,108.686526,556.797382
-29.785293,123.557676,550.437787
-17.432703,135.347557,544.190453
-4.444443,145.618982,539.239185
8.699172,155.542678,536.352462
24.683645,174.105580,535.841496
36.411877,-172.485233,537.314612
46.130836,-154.817630,539.516819
52.146013,-131.404114,541.546688
52.585898,-104.477923,542.793334
47.281063,-80.294409,543.124584
37.990203,-61.866282,542.906046
26.500078,-47.982525,542.848139
13.907078,-36.735554,543.729485
0.850460,-26.679094,546.085902
-12.220935,-16.700186,549.970982
-24.872006,-5.711551,554.874696
-36.512661,7.655775,559.832218
-46.150733,25.233533,563.687606
-52.129875,48.479570,565.425897
-52.614047,75.227683,564.470915
-47.408509,99.346673,560.863154
-38.214369,117.797945,555.268747
-26.789783,131.724055,548.814789
-14.224085,143.007397,542.791970
-1.156644,153.091359,538.306484
11.960037,163.092515,535.986845
27.739154,-177.831431,536.089413
39.083357,-163.547982,537.834391
48.062949,-144.513654,540.071249
52.829699,-119.781510,541.945909
51.748210,-92.952650,542.955579
45.250884,-70.155677,543.097822
35.270059,-53.049314,542.844818
23.424910,-39.988515,542.953076
10.667168,-29.156666,544.168680
-2.432065,-19.217626,546.924324
-15.442005,-9.094026,551.132925
-27.906400,2.343486,556.153402
-39.162119,16.576639,560.944020
-48.067790,35.502960,564.352566
-52.816727,60.052659,565.449310
-51.798475,86.724426,563.801657
-45.404453,109.486326,559.612726
-35.514014,126.625331,553.685557
-23.725092,139.728025,547.219673
-10.984955,150.593912,541.492004
2.134187,160.558668,537.512312
15.197059,170.704170,535.759995
30.722138,-169.595104,536.427102
41.611012,-154.311590,538.384541
49.732218,-133.827871,540.601236
53.135154,-108.007887,542.288508
50.563909,-81.711948,543.061181
43.006015,-60.388019,543.044898
32.436905,-44.484062,542.806213
20.294477,-32.131114,543.128817
7.406548,-21.632311,544.706782
-5.709123,-11.744875,547.856389
-18.629919,-1.407523,552.347659
-30.867542,10.570490,557.418310
-41.668560,25.793045,561.968317
-49.725540,46.148801,564.870519
-53.130873,71.778243,565.297978
-50.638806,97.945340,562.970528
-43.184702,119.258967,558.251644
-32.698444,135.201358,552.068300
-20.602700,147.594828,545.672055
-7.722756,158.125355,540.303991
5.421633,168.037004,536.860538
18.402498,178.396435,535.665903
33.618489,-161.156700,536.840446
43.969671,-144.744016,538.950122
51.104168,-122.776973,541.096064
53.052994,-96.199763,542.571331
49.063558,-70.815468,543.115217
40.576765,-50.968216,542.976957
29.508482,-36.138476,542.803138
17.118876,-24.387189,543.384944
4.132123,-14.145287,545.345903
-8.974296,-4.244631,548.875029
-21.776348,6.379374,553.600332
-33.741624,18.997765,558.650820
-44.007381,35.336344,562.888105
-51.090275,57.154936,565.231031
-53.062643,83.542699,564.971203
-49.164509,108.830219,561.987077
-40.779097,128.686526,556.797382
-29.785293,143.557676,550.437787
-17.432703,155.347557,544.190453
-4.444443,165.618982,539.239185
8.699172,175.542678,536.352462
21.567854,-173.810437,535.696423
36.411877,-152.485233,537.314612
46.130836,-134.817630,539.516819
52.146013,-111.404114,541.546688
52.585898,-84.477923,542.793334
47.281063,-60.294409,543.124584
37.990203,-41.866282,542.906046
26.500078,-27.982525,542.848139
13.907078,-16.735554,543.729485
0.850460,-6.679094,546.085902
-12.220935,3.299814,549.970982
-24.872006,14.288449,554.874696
-36.512661,27.655775,559.832218
-46.150733,45.233533,563.687606
-52.129875,68.479570,565.425897
-52.614047,95.227683,564.470915
-47.408509,119.346673,560.863154
-38.214369,137.797945,555.268747
-26.789783,151.724055,548.814789
-14.224085,163.007397,542.791970
-1.156644,173.091359,538.306484
11.960037,-176.907485,535.986845
24.683645,-165.894420,535.841496
39.083357,-143.547982,537.834391
48.062949,-124.513654,540.071249
52.829699,-99.781510,541.945909
51.748210,-72.952650,542.955579
45.250884,-50.155677,543.097822
35.270059,-33.049314,542.844818
23.424910,-19.988515,542.953076
10.667168,-9.156666,544.168680
-2.432065,0.782374,546.924324
-15.442005,10.905974,551.132925
-27.906400,22.343486,556.153402
-39.162119,36.576639,560.944020
-48.067790,55.502960,564.352566
-52.816727,80.052659,565.449310
-51.798475,106.724426,563.801657
-45.404453,129.486326,559.612726
-35.514014,146.625331,553.685557
-23.725092,159.728025,547.219673
-10.984955,170.593912,541.492004
2.134187,-179.441332,537.512312
15.197059,-169.295830,535.759995
27.739154,-157.831431,536.089413
41.611012,-134.311590,538.384541
49.732218,-113.827871,540.601236
53.135154,-88.007887,542.288508
50.563909,-61.711948,543.061181
43.006015,-40.388019,543.044898
32.436905,-24.484062,542.806213
20.294477,-12.131114,543.128817
7.406548,-1.632311,544.706782
-5.709123,8.255125,547.856389
-18.629919,18.592477,552.347659
-30.867542,30.570490,557.418310
-41.668560,45.793045,561.968317
-49.725540,66.148801,564.870519
-53.130873,91.778243,565.297978
-50.638806,117.945340,562.970528
-43.184702,139.258967,558.251644
-32.698444,155.201358,552.068300
-20.602700,167.594828,545.672055
-7.722756,178.125355,540.303991
5.421633,-171.962996,536.860538
18.402498,-161.603565,535.665903
30.722138,-149.595104,536.427102
