40.538132,-30.907071,542.975853
29.462808,-16.092835,542.803431
17.069759,-4.350014,543.389549
4.081718,5.888507,545.356514
-9.024359,15.789872,548.891314
-21.824341,26.418877,553.619798
-33.785042,39.047936,558.669413
-44.041882,55.404651,562.901344
-51.108794,77.245656,565.235299
-53.058606,103.642125,564.964820
-49.139562,128.913620,561.970834
-40.740814,148.747806,556.774402
-29.739836,163.603481,550.412734
-17.383653,175.384863,544.168289
-4.393960,-174.347126,539.223832
8.749439,-164.422737,536.345773
21.616148,-153.770833,535.697816
33.662251,-141.106341,536.847314
44.004463,-124.675299,538.958859
51.122760,-102.685534,541.103344
53.048705,-76.099715,542.575201
49.038205,-50.731947,543.115676
37.949346,-21.809770,542.904995
26.453283,-7.939576,542.849265
13.857470,3.300359,543.735502
0.799994,13.354506,546.098051
-12.270659,23.335130,549.988372
-24.919141,34.330010,554.894363
-36.554358,47.709740,559.849881
-46.181995,65.307452,563.698881
-52.143164,88.574712,565.427568
-52.604240,115.324996,564.461894
-47.379496,139.424292,560.844856
-38.173832,157.854612,555.244777
-26.743167,171.767161,548.790012
-14.174506,-176.956568,542.771209
-1.106066,-166.874948,538.293219
12.009994,-156.872085,535.982323
24.731097,-145.852745,535.844562
36.453916,-132.431039,537.322296
46.162352,-114.743222,539.525466
52.159296,-91.308215,541.553228
52.575775,-64.380106,542.796272
47.251644,-40.216766,543.124419
35.227317,-12.996921,542.844016
23.377182,0.052148,542.955211
10.617186,10.878274,544.176190
-2.482495,20.816027,546.937954
-15.491278,30.942381,551.151231
-27.952504,42.387488,556.172996
-39.201787,56.634900,560.960472
-48.095321,75.582677,564.361671
-52.824415,100.150929,565.448314
-51.783185,126.818097,563.790088
-45.371885,149.558191,559.592603
-35.471559,166.677888,553.660906
-23.677506,179.768837,547.195480
-10.934967,-169.371035,541.472868
2.184761,-159.407592,537.501212
15.246590,-149.259337,535.757565
27.785589,-137.787297,536.093960
39.123359,-123.489442,537.842657
48.090685,-104.433363,540.079608
52.837295,-79.682483,541.951613
51.732557,-52.858610,542.957617
45.217921,-30.083862,543.097176
32.392571,-4.435284,542.805860
20.245981,7.907635,543.132119
7.356303,18.401927,544.715835
-5.759419,28.289077,547.871409
-18.678619,38.630271,552.366665
-30.912417,50.617351,557.437547
-41.705847,65.856101,561.983289
-49.748820,86.234238,564.877277
-53.132728,111.878002,565.294283
-50.618444,138.034228,562.956540
-43.149059,159.325337,558.229952
-32.654362,175.250303,552.043288
-20.554309,-172.366283,545.648740
-7.672469,-161.840302,540.286670
5.472104,-151.928960,536.851643
18.451479,-141.565679,535.665455
30.767352,-129.548088,536.432921
41.648615,-114.248196,538.393155
49.755644,-93.741780,540.609132
53.136833,-67.907417,542.293311
50.543154,-41.622823,543.062383
42.969996,-20.321750,543.043933
29.462808,3.907165,542.803431
17.069759,15.649986,543.389549
4.081718,25.888507,545.356514
-9.024359,35.789872,548.891314
-21.824341,46.418877,553.619798
-33.785042,59.047936,558.669413
-44.041882,75.404651,562.901344
-51.108794,97.245656,565.235299
-53.058606,123.642125,564.964820
-49.139562,148.913620,561.970834
-40.740814,168.747806,556.774402
-29.739836,-176.396519,550.412734
-17.383653,-164.615137,544.168289
-4.393960,-154.347126,539.223832
8.749439,-144.422737,536.345773
21.616148,-133.770833,535.697816
33.662251,-121.106341,536.847314
44.004463,-104.675299,538.958859
51.122760,-82.685534,541.103344
53.048705,-56.099715,542.575201
49.038205,-30.731947,543.115676
40.538132,-10.907071,542.975853
26.453283,12.060424,542.849265
13.857470,23.300359,543.735502
0.799994,33.354506,546.098051
-12.270659,43.335130,549.988372
-24.919141,54.330010,554.894363
-36.554358,67.709740,559.849881
-46.181995,85.307452,563.698881
-52.143164,108.574712,565.427568
-52.604240,135.324996,564.461894
-47.379496,159.424292,560.844856
-38.173832,177.854612,555.244777
-26.743167,-168.232839,548.790012
-14.174506,-156.956568,542.771209
-1.106066,-146.874948,538.293219
12.009994,-136.872085,535.982323
24.731097,-125.852745,535.844562
36.453916,-112.431039,537.322296
46.162352,-94.743222,539.525466
52.159296,-71.308215,541.553228
52.575775,-44.380106,542.796272
47.251644,-20.216766,543.124419
37.949346,-1.809770,542.904995
23.377182,20.052148,542.955211
10.617186,30.878274,544.176190
-2.482495,40.816027,546.937954
-15.491278,50.942381,551.151231
-27.952504,62.387488,556.172996
-39.201787,76.634900,560.960472
-48.095321,95.582677,564.361671
-52.824415,120.150929,565.448314
-51.783185,146.818097,563.790088
-45.371885,169.558191,559.592603
-35.471559,-173.322112,553.660906
-23.677506,-160.231163,547.195480
-10.934967,-149.371035,541.472868
2.184761,-139.407592,537.501212
15.246590,-129.259337,535.757565
27.785589,-117.787297,536.093960
39.123359,-103.489442,537.842657
48.090685,-84.433363,540.079608
52.837295,-59.682483,541.951613
51.732557,-32.858610,542.957617
45.217921,-10.083862,543.097176
35.227317,7.003079,542.844016
20.245981,27.907635,543.132119
7.356303,38.401927,544.715835
-5.759419,48.289077,547.871409
-18.678619,58.630271,552.366665
-30.912417,70.617351,557.437547
-41.705847,85.856101,561.983289
-49.748820,106.234238,564.877277
-53.132728,131.878002,565.294283
-50.618444,158.034228,562.956540
-43.149059,179.325337,558.229952
-32.654362,-164.749697,552.043288
-20.554309,-152.366283,545.648740
-7.672469,-141.840302,540.286670
5.472104,-131.928960,536.851643
18.451479,-121.565679,535.665455
30.767352,-109.548088,536.432921
41.648615,-94.248196,538.393155
49.755644,-73.741780,540.609132
53.136833,-47.907417,542.293311
50.543154,-21.622823,543.062383
42.969996,-0.321750,543.043933
32.392571,15.564716,542.805860
17.069759,35.649986,543.389549
4.081718,45.888507,545.356514
-9.024359,55.789872,548.891314
-21.824341,66.418877,553.619798
-33.785042,79.047936,558.669413
-44.041882,95.404651,562.901344
-51.108794,117.245656,565.235299
-53.058606,143.642125,564.964820
-49.139562,168.913620,561.970834
-40.740814,-171.252194,556.774402
-29.739836,-156.396519,550.412734
-17.383653,-144.615137,544.168289
-4.393960,-134.347126,539.223832
8.749439,-124.422737,536.345773
21.616148,-113.770833,535.697816
33.662251,-101.106341,536.847314
44.004463,-84.675299,538.958859
51.122760,-62.685534,541.103344
53.048705,-36.099715,542.575201
49.038205,-10.731947,543.115676
40.538132,9.092929,542.975853
29.462808,23.907165,542.803431
13.857470,43.300359,543.735502
0.799994,53.354506,546.098051
-12.270659,63.335130,549.988372
-24.919141,74.330010,554.894363
-36.554358,87.709740,559.849881
-46.181995,105.307452,563.698881
-52.143164,128.574712,565.427568
-52.604240,155.324996,564.461894
-47.379496,179.424292,560.844856
-38.173832,-162.145388,555.244777
-26.743167,-148.232839,548.790012
-14.174506,-136.956568,542.771209
-1.106066,-126.874948,538.293219
12.009994,-116.872085,535.982323
24.731097,-105.852745,535.844562
36.453916,-92.431039,537.322296
46.162352,-74.743222,539.525466
52.159296,-51.308215,541.553228
52.575775,-24.380106,542.796272
47.251644,-0.216766,543.124419
37.949346,18.190230,542.904995
26.453283,32.060424,542.849265
10.617186,50.878274,544.176190
-2.482495,60.816027,546.937954
-15.491278,70.942381,551.151231
-27.952504,82.387488,556.172996
-39.201787,96.634900,560.960472
-48.095321,115.582677,564.361671
-52.824415,140.150929,565.448314
-51.783185,166.818097,563.790088
-45.371885,-170.441809,559.592603
-35.471559,-153.322112,553.660906
-23.677506,-140.231163,547.195480
-10.934967,-129.371035,541.472868
2.184761,-119.407592,537.501212
15.246590,-109.259337,535.757565
27.785589,-97.787297,536.093960
39.123359,-83.489442,537.842657
48.090685,-64.433363,540.079608
52.837295,-39.682483,541.951613
51.732557,-12.858610,542.957617
45.217921,9.916138,543.097176
35.227317,27.003079,542.844016
23.377182,40.052148,542.955211
7.356303,58.401927,544.715835
-5.759419,68.289077,547.871409
-18.678619,78.630271,552.366665
-30.912417,90.617351,557.437547
-41.705847,105.856101,561.983289
-49.748820,126.234238,564.877277
-53.132728,151.878002,565.294283
-50.618444,178.034228,562.956540
-43.149059,-160.674663,558.229952
-32.654362,-144.749697,552.043288
-20.554309,-132.366283,545.648740
-7.672469,-121.840302,540.286670
5.472104,-111.928960,536.851643
18.451479,-101.565679,535.665455
30.767352,-89.548088,536.432921
41.648615,-74.248196,538.393155
49.755644,-53.741780,540.609132
53.136833,-27.907417,542.293311
50.543154,-1.622823,543.062383
42.969996,19.678250,543.043933
32.392571,35.564716,542.805860
20.245981,47.907635,543.132119
4.081718,65.888507,545.356514
-9.024359,75.789872,548.891314
-21.824341,86.418877,553.619798
-33.785042,99.047936,558.669413
-44.041882,115.404651,562.901344
-51.108794,137.245656,565.235299
-53.058606,163.642125,564.964820
-49.139562,-171.086380,561.970834
-40.740814,-151.252194,556.774402
-29.739836,-136.396519,550.412734
-17.383653,-124.615137,544.168289
-4.393960,-114.347126,539.223832
8.749439,-104.422737,536.345773
21.616148,-93.770833,535.697816
33.662251,-81.106341,536.847314
44.004463,-64.675299,538.958859
51.122760,-42.685534,541.103344
53.048705,-16.099715,542.575201
49.038205,9.268053,543.115676
40.538132,29.092929,542.975853
29.462808,43.907165,542.803431
17.069759,55.649986,543.389549
0.799994,73.354506,546.098051
-12.270659,83.335130,549.988372
-24.919141,94.330010,554.894363
-36.554358,107.709740,559.849881
-46.181995,125.307452,563.698881
-52.143164,148.574712,565.427568
-52.604240,175.324996,564.461894
-47.379496,-160.575708,560.844856
-38.173832,-142.145388,555.244777
-26.743167,-128.232839,548.790012
-14.174506,-116.956568,542.771209
-1.106066,-106.874948,538.293219
12.009994,-96.872085,535.982323
24.731097,-85.852745,535.844562
36.453916,-72.431039,537.322296
46.162352,-54.743222,539.525466
52.159296,-31.308215,541.553228
52.575775,-4.380106,542.796272
47.251644,19.783234,543.124419
37.949346,38.190230,542.904995
26.453283,52.060424,542.849265
13.857470,63.300359,543.735502
-2.482495,80.816027,546.937954
-15.491278,90.942381,551.151231
-27.952504,102.387488,556.172996
-39.201787,116.634900,560.960472
-48.095321,135.582677,564.361671
-52.824415,160.150929,565.448314
-51.783185,-173.181903,563.790088
-45.371885,-150.441809,559.592603
-35.471559,-133.322112,553.660906
-23.677506,-120.231163,547.195480
-10.934967,-109.371035,541.472868
2.184761,-99.407592,537.501212
15.246590,-89.259337,535.757565
27.785589,-77.787297,536.093960
39.123359,-63.489442,537.842657
48.090685,-44.433363,540.079608
52.837295,-19.682483,541.951613
51.732557,7.141390,542.957617
45.217921,29.916138,543.097176
35.227317,47.003079,542.844016
23.377182,60.052148,542.955211
10.617186,70.878274,544.176190
-5.759419,88.289077,547.871409
-18.678619,98.630271,552.366665
-30.912417,110.617351,557.437547
-41.705847,125.856101,561.983289
-49.748820,146.234238,564.877277
-53.132728,171.878002,565.294283
-50.618444,-161.965772,562.956540
-43.149059,-140.674663,558.229952
-32.654362,-124.749697,552.043288
-20.554309,-112.366283,545.648740
-7.672469,-101.840302,540.286670
5.472104,-91.928960,536.851643
18.451479,-81.565679,535.665455
30.767352,-69.548088,536.432921
41.648615,-54.248196,538.393155
49.755644,-33.741780,540.609132
53.136833,-7.907417,542.293311
50.543154,18.377177,543.062383
42.969996,39.678250,543.043933
32.392571,55.564716,542.805860
20.245981,67.907635,543.132119
7.356303,78.401927,544.715835
-9.024359,95.789872,548.891314
-21.824341,106.418877,553.619798
-33.785042,119.047936,558.669413
-44.041882,135.404651,562.901344
-51.108794,157.245656,565.235299
-53.058606,-176.357875,564.964820
-49.139562,-151.086380,561.970834
-40.740814,-131.252194,556.774402
-29.739836,-116.396519,550.412734
-17.383653,-104.615137,544.168289
-4.393960,-94.347126,539.223832
8.749439,-84.422737,536.345773
21.616148,-73.770833,535.697816
33.662251,-61.106341,536.847314
44.004463,-44.675299,538.958859
51.122760,-22.685534,541.103344
53.048705,3.900285,542.575201
49.038205,29.268053,543.115676
40.538132,49.092929,542.975853
29.462808,63.907165,542.803431
17.069759,75.649986,543.389549
4.081718,85.888507,545.356514
-12.270659,103.335130,549.988372
-24.919141,114.330010,554.894363
-36.554358,127.709740,559.849881
-46.181995,145.307452,563.698881
-52.143164,168.574712,565.427568
-52.604240,-164.675004,564.461894
-47.379496,-140.575708,560.844856
-38.173832,-122.145388,555.244777
-26.743167,-108.232839,548.790012
-14.174506,-96.956568,542.771209
-1.106066,-86.874948,538.293219
12.009994,-76.872085,535.982323
24.731097,-65.852745,535.844562
36.453916,-52.431039,537.322296
46.162352,-34.743222,539.525466
52.159296,-11.308215,541.553228
52.575775,15.619894,542.796272
47.251644,39.783234,543.124419
37.949346,58.190230,542.904995
26.453283,72.060424,542.849265
13.857470,83.300359,543.735502
0.799994,93.354506,546.098051
-15.491278,110.942381,551.151231
-27.952504,122.387488,556.172996
-39.201787,136.634900,560.960472
-48.095321,155.582677,564.361671
-52.824415,-179.849071,565.448314
-51.783185,-153.181903,563.790088
-45.371885,-130.441809,559.592603
-35.471559,-113.322112,553.660906
-23.677506,-100.231163,547.195480
-10.934967,-89.371035,541.472868
2.184761,-79.407592,537.501212
15.246590,-69.259337,535.757565
27.785589,-57.787297,536.093960
39.123359,-43.489442,537.842657
48.090685,-24.433363,540.079608
52.837295,0.317517,541.951613
51.732557,27.141390,542.957617
45.217921,49.916138,543.097176
35.227317,67.003079,542.844016
23.377182,80.052148,542.955211
10.617186,90.878274,544.176190
-2.482495,100.816027,546.937954
-18.678619,118.630271,552.366665
-30.912417,130.617351,557.437547
-41.705847,145.856101,561.983289
-49.748820,166.234238,564.877277
-53.132728,-168.121998,565.294283
-50.618444,-141.965772,562.956540
-43.149059,-120.674663,558.229952
-32.654362,-104.749697,552.043288
-20.554309,-92.366283,545.648740
-7.672469,-81.840302,540.286670
5.472104,-71.928960,536.851643
18.451479,-61.565679,535.665455
30.767352,-49.548088,536.432921
41.648615,-34.248196,538.393155
49.755644,-13.741780,540.609132
53.136833,12.092583,542.293311
50.543154,38.377177,543.062383
42.969996,59.678250,543.043933
32.392571,75.564716,542.805860
20.245981,87.907635,543.132119
7.356303,98.401927,544.715835
-5.759419,108.289077,547.871409
-21.824341,126.418877,553.619798
-33.785042,139.047936,558.669413
-44.041882,155.404651,562.901344
-51.108794,177.245656,565.235299
-53.058606,-156.357875,564.964820
-49.139562,-131.086380,561.970834
-40.740814,-111.252194,556.774402
-29.739836,-96.396519,550.412734
-17.383653,-84.615137,544.168289
-4.393960,-74.347126,539.223832
8.749439,-64.422737,536.345773
21.616148,-53.770833,535.697816
33.662251,-41.106341,536.847314
44.004463,-24.675299,538.958859
51.122760,-2.685534,541.103344
53.048705,23.900285,542.575201
49.038205,49.268053,543.115676
40.538132,69.092929,542.975853
29.462808,83.907165,542.803431
17.069759,95.649986,543.389549
4.081718,105.888507,545.356514
-9.024359,115.789872,548.891314
-24.919141,134.330010,554.894363
-36.554358,147.709740,559.849881
-46.181995,165.307452,563.698881
-52.143164,-171.425288,565.427568
-52.604240,-144.675004,564.461894
-47.379496,-120.575708,560.844856
-38.173832,-102.145388,555.244777
-26.743167,-88.232839,548.790012
-14.174506,-76.956568,542.771209
-1.106066,-66.874948,538.293219
12.009994,-56.872085,535.982323
24.731097,-45.852745,535.844562
36.453916,-32.431039,537.322296
46.162352,-14.743222,539.525466
52.159296,8.691785,541.553228
52.575775,35.619894,542.796272
47.251644,59.783234,543.124419
37.949346,78.190230,542.904995
26.453283,92.060424,542.849265
13.857470,103.300359,543.735502
0.799994,113.354506,546.098051
-12.270659,123.335130,549.988372
-27.952504,142.387488,556.172996
-39.201787,156.634900,560.960472
-48.095321,175.582677,564.361671
-52.824415,-159.849071,565.448314
-51.783185,-133.181903,563.790088
-45.371885,-110.441809,559.592603
-35.471559,-93.322112,553.660906
-23.677506,-80.231163,547.195480
-10.934967,-69.371035,541.472868
2.184761,-59.407592,537.501212
15.246590,-49.259337,535.757565
27.785589,-37.787297,536.093960
39.123359,-23.489442,537.842657
48.090685,-4.433363,540.079608
52.837295,20.317517,541.951613
51.732557,47.141390,542.957617
45.217921,69.916138,543.097176
35.227317,87.003079,542.844016
23.377182,100.052148,542.955211
10.617186,110.878274,544.176190
-2.482495,120.816027,546.937954
-15.491278,130.942381,551.151231
-30.912417,150.617351,557.437547
-41.705847,165.856101,561.983289
-49.748820,-173.765762,564.877277
-53.132728,-148.121998,565.294283
-50.618444,-121.965772,562.956540
-43.149059,-100.674663,558.229952
-32.654362,-84.749697,552.043288
-20.554309,-72.366283,545.648740
-7.672469,-61.840302,540.286670
5.472104,-51.928960,536.851643
18.451479,-41.565679,535.665455
30.767352,-29.548088,536.432921
41.648615,-14.248196,538.393155
49.755644,6.258220,540.609132
53.136833,32.092583,542.293311
50.543154,58.377177,543.062383
42.969996,79.678250,543.043933
32.392571,95.564716,542.805860
20.245981,107.907635,543.132119
7.356303,118.401927,544.715835
-5.759419,128.289077,547.871409
-18.678619,138.630271,552.366665
-33.785042,159.047936,558.669413
-44.041882,175.404651,562.901344
-51.108794,-162.754344,565.235299
-53.058606,-136.357875,564.964820
-49.139562,-111.086380,561.970834
-40.740814,-91.252194,556.774402
-29.739836,-76.396519,550.412734
-17.383653,-64.615137,544.168289
-4.393960,-54.347126,539.223832
8.749439,-44.422737,536.345773
21.616148,-33.770833,535.697816
33.662251,-21.106341,536.847314
44.004463,-4.675299,538.958859
51.122760,17.314466,541.103344
53.048705,43.900285,542.575201
49.038205,69.268053,543.115676
40.538132,89.092929,542.975853
29.462808,103.907165,542.803431
17.069759,115.649986,543.389549
4.081718,125.888507,545.356514
-9.024359,135.789872,548.891314
-21.824341,146.418877,553.619798
-36.554358,167.709740,559.849881
-46.181995,-174.692548,563.698881
-52.143164,-151.425288,565.427568
-52.604240,-124.675004,564.461894
-47.379496,-100.575708,560.844856
-38.173832,-82.145388,555.244777
-26.743167,-68.232839,548.790012
-14.174506,-56.956568,542.771209
-1.106066,-46.874948,538.293219
12.009994,-36.872085,535.982323
24.731097,-25.852745,535.844562
36.453916,-12.431039,537.322296
46.162352,5.256778,539.525466
52.159296,28.691785,541.553228
52.575775,55.619894,542.796272
47.251644,79.783234,543.124419
37.949346,98.190230,542.904995
26.453283,112.060424,542.849265
13.857470,123.300359,543.735502
0.799994,133.354506,546.098051
-12.270659,143.335130,549.988372
-24.919141,154.330010,554.894363
-39.201787,176.634900,560.960472
-48.095321,-164.417323,564.361671
-52.824415,-139.849071,565.448314
-51.783185,-113.181903,563.790088
-45.371885,-90.441809,559.592603
-35.471559,-73.322112,553.660906
-23.677506,-60.231163,547.195480
-10.934967,-49.371035,541.472868
2.184761,-39.407592,537.501212
15.246590,-29.259337,535.757565
27.785589,-17.787297,536.093960
39.123359,-3.489442,537.842657
48.090685,15.566637,540.079608
52.837295,40.317517,541.951613
51.732557,67.141390,542.957617
45.217921,89.916138,543.097176
35.227317,107.003079,542.844016
23.377182,120.052148,542.955211
10.617186,130.878274,544.176190
-2.482495,140.816027,546.937954
-15.491278,150.942381,551.151231
-27.952504,162.387488,556.172996
-41.705847,-174.143899,561.983289
-49.748820,-153.765762,564.877277
-53.132728,-128.121998,565.294283
-50.618444,-101.965772,562.956540
-43.149059,-80.674663,558.229952
-32.654362,-64.749697,552.043288
-20.554309,-52.366283,545.648740
-7.672469,-41.840302,540.286670
5.472104,-31.928960,536.851643
18.451479,-21.565679,535.665455
30.767352,-9.548088,536.432921
41.648615,5.751804,538.393155
49.755644,26.258220,540.609132
53.136833,52.092583,542.293311
50.543154,78.377177,543.062383
42.969996,99.678250,543.043933
32.392571,115.564716,542.805860
20.245981,127.907635,543.132119
7.356303,138.401927,544.715835
-5.759419,148.289077,547.871409
-18.678619,158.630271,552.366665
-30.912417,170.617351,557.437547
-44.041882,-164.595349,562.901344
-51.108794,-142.754344,565.235299
-53.058606,-116.357875,564.964820
-49.139562,-91.086380,561.970834
-40.740814,-71.252194,556.774402
-29.739836,-56.396519,550.412734
-17.383653,-44.615137,544.168289
-4.393960,-34.347126,539.223832
8.749439,-24.422737,536.345773
21.616148,-13.770833,535.697816
33.662251,-1.106341,536.847314
44.004463,15.324701,538.958859
51.122760,37.314466,541.103344
53.048705,63.900285,542.575201
49.038205,89.268053,543.115676
40.538132,109.092929,542.975853
29.462808,123.907165,542.803431
17.069759,135.649986,543.389549
4.081718,145.888507,545.356514
-9.024359,155.789872,548.891314
-21.824341,166.418877,553.619798
-33.785042,179.047936,558.669413
-46.181995,-154.692548,563.698881
-52.143164,-131.425288,565.427568
-52.604240,-104.675004,564.461894
-47.379496,-80.575708,560.844856
-38.173832,-62.145388,555.244777
-26.743167,-48.232839,548.790012
-14.174506,-36.956568,542.771209
-1.106066,-26.874948,538.293219
12.009994,-16.872085,535.982323
24.731097,-5.852745,535.844562
36.453916,7.568961,537.322296
46.162352,25.256778,539.525466
52.159296,48.691785,541.553228
52.575775,75.619894,542.796272
47.251644,99.783234,543.124419
37.949346,118.190230,542.904995
26.453283,132.060424,542.849265
13.857470,143.300359,543.735502
0.799994,153.354506,546.098051
-12.270659,163.335130,549.988372
-24.919141,174.330010,554.894363
-36.554358,-172.290260,559.849881
-48.095321,-144.417323,564.361671
-52.824415,-119.849071,565.448314
-51.783185,-93.181903,563.790088
-45.371885,-70.441809,559.592603
-35.471559,-53.322112,553.660906
-23.677506,-40.231163,547.195480
-10.934967,-29.371035,541.472868
2.184761,-19.407592,537.501212
15.246590,-9.259337,535.757565
27.785589,2.212703,536.093960
39.123359,16.510558,537.842657
48.090685,35.566637,540.079608
52.837295,60.317517,541.951613
51.732557,87.141390,542.957617
45.217921,109.916138,543.097176
35.227317,127.003079,542.844016
23.377182,140.052148,542.955211
10.617186,150.878274,544.176190
-2.482495,160.816027,546.937954
-15.491278,170.942381,551.151231
-27.952504,-177.612512,556.172996
-39.201787,-163.365100,560.960472
-49.748820,-133.765762,564.877277
-53.132728,-108.121998,565.294283
-50.618444,-81.965772,562.956540
-43.149059,-60.674663,558.229952
-32.654362,-44.749697,552.043288
-20.554309,-32.366283,545.648740
-7.672469,-21.840302,540.286670
5.472104,-11.928960,536.851643
18.451479,-1.565679,535.665455
30.767352,10.451912,536.432921
41.648615,25.751804,538.393155
49.755644,46.258220,540.609132
53.136833,72.092583,542.293311
50.543154,98.377177,543.062383
42.969996,119.678250,543.043933
32.392571,135.564716,542.805860
20.245981,147.907635,543.132119
7.356303,158.401927,544.715835
-5.759419,168.289077,547.871409
-18.678619,178.630271,552.366665
-30.912417,-169.382649,557.437547
-41.705847,-154.143899,561.983289
-51.108794,-122.754344,565.235299
-53.058606,-96.357875,564.964820
-49.139562,-71.086380,561.970834
-40.740814,-51.252194,556.774402
-29.739836,-36.396519,550.412734
-17.383653,-24.615137,544.168289
-4.393960,-14.347126,539.223832
8.749439,-4.422737,536.345773
21.616148,6.229167,535.697816
33.662251,18.893659,536.847314
44.004463,35.324701,538.958859
51.122760,57.314466,541.103344
53.048705,83.900285,542.575201
49.038205,109.268053,543.115676
40.538132,129.092929,542.975853
29.462808,143.907165,542.803431
17.069759,155.649986,543.389549
4.081718,165.888507,545.356514
-9.024359,175.789872,548.891314
-21.824341,-173.581123,553.619798
-33.785042,-160.952064,558.669413
-44.041882,-144.595349,562.901344
-52.143164,-111.425288,565.427568
-52.604240,-84.675004,564.461894
-47.379496,-60.575708,560.844856
-38.173832,-42.145388,555.244777
-26.743167,-28.232839,548.790012
-14.174506,-16.956568,542.771209
-1.106066,-6.874948,538.293219
12.009994,3.127915,535.982323
24.731097,14.147255,535.844562
36.453916,27.568961,537.322296
46.162352,45.256778,539.525466
52.159296,68.691785,541.553228
52.575775,95.619894,542.796272
47.251644,119.783234,543.124419
37.949346,138.190230,542.904995
26.453283,152.060424,542.849265
13.857470,163.300359,543.735502
0.799994,173.354506,546.098051
-12.270659,-176.664870,549.988372
-24.919141,-165.669990,554.894363
-36.554358,-152.290260,559.849881
-46.181995,-134.692548,563.698881
-52.824415,-99.849071,565.448314
-51.783185,-73.181903,563.790088
-45.371885,-50.441809,559.592603
-35.471559,-33.322112,553.660906
-23.677506,-20.231163,547.195480
-10.934967,-9.371035,541.472868
2.184761,0.592408,537.501212
15.246590,10.740663,535.757565
27.785589,22.212703,536.093960
39.123359,36.510558,537.842657
48.090685,55.566637,540.079608
52.837295,80.317517,541.951613
51.732557,107.141390,542.957617
45.217921,129.916138,543.097176
35.227317,147.003079,542.844016
23.377182,160.052148,542.955211
10.617186,170.878274,544.176190
-2.482495,-179.183973,546.937954
-15.491278,-169.057619,551.151231
-27.952504,-157.612512,556.172996
-39.201787,-143.365100,560.960472
-48.095321,-124.417323,564.361671
-53.132728,-88.121998,565.294283
-50.618444,-61.965772,562.956540
-43.149059,-40.674663,558.229952
-32.654362,-24.749697,552.043288
-20.554309,-12.366283,545.648740
-7.672469,-1.840302,540.286670
5.472104,8.071040,536.851643
18.451479,18.434321,535.665455
30.767352,30.451912,536.432921
41.648615,45.751804,538.393155
49.755644,66.258220,540.609132
53.136833,92.092583,542.293311
50.543154,118.377177,543.062383
42.969996,139.678250,543.043933
32.392571,155.564716,542.805860
20.245981,167.907635,543.132119
7.356303,178.401927,544.715835
-5.759419,-171.710923,547.871409
-18.678619,-161.369729,552.366665
-30.912417,-149.382649,557.437547
-41.705847,-134.143899,561.983289
-49.748820,-113.765762,564.877277
-53.058606,-76.357875,564.964820
-49.139562,-51.086380,561.970834
-40.740814,-31.252194,556.774402
-29.739836,-16.396519,550.412734
-17.383653,-4.615137,544.168289
-4.393960,5.652874,539.223832
8.749439,15.577263,536.345773
21.616148,26.229167,535.697816
33.662251,38.893659,536.847314
44.004463,55.324701,538.958859
51.122760,77.314466,541.103344
53.048705,103.900285,542.575201
49.038205,129.268053,543.115676
40.538132,149.092929,542.975853
29.462808,163.907165,542.803431
17.069759,175.649986,543.389549
4.081718,-174.111493,545.356514
-9.024359,-164.210128,548.891314
-21.824341,-153.581123,553.619798
-33.785042,-140.952064,558.669413
-44.041882,-124.595349,562.901344
-51.108794,-102.754344,565.235299
-52.604240,-64.675004,564.461894
-47.379496,-40.575708,560.844856
-38.173832,-22.145388,555.244777
-26.743167,-8.232839,548.790012
-14.174506,3.043432,542.771209
-1.106066,13.125052,538.293219
12.009994,23.127915,535.982323
24.731097,34.147255,535.844562
36.453916,47.568961,537.322296
46.162352,65.256778,539.525466
52.159296,88.691785,541.553228
52.575775,115.619894,542.796272
47.251644,139.783234,543.124419
37.949346,158.190230,542.904995
26.453283,172.060424,542.849265
13.857470,-176.699641,543.735502
0.799994,-166.645494,546.098051
-12.270659,-156.664870,549.988372
-24.919141,-145.669990,554.894363
-36.554358,-132.290260,559.849881
-46.181995,-114.692548,563.698881
-52.143164,-91.425288,565.427568
-51.783185,-53.181903,563.790088
-45.371885,-30.441809,559.592603
-35.471559,-13.322112,553.660906
-23.677506,-0.231163,547.195480
-10.934967,10.628965,541.472868
2.184761,20.592408,537.501212
15.246590,30.740663,535.757565
27.785589,42.212703,536.093960
39.123359,56.510558,537.842657
48.090685,75.566637,540.079608
52.837295,100.317517,541.951613
51.732557,127.141390,542.957617
45.217921,149.916138,543.097176
35.227317,167.003079,542.844016
23.377182,-179.947852,542.955211
10.617186,-169.121726,544.176190
-2.482495,-159.183973,546.937954
-15.491278,-149.057619,551.151231
-27.952504,-137.612512,556.172996
-39.201787,-123.365100,560.960472
-48.095321,-104.417323,564.361671
-52.824415,-79.849071,565.448314
-50.618444,-41.965772,562.956540
-43.149059,-20.674663,558.229952
-32.654362,-4.749697,552.043288
-20.554309,7.633717,545.648740
-7.672469,18.159698,540.286670
5.472104,28.071040,536.851643
18.451479,38.434321,535.665455
30.767352,50.451912,536.432921
41.648615,65.751804,538.393155
49.755644,86.258220,540.609132
53.136833,112.092583,542.293311
50.543154,138.377177,543.062383
42.969996,159.678250,543.043933
32.392571,175.564716,542.805860
20.245981,-172.092365,543.132119
7.356303,-161.598073,544.715835
-5.759419,-151.710923,547.871409
-18.678619,-141.369729,552.366665
-30.912417,-129.382649,557.437547
-41.705847,-114.143899,561.983289
-49.748820,-93.765762,564.877277
-53.132728,-68.121998,565.294283
-49.139562,-31.086380,561.970834
-40.740814,-11.252194,556.774402
-29.739836,3.603481,550.412734
-17.383653,15.384863,544.168289
-4.393960,25.652874,539.223832
8.749439,35.577263,536.345773
21.616148,46.229167,535.697816
33.662251,58.893659,536.847314
44.004463,75.324701,538.958859
51.122760,97.314466,541.103344
53.048705,123.900285,542.575201
49.038205,149.268053,543.115676
40.538132,169.092929,542.975853
29.462808,-176.092835,542.803431
17.069759,-164.350014,543.389549
4.081718,-154.111493,545.356514
-9.024359,-144.210128,548.891314
-21.824341,-133.581123,553.619798
-33.785042,-120.952064,558.669413
-44.041882,-104.595349,562.901344
-51.108794,-82.754344,565.235299
-53.058606,-56.357875,564.964820
-47.379496,-20.575708,560.844856
-38.173832,-2.145388,555.244777
-26.743167,11.767161,548.790012
-14.174506,23.043432,542.771209
-1.106066,33.125052,538.293219
12.009994,43.127915,535.982323
24.731097,54.147255,535.844562
36.453916,67.568961,537.322296
46.162352,85.256778,539.525466
52.159296,108.691785,541.553228
52.575775,135.619894,542.796272
47.251644,159.783234,543.124419
37.949346,178.190230,542.904995
26.453283,-167.939576,542.849265
13.857470,-156.699641,543.735502
0.799994,-146.645494,546.098051
-12.270659,-136.664870,549.988372
-24.919141,-125.669990,554.894363
-36.554358,-112.290260,559.849881
-46.181995,-94.692548,563.698881
-52.143164,-71.425288,565.427568
-52.604240,-44.675004,564.461894
-45.371885,-10.441809,559.592603
-35.471559,6.677888,553.660906
-23.677506,19.768837,547.195480
-10.934967,30.628965,541.472868
2.184761,40.592408,537.501212
15.246590,50.740663,535.757565
27.785589,62.212703,536.093960
39.123359,76.510558,537.842657
48.090685,95.566637,540.079608
52.837295,120.317517,541.951613
51.732557,147.141390,542.957617
45.217921,169.916138,543.097176
35.227317,-172.996921,542.844016
23.377182,-159.947852,542.955211
10.617186,-149.121726,544.176190
-2.482495,-139.183973,546.937954
-15.491278,-129.057619,551.151231
-27.952504,-117.612512,556.172996
-39.201787,-103.365100,560.960472
-48.095321,-84.417323,564.361671
-52.824415,-59.849071,565.448314
-51.783185,-33.181903,563.790088
-43.149059,-0.674663,558.229952
-32.654362,15.250303,552.043288
-20.554309,27.633717,545.648740
-7.672469,38.159698,540.286670
5.472104,48.071040,536.851643
18.451479,58.434321,535.665455
30.767352,70.451912,536.432921
41.648615,85.751804,538.393155
49.755644,106.258220,540.609132
53.136833,132.092583,542.293311
50.543154,158.377177,543.062383
42.969996,179.678250,543.043933
32.392571,-164.435284,542.805860
20.245981,-152.092365,543.132119
7.356303,-141.598073,544.715835
-5.759419,-131.710923,547.871409
-18.678619,-121.369729,552.366665
-30.912417,-109.382649,557.437547
-41.705847,-94.143899,561.983289
-49.748820,-73.765762,564.877277
-53.132728,-48.121998,565.294283
-50.618444,-21.965772,562.956540
-40.740814,8.747806,556.774402
-29.739836,23.603481,550.412734
-17.383653,35.384863,544.168289
-4.393960,45.652874,539.223832
8.749439,55.577263,536.345773
21.616148,66.229167,535.697816
33.662251,78.893659,536.847314
44.004463,95.324701,538.958859
51.122760,117.314466,541.103344
53.048705,143.900285,542.575201
49.038205,169.268053,543.115676
40.538132,-170.907071,542.975853
29.462808,-156.092835,542.803431
17.069759,-144.350014,543.389549
4.081718,-134.111493,545.356514
-9.024359,-124.210128,548.891314
-21.824341,-113.581123,553.619798
-33.785042,-100.952064,558.669413
-44.041882,-84.595349,562.901344
-51.108794,-62.754344,565.235299
-53.058606,-36.357875,564.964820
-49.139562,-11.086380,561.970834
-38.173832,17.854612,555.244777
-26.743167,31.767161,548.790012
-14.174506,43.043432,542.771209
-1.106066,53.125052,538.293219
12.009994,63.127915,535.982323
24.731097,74.147255,535.844562
36.453916,87.568961,537.322296
46.162352,105.256778,539.525466
52.159296,128.691785,541.553228
52.575775,155.619894,542.796272
47.251644,179.783234,543.124419
37.949346,-161.809770,542.904995
26.453283,-147.939576,542.849265
13.857470,-136.699641,543.735502
0.799994,-126.645494,546.098051
-12.270659,-116.664870,549.988372
-24.919141,-105.669990,554.894363
-36.554358,-92.290260,559.849881
-46.181995,-74.692548,563.698881
-52.143164,-51.425288,565.427568
-52.604240,-24.675004,564.461894
-47.379496,-0.575708,560.844856
-35.471559,26.677888,553.660906
-23.677506,39.768837,547.195480
-10.934967,50.628965,541.472868
2.184761,60.592408,537.501212
15.246590,70.740663,535.757565
27.785589,82.212703,536.093960
39.123359,96.510558,537.842657
48.090685,115.566637,540.079608
52.837295,140.317517,541.951613
51.732557,167.141390,542.957617
45.217921,-170.083862,543.097176
35.227317,-152.996921,542.844016
23.377182,-139.947852,542.955211
10.617186,-129.121726,544.176190
-2.482495,-119.183973,546.937954
-15.491278,-109.057619,551.151231
-27.952504,-97.612512,556.172996
-39.201787,-83.365100,560.960472
-48.095321,-64.417323,564.361671
-52.824415,-39.849071,565.448314
-51.783185,-13.181903,563.790088
-45.371885,9.558191,559.592603
-32.654362,35.250303,552.043288
-20.554309,47.633717,545.648740
-7.672469,58.159698,540.286670
5.472104,68.071040,536.851643
18.451479,78.434321,535.665455
30.767352,90.451912,536.432921
41.648615,105.751804,538.393155
49.755644,126.258220,540.609132
53.136833,152.092583,542.293311
50.543154,178.377177,543.062383
42.969996,-160.321750,543.043933
32.392571,-144.435284,542.805860
20.245981,-132.092365,543.132119
7.356303,-121.598073,544.715835
-5.759419,-111.710923,547.871409
-18.678619,-101.369729,552.366665
-30.912417,-89.382649,557.437547
-41.705847,-74.143899,561.983289
-49.748820,-53.765762,564.877277
-53.132728,-28.121998,565.294283
-50.618444,-1.965772,562.956540
-43.149059,19.325337,558.229952
-29.739836,43.603481,550.412734
-17.383653,55.384863,544.168289
-4.393960,65.652874,539.223832
8.749439,75.577263,536.345773
21.616148,86.229167,535.697816
33.662251,98.893659,536.847314
44.004463,115.324701,538.958859
51.122760,137.314466,541.103344
53.048705,163.900285,542.575201
49.038205,-170.731947,543.115676
40.538132,-150.907071,542.975853
29.462808,-136.092835,542.803431
17.069759,-124.350014,543.389549
4.081718,-114.111493,545.356514
-9.024359,-104.210128,548.891314
-21.824341,-93.581123,553.619798
-33.785042,-80.952064,558.669413
-44.041882,-64.595349,562.901344
-51.108794,-42.754344,565.235299
-53.058606,-16.357875,564.964820
-49.139562,8.913620,561.970834
-40.740814,28.747806,556.774402
-26.743167,51.767161,548.790012
-14.174506,63.043432,542.771209
-1.106066,73.125052,538.293219
12.009994,83.127915,535.982323
24.731097,94.147255,535.844562
36.453916,107.568961,537.322296
46.162352,125.256778,539.525466
52.159296,148.691785,541.553228
52.575775,175.619894,542.796272
47.251644,-160.216766,543.124419
37.949346,-141.809770,542.904995
26.453283,-127.939576,542.849265
13.857470,-116.699641,543.735502
0.799994,-106.645494,546.098051
-12.270659,-96.664870,549.988372
-24.919141,-85.669990,554.894363
-36.554358,-72.290260,559.849881
-46.181995,-54.692548,563.698881
-52.143164,-31.425288,565.427568
-52.604240,-4.675004,564.461894
-47.379496,19.424292,560.844856
-38.173832,37.854612,555.244777
-23.677506,59.768837,547.195480
-10.934967,70.628965,541.472868
2.184761,80.592408,537.501212
15.246590,90.740663,535.757565
27.785589,102.212703,536.093960
39.123359,116.510558,537.842657
48.090685,135.566637,540.079608
52.837295,160.317517,541.951613
51.732557,-172.858610,542.957617
45.217921,-150.083862,543.097176
35.227317,-132.996921,542.844016
23.377182,-119.947852,542.955211
10.617186,-109.121726,544.176190
-2.482495,-99.183973,546.937954
-15.491278,-89.057619,551.151231
-27.952504,-77.612512,556.172996
-39.201787,-63.365100,560.960472
-48.095321,-44.417323,564.361671
-52.824415,-19.849071,565.448314
-51.783185,6.818097,563.790088
-45.371885,29.558191,559.592603
-35.471559,46.677888,553.660906
-20.554309,67.633717,545.648740
-7.672469,78.159698,540.286670
5.472104,88.071040,536.851643
18.451479,98.434321,535.665455
30.767352,110.451912,536.432921
41.648615,125.751804,538.393155
49.755644,146.258220,540.609132
53.136833,172.092583,542.293311
50.543154,-161.622823,543.062383
42.969996,-140.321750,543.043933
32.392571,-124.435284,542.805860
20.245981,-112.092365,543.132119
7.356303,-101.598073,544.715835
-5.759419,-91.710923,547.871409
-18.678619,-81.369729,552.366665
-30.912417,-69.382649,557.437547
-41.705847,-54.143899,561.983289
-49.748820,-33.765762,564.877277
-53.132728,-8.121998,565.294283
-50.618444,18.034228,562.956540
-43.149059,39.325337,558.229952
-32.654362,55.250303,552.043288
-17.383653,75.384863,544.168289
-4.393960,85.652874,539.223832
8.749439,95.577263,536.345773
21.616148,106.229167,535.697816
33.662251,118.893659,536.847314
44.004463,135.324701,538.958859
51.122760,157.314466,541.103344
53.048705,-176.099715,542.575201
49.038205,-150.731947,543.115676
40.538132,-130.907071,542.975853
29.462808,-116.092835,542.803431
17.069759,-104.350014,543.389549
4.081718,-94.111493,545.356514
-9.024359,-84.210128,548.891314
-21.824341,-73.581123,553.619798
-33.785042,-60.952064,558.669413
-44.041882,-44.595349,562.901344
-51.108794,-22.754344,565.235299
-53.058606,3.642125,564.964820
-49.139562,28.913620,561.970834
-40.740814,48.747806,556.774402
-29.739836,63.603481,550.412734
-14.174506,83.043432,542.771209
-1.106066,93.125052,538.293219
12.009994,103.127915,535.982323
24.731097,114.147255,535.844562
36.453916,127.568961,537.322296
46.162352,145.256778,539.525466
52.159296,168.691785,541.553228
52.575775,-164.380106,542.796272
47.251644,-140.216766,543.124419
37.949346,-121.809770,542.904995
26.453283,-107.939576,542.849265
13.857470,-96.699641,543.735502
0.799994,-86.645494,546.098051
-12.270659,-76.664870,549.988372
-24.919141,-65.669990,554.894363
-36.554358,-52.290260,559.849881
-46.181995,-34.692548,563.698881
-52.143164,-11.425288,565.427568
-52.604240,15.324996,564.461894
-47.379496,39.424292,560.844856
-38.173832,57.854612,555.244777
-26.743167,71.767161,548.790012
-10.934967,90.628965,541.472868
2.184761,100.592408,537.501212
15.246590,110.740663,535.757565
27.785589,122.212703,536.093960
39.123359,136.510558,537.842657
48.090685,155.566637,540.079608
52.837295,-179.682483,541.951613
51.732557,-152.858610,542.957617
45.217921,-130.083862,543.097176
35.227317,-112.996921,542.844016
23.377182,-99.947852,542.955211
10.617186,-89.121726,544.176190
-2.482495,-79.183973,546.937954
-15.491278,-69.057619,551.151231
-27.952504,-57.612512,556.172996
-39.201787,-43.365100,560.960472
-48.095321,-24.417323,564.361671
-52.824415,0.150929,565.448314
-51.783185,26.818097,563.790088
-45.371885,49.558191,559.592603
-35.471559,66.677888,553.660906
-23.677506,79.768837,547.195480
-7.672469,98.159698,540.286670
5.472104,108.071040,536.851643
18.451479,118.434321,535.665455
30.767352,130.451912,536.432921
41.648615,145.751804,538.393155
49.755644,166.258220,540.609132
53.136833,-167.907417,542.293311
50.543154,-141.622823,543.062383
42.969996,-120.321750,543.043933
32.392571,-104.435284,542.805860
20.245981,-92.092365,543.132119
7.356303,-81.598073,544.715835
-5.759419,-71.710923,547.871409
-18.678619,-61.369729,552.366665
-30.912417,-49.382649,557.437547
-41.705847,-34.143899,561.983289
-49.748820,-13.765762,564.877277
-53.132728,11.878002,565.294283
-50.618444,38.034228,562.956540
-43.149059,59.325337,558.229952
-32.654362,75.250303,552.043288
-20.554309,87.633717,545.648740
-4.393960,105.652874,539.223832
8.749439,115.577263,536.345773
21.616148,126.229167,535.697816
33.662251,138.893659,536.847314
44.004463,155.324701,538.958859
51.122760,177.314466,541.103344
53.048705,-156.099715,542.575201
49.038205,-130.731947,543.115676
40.538132,-110.907071,542.975853
29.462808,-96.092835,542.803431
17.069759,-84.350014,543.389549
4.081718,-74.111493,545.356514
-9.024359,-64.210128,548.891314
-21.824341,-53.581123,553.619798
-33.785042,-40.952064,558.669413
-44.041882,-24.595349,562.901344
-51.108794,-2.754344,565.235299
-53.058606,23.642125,564.964820
-49.139562,48.913620,561.970834
-40.740814,68.747806,556.774402
-29.739836,83.603481,550.412734
-17.383653,95.384863,544.168289
-1.106066,113.125052,538.293219
12.009994,123.127915,535.982323
24.731097,134.147255,535.844562
36.453916,147.568961,537.322296
46.162352,165.256778,539.525466
52.159296,-171.308215,541.553228
52.575775,-144.380106,542.796272
47.251644,-120.216766,543.124419
37.949346,-101.809770,542.904995
26.453283,-87.939576,542.849265
13.857470,-76.699641,543.735502
0.799994,-66.645494,546.098051
-12.270659,-56.664870,549.988372
-24.919141,-45.669990,554.894363
-36.554358,-32.290260,559.849881
-46.181995,-14.692548,563.698881
-52.143164,8.574712,565.427568
-52.604240,35.324996,564.461894
-47.379496,59.424292,560.844856
-38.173832,77.854612,555.244777
-26.743167,91.767161,548.790012
-14.174506,103.043432,542.771209
2.184761,120.592408,537.501212
15.246590,130.740663,535.757565
27.785589,142.212703,536.093960
39.123359,156.510558,537.842657
48.090685,175.566637,540.079608
52.837295,-159.682483,541.951613
51.732557,-132.858610,542.957617
45.217921,-110.083862,543.097176
35.227317,-92.996921,542.844016
23.377182,-79.947852,542.955211
10.617186,-69.121726,544.176190
-2.482495,-59.183973,546.937954
-15.491278,-49.057619,551.151231
-27.952504,-37.612512,556.172996
-39.201787,-23.365100,560.960472
-48.095321,-4.417323,564.361671
-52.824415,20.150929,565.448314
-51.783185,46.818097,563.790088
-45.371885,69.558191,559.592603
-35.471559,86.677888,553.660906
-23.677506,99.768837,547.195480
-10.934967,110.628965,541.472868
5.472104,128.071040,536.851643
18.451479,138.434321,535.665455
30.767352,150.451912,536.432921
41.648615,165.751804,538.393155
49.755644,-173.741780,540.609132
53.136833,-147.907417,542.293311
50.543154,-121.622823,543.062383
42.969996,-100.321750,543.043933
32.392571,-84.435284,542.805860
20.245981,-72.092365,543.132119
7.356303,-61.598073,544.715835
-5.759419,-51.710923,547.871409
-18.678619,-41.369729,552.366665
-30.912417,-29.382649,557.437547
-41.705847,-14.143899,561.983289
-49.748820,6.234238,564.877277
-53.132728,31.878002,565.294283
-50.618444,58.034228,562.956540
-43.149059,79.325337,558.229952
-32.654362,95.250303,552.043288
-20.554309,107.633717,545.648740
-7.672469,118.159698,540.286670
8.749439,135.577263,536.345773
21.616148,146.229167,535.697816
33.662251,158.893659,536.847314
44.004463,175.324701,538.958859
51.122760,-162.685534,541.103344
53.048705,-136.099715,542.575201
49.038205,-110.731947,543.115676
40.538132,-90.907071,542.975853
29.462808,-76.092835,542.803431
17.069759,-64.350014,543.389549
4.081718,-54.111493,545.356514
-9.024359,-44.210128,548.891314
-21.824341,-33.581123,553.619798
-33.785042,-20.952064,558.669413
-44.041882,-4.595349,562.901344
-51.108794,17.245656,565.235299
-53.058606,43.642125,564.964820
-49.139562,68.913620,561.970834
-40.740814,88.747806,556.774402
-29.739836,103.603481,550.412734
-17.383653,115.384863,544.168289
-4.393960,125.652874,539.223832
12.009994,143.127915,535.982323
24.731097,154.147255,535.844562
36.453916,167.568961,537.322296
46.162352,-174.743222,539.525466
52.159296,-151.308215,541.553228
52.575775,-124.380106,542.796272
47.251644,-100.216766,543.124419
37.949346,-81.809770,542.904995
26.453283,-67.939576,542.849265
13.857470,-56.699641,543.735502
0.799994,-46.645494,546.098051
-12.270659,-36.664870,549.988372
-24.919141,-25.669990,554.894363
-36.554358,-12.290260,559.849881
-46.181995,5.307452,563.698881
-52.143164,28.574712,565.427568
-52.604240,55.324996,564.461894
-47.379496,79.424292,560.844856
-38.173832,97.854612,555.244777
-26.743167,111.767161,548.790012
-14.174506,123.043432,542.771209
-1.106066,133.125052,538.293219
15.246590,150.740663,535.757565
27.785589,162.212703,536.093960
39.123359,176.510558,537.842657
48.090685,-164.433363,540.079608
52.837295,-139.682483,541.951613
51.732557,-112.858610,542.957617
45.217921,-90.083862,543.097176
35.227317,-72.996921,542.844016
23.377182,-59.947852,542.955211
10.617186,-49.121726,544.176190
-2.482495,-39.183973,546.937954
-15.491278,-29.057619,551.151231
-27.952504,-17.612512,556.172996
-39.201787,-3.365100,560.960472
-48.095321,15.582677,564.361671
-52.824415,40.150929,565.448314
-51.783185,66.818097,563.790088
-45.371885,89.558191,559.592603
-35.471559,106.677888,553.660906
-23.677506,119.768837,547.195480
-10.934967,130.628965,541.472868
2.184761,140.592408,537.501212
18.451479,158.434321,535.665455
30.767352,170.451912,536.432921
41.648615,-174.248196,538.393155
49.755644,-153.741780,540.609132
53.136833,-127.907417,542.293311
50.543154,-101.622823,543.062383
42.969996,-80.321750,543.043933
32.392571,-64.435284,542.805860
20.245981,-52.092365,543.132119
7.356303,-41.598073,544.715835
-5.759419,-31.710923,547.871409
-18.678619,-21.369729,552.366665
-30.912417,-9.382649,557.437547
-41.705847,5.856101,561.983289
-49.748820,26.234238,564.877277
-53.132728,51.878002,565.294283
-50.618444,78.034228,562.956540
-43.149059,99.325337,558.229952
-32.654362,115.250303,552.043288
-20.554309,127.633717,545.648740
-7.672469,138.159698,540.286670
5.472104,148.071040,536.851643
21.616148,166.229167,535.697816
33.662251,178.893659,536.847314
44.004463,-164.675299,538.958859
51.122760,-142.685534,541.103344
53.048705,-116.099715,542.575201
49.038205,-90.731947,543.115676
40.538132,-70.907071,542.975853
29.462808,-56.092835,542.803431
17.069759,-44.350014,543.389549
4.081718,-34.111493,545.356514
-9.024359,-24.210128,548.891314
-21.824341,-13.581123,553.619798
-33.785042,-0.952064,558.669413
-44.041882,15.404651,562.901344
-51.108794,37.245656,565.235299
-53.058606,63.642125,564.964820
-49.139562,88.913620,561.970834
-40.740814,108.747806,556.774402
-29.739836,123.603481,550.412734
-17.383653,135.384863,544.168289
-4.393960,145.652874,539.223832
8.749439,155.577263,536.345773
24.731097,174.147255,535.844562
36.453916,-172.431039,537.322296
46.162352,-154.743222,539.525466
52.159296,-131.308215,541.553228
52.575775,-104.380106,542.796272
47.251644,-80.216766,543.124419
37.949346,-61.809770,542.904995
26.453283,-47.939576,542.849265
13.857470,-36.699641,543.735502
0.799994,-26.645494,546.098051
-12.270659,-16.664870,549.988372
-24.919141,-5.669990,554.894363
-36.554358,7.709740,559.849881
-46.181995,25.307452,563.698881
-52.143164,48.574712,565.427568
-52.604240,75.324996,564.461894
-47.379496,99.424292,560.844856
-38.173832,117.854612,555.244777
-26.743167,131.767161,548.790012
-14.174506,143.043432,542.771209
-1.106066,153.125052,538.293219
12.009994,163.127915,535.982323
27.785589,-177.787297,536.093960
39.123359,-163.489442,537.842657
48.090685,-144.433363,540.079608
52.837295,-119.682483,541.951613
51.732557,-92.858610,542.957617
45.217921,-70.083862,543.097176
35.227317,-52.996921,542.844016
23.377182,-39.947852,542.955211
10.617186,-29.121726,544.176190
-2.482495,-19.183973,546.937954
-15.491278,-9.057619,551.151231
-27.952504,2.387488,556.172996
-39.201787,16.634900,560.960472
-48.095321,35.582677,564.361671
-52.824415,60.150929,565.448314
-51.783185,86.818097,563.790088
-45.371885,109.558191,559.592603
-35.471559,126.677888,553.660906
-23.677506,139.768837,547.195480
-10.934967,150.628965,541.472868
2.184761,160.592408,537.501212
15.246590,170.740663,535.757565
30.767352,-169.548088,536.432921
41.648615,-154.248196,538.393155
49.755644,-133.741780,540.609132
53.136833,-107.907417,542.293311
50.543154,-81.622823,543.062383
42.969996,-60.321750,543.043933
32.392571,-44.435284,542.805860
20.245981,-32.092365,543.132119
7.356303,-21.598073,544.715835
-5.759419,-11.710923,547.871409
-18.678619,-1.369729,552.366665
-30.912417,10.617351,557.437547
-41.705847,25.856101,561.983289
-49.748820,46.234238,564.877277
-53.132728,71.878002,565.294283
-50.618444,98.034228,562.956540
-43.149059,119.325337,558.229952
-32.654362,135.250303,552.043288
-20.554309,147.633717,545.648740
-7.672469,158.159698,540.286670
5.472104,168.071040,536.851643
18.451479,178.434321,535.665455
33.662251,-161.106341,536.847314
44.004463,-144.675299,538.958859
51.122760,-122.685534,541.103344
53.048705,-96.099715,542.575201
49.038205,-70.731947,543.115676
40.538132,-50.907071,542.975853
29.462808,-36.092835,542.803431
17.069759,-24.350014,543.389549
4.081718,-14.111493,545.356514
-9.024359,-4.210128,548.891314
-21.824341,6.418877,553.619798
-33.785042,19.047936,558.669413
-44.041882,35.404651,562.901344
-51.108794,57.245656,565.235299
-53.058606,83.642125,564.964820
-49.139562,108.913620,561.970834
-40.740814,128.747806,556.774402
-29.739836,143.603481,550.412734
-17.383653,155.384863,544.168289
-4.393960,165.652874,539.223832
8.749439,175.577263,536.345773
21.616148,-173.770833,535.697816
36.453916,-152.431039,537.322296
46.162352,-134.743222,539.525466
52.159296,-111.308215,541.553228
52.575775,-84.380106,542.796272
47.251644,-60.216766,543.124419
37.949346,-41.809770,542.904995
26.453283,-27.939576,542.849265
13.857470,-16.699641,543.735502
0.799994,-6.645494,546.098051
-12.270659,3.335130,549.988372
-24.919141,14.330010,554.894363
-36.554358,27.709740,559.849881
-46.181995,45.307452,563.698881
-52.143164,68.574712,565.427568
-52.604240,95.324996,564.461894
-47.379496,119.424292,560.844856
-38.173832,137.854612,555.244777
-26.743167,151.767161,548.790012
-14.174506,163.043432,542.771209
-1.106066,173.125052,538.293219
12.009994,-176.872085,535.982323
24.731097,-165.852745,535.844562
39.123359,-143.489442,537.842657
48.090685,-124.433363,540.079608
52.837295,-99.682483,541.951613
51.732557,-72.858610,542.957617
45.217921,-50.083862,543.097176
35.227317,-32.996921,542.844016
23.377182,-19.947852,542.955211
10.617186,-9.121726,544.176190
-2.482495,0.816027,546.937954
-15.491278,10.942381,551.151231
-27.952504,22.387488,556.172996
-39.201787,36.634900,560.960472
-48.095321,55.582677,564.361671
-52.824415,80.150929,565.448314
-51.783185,106.818097,563.790088
-45.371885,129.558191,559.592603
-35.471559,146.677888,553.660906
-23.677506,159.768837,547.195480
-10.934967,170.628965,541.472868
2.184761,-179.407592,537.501212
15.246590,-169.259337,535.757565
27.785589,-157.787297,536.093960
41.648615,-134.248196,538.393155
49.755644,-113.741780,540.609132
53.136833,-87.907417,542.293311
50.543154,-61.622823,543.062383
42.969996,-40.321750,543.043933
32.392571,-24.435284,542.805860
20.245981,-12.092365,543.132119
7.356303,-1.598073,544.715835
-5.759419,8.289077,547.871409
-18.678619,18.630271,552.366665
-30.912417,30.617351,557.437547
-41.705847,45.856101,561.983289
-49.748820,66.234238,564.877277
-53.132728,91.878002,565.294283
-50.618444,118.034228,562.956540
-43.149059,139.325337,558.229952
-32.654362,155.250303,552.043288
-20.554309,167.633717,545.648740
-7.672469,178.159698,540.286670
5.472104,-171.928960,536.851643
18.451479,-161.565679,535.665455
30.767352,-149.548088,536.432921
