39.600043,-29.461839,542.949276
28.361110,-15.010593,542.813972
15.888468,-3.464156,543.506402
2.871549,6.698246,545.618330
-10.224484,16.621229,549.287542
-22.972500,27.375813,554.088362
-34.819623,40.268689,559.111858
-44.855777,57.069371,563.210399
-51.529879,79.445134,565.325926
-52.934762,106.021546,564.799357
-48.521193,130.888845,561.571164
-39.810994,150.196393,556.217794
-28.643160,164.689614,549.812191
-16.203804,176.273813,543.642428
-3.181774,-173.535064,538.864818
9.954611,-163.589394,536.195325
22.771609,-152.811431,535.739267
34.705086,-139.880914,537.016302
44.825189,-123.000386,539.168498
51.545252,-100.468557,541.274849
52.918497,-73.705845,542.663756
48.410065,-48.754325,543.123580
36.959519,-20.473368,542.880565
25.325587,-6.920018,542.880650
12.664952,4.157292,543.886685
-0.411194,14.160730,546.396574
-13.462155,24.187264,550.410306
-26.045932,35.338047,555.366505
-37.546283,49.023846,560.268683
-46.915959,67.108075,563.959800
-52.436841,90.875058,565.455465
-52.342986,117.646111,564.233464
-46.665924,141.260363,560.396871
-37.191541,159.194789,554.665807
-25.619607,172.790451,548.197531
-12.982542,-176.096760,542.280081
0.107948,-166.066537,537.984726
13.207189,-156.017945,535.883594
25.865579,-144.841906,535.925320
37.454023,-131.111249,537.509797
46.902214,-112.930463,539.731997
52.452416,-88.989614,541.706460
52.306708,-62.047504,542.862550
46.528358,-38.380503,543.117966
34.193677,-11.757022,542.826493
22.227905,1.018624,543.011575
9.416239,11.713131,544.363501
-3.692368,21.624636,547.271677
-16.671418,31.822024,551.594199
-29.053686,43.455966,556.642094
-40.143487,58.054435,561.348943
-48.737354,77.522629,564.569644
-52.982317,102.519307,565.411982
-51.392048,129.045798,563.501031
-44.575270,151.257032,559.101954
-34.444656,167.921747,553.067077
-22.531466,-179.261154,546.618400
-9.733697,-168.533507,541.021660
3.398240,-158.596900,537.244952
16.433026,-148.377610,535.708586
28.894761,-136.715555,536.209338
40.073000,-122.062973,538.043034
48.737399,-102.479263,540.278392
52.992596,-77.296070,542.084422
51.332555,-50.622656,543.002545
44.411902,-28.386482,543.079898
31.321956,-3.279877,542.800027
19.078987,8.829794,543.217154
6.149519,19.221151,544.940298
-6.965628,29.106014,548.237975
-19.844422,39.544646,552.825358
-31.983117,51.756458,557.896773
-42.588604,67.392909,562.335037
-50.286463,88.310133,565.028219
-53.150044,114.273848,565.193176
-50.107731,140.143139,562.610113
-42.280732,160.893988,557.702920
-31.589641,176.409689,551.442259
-19.389652,-171.440809,545.094028
-6.464504,-161.018593,539.879783
6.682660,-151.110010,536.648379
19.624116,-140.649071,535.663447
31.846235,-128.405103,536.577809
42.538874,-112.702946,538.600846
50.296462,-91.649858,540.796042
53.149563,-65.494840,542.404302
50.022934,-39.508781,543.087623
42.092763,-18.755715,543.019826
28.361110,4.989407,542.813972
15.888468,16.535844,543.506402
2.871549,26.698246,545.618330
-10.224484,36.621229,549.287542
-22.972500,47.375813,554.088362
-34.819623,60.268689,559.111858
-44.855777,77.069371,563.210399
-51.529879,99.445134,565.325926
-52.934762,126.021546,564.799357
-48.521193,150.888845,561.571164
-39.810994,170.196393,556.217794
-28.643160,-175.310386,549.812191
-16.203804,-163.726187,543.642428
-3.181774,-153.535064,538.864818
9.954611,-143.589394,536.195325
22.771609,-132.811431,535.739267
34.705086,-119.880914,537.016302
44.825189,-103.000386,539.168498
51.545252,-80.468557,541.274849
52.918497,-53.705845,542.663756
48.410065,-28.754325,543.123580
39.600043,-9.461839,542.949276
25.325587,13.079982,542.880650
12.664952,24.157292,543.886685
-0.411194,34.160730,546.396574
-13.462155,44.187264,550.410306
-26.045932,55.338047,555.366505
-37.546283,69.023846,560.268683
-46.915959,87.108075,563.959800
-52.436841,110.875058,565.455465
-52.342986,137.646111,564.233464
-46.665924,161.260363,560.396871
-37.191541,179.194789,554.665807
-25.619607,-167.209549,548.197531
-12.982542,-156.096760,542.280081
0.107948,-146.066537,537.984726
13.207189,-136.017945,535.883594
25.865579,-124.841906,535.925320
37.454023,-111.111249,537.509797
46.902214,-92.930463,539.731997
52.452416,-68.989614,541.706460
52.306708,-42.047504,542.862550
46.528358,-18.380503,543.117966
36.959519,-0.473368,542.880565
22.227905,21.018624,543.011575
9.416239,31.713131,544.363501
-3.692368,41.624636,547.271677
-16.671418,51.822024,551.594199
-29.053686,63.455966,556.642094
-40.143487,78.054435,561.348943
-48.737354,97.522629,564.569644
-52.982317,122.519307,565.411982
-51.392048,149.045798,563.501031
-44.575270,171.257032,559.101954
-34.444656,-172.078253,553.067077
-22.531466,-159.261154,546.618400
-9.733697,-148.533507,541.021660
3.398240,-138.596900,537.244952
16.433026,-128.377610,535.708586
28.894761,-116.715555,536.209338
40.073000,-102.062973,538.043034
48.737399,-82.479263,540.278392
52.992596,-57.296070,542.084422
51.332555,-30.622656,543.002545
44.411902,-8.386482,543.079898
34.193677,8.242978,542.826493
19.078987,28.829794,543.217154
6.149519,39.221151,544.940298
-6.965628,49.106014,548.237975
-19.844422,59.544646,552.825358
-31.983117,71.756458,557.896773
-42.588604,87.392909,562.335037
-50.286463,108.310133,565.028219
-53.150044,134.273848,565.193176
-50.107731,160.143139,562.610113
-42.280732,-179.106012,557.702920
-31.589641,-163.590311,551.442259
-19.389652,-151.440809,545.094028
-6.464504,-141.018593,539.879783
6.682660,-131.110010,536.648379
19.624116,-120.649071,535.663447
31.846235,-108.405103,536.577809
42.538874,-92.702946,538.600846
50.296462,-71.649858,540.796042
53.149563,-45.494840,542.404302
50.022934,-19.508781,543.087623
42.092763,1.244285,543.019826
31.321956,16.720123,542.800027
15.888468,36.535844,543.506402
2.871549,46.698246,545.618330
-10.224484,56.621229,549.287542
-22.972500,67.375813,554.088362
-34.819623,80.268689,559.111858
-44.855777,97.069371,563.210399
-51.529879,119.445134,565.325926
-52.934762,146.021546,564.799357
-48.521193,170.888845,561.571164
-39.810994,-169.803607,556.217794
-28.643160,-155.310386,549.812191
-16.203804,-143.726187,543.642428
-3.181774,-133.535064,538.864818
9.954611,-123.589394,536.195325
22.771609,-112.811431,535.739267
34.705086,-99.880914,537.016302
44.825189,-83.000386,539.168498
51.545252,-60.468557,541.274849
52.918497,-33.705845,542.663756
48.410065,-8.754325,543.123580
39.600043,10.538161,542.949276
28.361110,24.989407,542.813972
12.664952,44.157292,543.886685
-0.411194,54.160730,546.396574
-13.462155,64.187264,550.410306
-26.045932,75.338047,555.366505
-37.546283,89.023846,560.268683
-46.915959,107.108075,563.959800
-52.436841,130.875058,565.455465
-52.342986,157.646111,564.233464
-46.665924,-178.739637,560.396871
-37.191541,-160.805211,554.665807
-25.619607,-147.209549,548.197531
-12.982542,-136.096760,542.280081
0.107948,-126.066537,537.984726
13.207189,-116.017945,535.883594
25.865579,-104.841906,535.925320
37.454023,-91.111249,537.509797
46.902214,-72.930463,539.731997
52.452416,-48.989614,541.706460
52.306708,-22.047504,542.862550
46.528358,1.619497,543.117966
36.959519,19.526632,542.880565
25.325587,33.079982,542.880650
9.416239,51.713131,544.363501
-3.692368,61.624636,547.271677
-16.671418,71.822024,551.594199
-29.053686,83.455966,556.642094
-40.143487,98.054435,561.348943
-48.737354,117.522629,564.569644
-52.982317,142.519307,565.411982
-51.392048,169.045798,563.501031
-44.575270,-168.742968,559.101954
-34.444656,-152.078253,553.067077
-22.531466,-139.261154,546.618400
-9.733697,-128.533507,541.021660
3.398240,-118.596900,537.244952
16.433026,-108.377610,535.708586
28.894761,-96.715555,536.209338
40.073000,-82.062973,538.043034
48.737399,-62.479263,540.278392
52.992596,-37.296070,542.084422
51.332555,-10.622656,543.002545
44.411902,11.613518,543.079898
34.193677,28.242978,542.826493
22.227905,41.018624,543.011575
6.149519,59.221151,544.940298
-6.965628,69.106014,548.237975
-19.844422,79.544646,552.825358
-31.983117,91.756458,557.896773
-42.588604,107.392909,562.335037
-50.286463,128.310133,565.028219
-53.150044,154.273848,565.193176
-50.107731,-179.856861,562.610113
-42.280732,-159.106012,557.702920
-31.589641,-143.590311,551.442259
-19.389652,-131.440809,545.094028
-6.464504,-121.018593,539.879783
6.682660,-111.110010,536.648379
19.624116,-100.649071,535.663447
31.846235,-88.405103,536.577809
42.538874,-72.702946,538.600846
50.296462,-51.649858,540.796042
53.149563,-25.494840,542.404302
50.022934,0.491219,543.087623
42.092763,21.244285,543.019826
31.321956,36.720123,542.800027
19.078987,48.829794,543.217154
2.871549,66.698246,545.618330
-10.224484,76.621229,549.287542
-22.972500,87.375813,554.088362
-34.819623,100.268689,559.111858
-44.855777,117.069371,563.210399
-51.529879,139.445134,565.325926
-52.934762,166.021546,564.799357
-48.521193,-169.111155,561.571164
-39.810994,-149.803607,556.217794
-28.643160,-135.310386,549.812191
-16.203804,-123.726187,543.642428
-3.181774,-113.535064,538.864818
9.954611,-103.589394,536.195325
22.771609,-92.811431,535.739267
34.705086,-79.880914,537.016302
44.825189,-63.000386,539.168498
51.545252,-40.468557,541.274849
52.918497,-13.705845,542.663756
48.410065,11.245675,543.123580
39.600043,30.538161,542.949276
28.361110,44.989407,542.813972
15.888468,56.535844,543.506402
-0.411194,74.160730,546.396574
-13.462155,84.187264,550.410306
-26.045932,95.338047,555.366505
-37.546283,109.023846,560.268683
-46.915959,127.108075,563.959800
-52.436841,150.875058,565.455465
-52.342986,177.646111,564.233464
-46.665924,-158.739637,560.396871
-37.191541,-140.805211,554.665807
-25.619607,-127.209549,548.197531
-12.982542,-116.096760,542.280081
0.107948,-106.066537,537.984726
13.207189,-96.017945,535.883594
25.865579,-84.841906,535.925320
37.454023,-71.111249,537.509797
46.902214,-52.930463,539.731997
52.452416,-28.989614,541.706460
52.306708,-2.047504,542.862550
46.528358,21.619497,543.117966
36.959519,39.526632,542.880565
25.325587,53.079982,542.880650
12.664952,64.157292,543.886685
-3.692368,81.624636,547.271677
-16.671418,91.822024,551.594199
-29.053686,103.455966,556.642094
-40.143487,118.054435,561.348943
-48.737354,137.522629,564.569644
-52.982317,162.519307,565.411982
-51.392048,-170.954202,563.501031
-44.575270,-148.742968,559.101954
-34.444656,-132.078253,553.067077
-22.531466,-119.261154,546.618400
-9.733697,-108.533507,541.021660
3.398240,-98.596900,537.244952
16.433026,-88.377610,535.708586
28.894761,-76.715555,536.209338
40.073000,-62.062973,538.043034
48.737399,-42.479263,540.278392
52.992596,-17.296070,542.084422
51.332555,9.377344,543.002545
44.411902,31.613518,543.079898
34.193677,48.242978,542.826493
22.227905,61.018624,543.011575
9.416239,71.713131,544.363501
-6.965628,89.106014,548.237975
-19.844422,99.544646,552.825358
-31.983117,111.756458,557.896773
-42.588604,127.392909,562.335037
-50.286463,148.310133,565.028219
-53.150044,174.273848,565.193176
-50.107731,-159.856861,562.610113
-42.280732,-139.106012,557.702920
-31.589641,-123.590311,551.442259
-19.389652,-111.440809,545.094028
-6.464504,-101.018593,539.879783
6.682660,-91.110010,536.648379
19.624116,-80.649071,535.663447
31.846235,-68.405103,536.577809
42.538874,-52.702946,538.600846
50.296462,-31.649858,540.796042
53.149563,-5.494840,542.404302
50.022934,20.491219,543.087623
42.092763,41.244285,543.019826
31.321956,56.720123,542.800027
19.078987,68.829794,543.217154
6.149519,79.221151,544.940298
-10.224484,96.621229,549.287542
-22.972500,107.375813,554.088362
-34.819623,120.268689,559.111858
-44.855777,137.069371,563.210399
-51.529879,159.445134,565.325926
-52.934762,-173.978454,564.799357
-48.521193,-149.111155,561.571164
-39.810994,-129.803607,556.217794
-28.643160,-115.310386,549.812191
-16.203804,-103.726187,543.642428
-3.181774,-93.535064,538.864818
9.954611,-83.589394,536.195325
22.771609,-72.811431,535.739267
34.705086,-59.880914,537.016302
44.825189,-43.000386,539.168498
51.545252,-20.468557,541.274849
52.918497,6.294155,542.663756
48.410065,31.245675,543.123580
39.600043,50.538161,542.949276
28.361110,64.989407,542.813972
15.888468,76.535844,543.506402
2.871549,86.698246,545.618330
-13.462155,104.187264,550.410306
-26.045932,115.338047,555.366505
-37.546283,129.023846,560.268683
-46.915959,147.108075,563.959800
-52.436841,170.875058,565.455465
-52.342986,-162.353889,564.233464
-46.665924,-138.739637,560.396871
-37.191541,-120.805211,554.665807
-25.619607,-107.209549,548.197531
-12.982542,-96.096760,542.280081
0.107948,-86.066537,537.984726
13.207189,-76.017945,535.883594
25.865579,-64.841906,535.925320
37.454023,-51.111249,537.509797
46.902214,-32.930463,539.731997
52.452416,-8.989614,541.706460
52.306708,17.952496,542.862550
46.528358,41.619497,543.117966
36.959519,59.526632,542.880565
25.325587,73.079982,542.880650
12.664952,84.157292,543.886685
-0.411194,94.160730,546.396574
-16.671418,111.822024,551.594199
-29.053686,123.455966,556.642094
-40.143487,138.054435,561.348943
-48.737354,157.522629,564.569644
-52.982317,-177.480693,565.411982
-51.392048,-150.954202,563.501031
-44.575270,-128.742968,559.101954
-34.444656,-112.078253,553.067077
-22.531466,-99.261154,546.618400
-9.733697,-88.533507,541.021660
3.398240,-78.596900,537.244952
16.433026,-68.377610,535.708586
28.894761,-56.715555,536.209338
40.073000,-42.062973,538.043034
48.737399,-22.479263,540.278392
52.992596,2.703930,542.084422
51.332555,29.377344,543.002545
44.411902,51.613518,543.079898
34.193677,68.242978,542.826493
22.227905,81.018624,543.011575
9.416239,91.713131,544.363501
-3.692368,101.624636,547.271677
-19.844422,119.544646,552.825358
-31.983117,131.756458,557.896773
-42.588604,147.392909,562.335037
-50.286463,168.310133,565.028219
-53.150044,-165.726152,565.193176
-50.107731,-139.856861,562.610113
-42.280732,-119.106012,557.702920
-31.589641,-103.590311,551.442259
-19.389652,-91.440809,545.094028
-6.464504,-81.018593,539.879783
6.682660,-71.110010,536.648379
19.624116,-60.649071,535.663447
31.846235,-48.405103,536.577809
42.538874,-32.702946,538.600846
50.296462,-11.649858,540.796042
53.149563,14.505160,542.404302
50.022934,40.491219,543.087623
42.092763,61.244285,543.019826
31.321956,76.720123,542.800027
19.078987,88.829794,543.217154
6.149519,99.221151,544.940298
-6.965628,109.106014,548.237975
-22.972500,127.375813,554.088362
-34.819623,140.268689,559.111858
-44.855777,157.069371,563.210399
-51.529879,179.445134,565.325926
-52.934762,-153.978454,564.799357
-48.521193,-129.111155,561.571164
-39.810994,-109.803607,556.217794
-28.643160,-95.310386,549.812191
-16.203804,-83.726187,543.642428
-3.181774,-73.535064,538.864818
9.954611,-63.589394,536.195325
22.771609,-52.811431,535.739267
34.705086,-39.880914,537.016302
44.825189,-23.000386,539.168498
51.545252,-0.468557,541.274849
52.918497,26.294155,542.663756
48.410065,51.245675,543.123580
39.600043,70.538161,542.949276
28.361110,84.989407,542.813972
15.888468,96.535844,543.506402
2.871549,106.698246,545.618330
-10.224484,116.621229,549.287542
-26.045932,135.338047,555.366505
-37.546283,149.023846,560.268683
-46.915959,167.108075,563.959800
-52.436841,-169.124942,565.455465
-52.342986,-142.353889,564.233464
-46.665924,-118.739637,560.396871
-37.191541,-100.805211,554.665807
-25.619607,-87.209549,548.197531
-12.982542,-76.096760,542.280081
0.107948,-66.066537,537.984726
13.207189,-56.017945,535.883594
25.865579,-44.841906,535.925320
37.454023,-31.111249,537.509797
46.902214,-12.930463,539.731997
52.452416,11.010386,541.706460
52.306708,37.952496,542.862550
46.528358,61.619497,543.117966
36.959519,79.526632,542.880565
25.325587,93.079982,542.880650
12.664952,104.157292,543.886685
-0.411194,114.160730,546.396574
-13.462155,124.187264,550.410306
-29.053686,143.455966,556.642094
-40.143487,158.054435,561.348943
-48.737354,177.522629,564.569644
-52.982317,-157.480693,565.411982
-51.392048,-130.954202,563.501031
-44.575270,-108.742968,559.101954
-34.444656,-92.078253,553.067077
-22.531466,-79.261154,546.618400
-9.733697,-68.533507,541.021660
3.398240,-58.596900,537.244952
16.433026,-48.377610,535.708586
28.894761,-36.715555,536.209338
40.073000,-22.062973,538.043034
48.737399,-2.479263,540.278392
52.992596,22.703930,542.084422
51.332555,49.377344,543.002545
44.411902,71.613518,543.079898
34.193677,88.242978,542.826493
22.227905,101.018624,543.011575
9.416239,111.713131,544.363501
-3.692368,121.624636,547.271677
-16.671418,131.822024,551.594199
-31.983117,151.756458,557.896773
-42.588604,167.392909,562.335037
-50.286463,-171.689867,565.028219
-53.150044,-145.726152,565.193176
-50.107731,-119.856861,562.610113
-42.280732,-99.106012,557.702920
-31.589641,-83.590311,551.442259
-19.389652,-71.440809,545.094028
-6.464504,-61.018593,539.879783
6.682660,-51.110010,536.648379
19.624116,-40.649071,535.663447
31.846235,-28.405103,536.577809
42.538874,-12.702946,538.600846
50.296462,8.350142,540.796042
53.149563,34.505160,542.404302
50.022934,60.491219,543.087623
42.092763,81.244285,543.019826
31.321956,96.720123,542.800027
19.078987,108.829794,543.217154
6.149519,119.221151,544.940298
-6.965628,129.106014,548.237975
-19.844422,139.544646,552.825358
-34.819623,160.268689,559.111858
-44.855777,177.069371,563.210399
-51.529879,-160.554866,565.325926
-52.934762,-133.978454,564.799357
-48.521193,-109.111155,561.571164
-39.810994,-89.803607,556.217794
-28.643160,-75.310386,549.812191
-16.203804,-63.726187,543.642428
-3.181774,-53.535064,538.864818
9.954611,-43.589394,536.195325
22.771609,-32.811431,535.739267
34.705086,-19.880914,537.016302
44.825189,-3.000386,539.168498
51.545252,19.531443,541.274849
52.918497,46.294155,542.663756
48.410065,71.245675,543.123580
39.600043,90.538161,542.949276
28.361110,104.989407,542.813972
15.888468,116.535844,543.506402
2.871549,126.698246,545.618330
-10.224484,136.621229,549.287542
-22.972500,147.375813,554.088362
-37.546283,169.023846,560.268683
-46.915959,-172.891925,563.959800
-52.436841,-149.124942,565.455465
-52.342986,-122.353889,564.233464
-46.665924,-98.739637,560.396871
-37.191541,-80.805211,554.665807
-25.619607,-67.209549,548.197531
-12.982542,-56.096760,542.280081
0.107948,-46.066537,537.984726
13.207189,-36.017945,535.883594
25.865579,-24.841906,535.925320
37.454023,-11.111249,537.509797
46.902214,7.069537,539.731997
52.452416,31.010386,541.706460
52.306708,57.952496,542.862550
46.528358,81.619497,543.117966
36.959519,99.526632,542.880565
25.325587,113.079982,542.880650
12.664952,124.157292,543.886685
-0.411194,134.160730,546.396574
-13.462155,144.187264,550.410306
-26.045932,155.338047,555.366505
-40.143487,178.054435,561.348943
-48.737354,-162.477371,564.569644
-52.982317,-137.480693,565.411982
-51.392048,-110.954202,563.501031
-44.575270,-88.742968,559.101954
-34.444656,-72.078253,553.067077
-22.531466,-59.261154,546.618400
-9.733697,-48.533507,541.021660
3.398240,-38.596900,537.244952
16.433026,-28.377610,535.708586
28.894761,-16.715555,536.209338
40.073000,-2.062973,538.043034
48.737399,17.520737,540.278392
52.992596,42.703930,542.084422
51.332555,69.377344,543.002545
44.411902,91.613518,543.079898
34.193677,108.242978,542.826493
22.227905,121.018624,543.011575
9.416239,131.713131,544.363501
-3.692368,141.624636,547.271677
-16.671418,151.822024,551.594199
-29.053686,163.455966,556.642094
-42.588604,-172.607091,562.335037
-50.286463,-151.689867,565.028219
-53.150044,-125.726152,565.193176
-50.107731,-99.856861,562.610113
-42.280732,-79.106012,557.702920
-31.589641,-63.590311,551.442259
-19.389652,-51.440809,545.094028
-6.464504,-41.018593,539.879783
6.682660,-31.110010,536.648379
19.624116,-20.649071,535.663447
31.846235,-8.405103,536.577809
42.538874,7.297054,538.600846
50.296462,28.350142,540.796042
53.149563,54.505160,542.404302
50.022934,80.491219,543.087623
42.092763,101.244285,543.019826
31.321956,116.720123,542.800027
19.078987,128.829794,543.217154
6.149519,139.221151,544.940298
-6.965628,149.106014,548.237975
-19.844422,159.544646,552.825358
-31.983117,171.756458,557.896773
-44.855777,-162.930629,563.210399
-51.529879,-140.554866,565.325926
-52.934762,-113.978454,564.799357
-48.521193,-89.111155,561.571164
-39.810994,-69.803607,556.217794
-28.643160,-55.310386,549.812191
-16.203804,-43.726187,543.642428
-3.181774,-33.535064,538.864818
9.954611,-23.589394,536.195325
22.771609,-12.811431,535.739267
34.705086,0.119086,537.016302
44.825189,16.999614,539.168498
51.545252,39.531443,541.274849
52.918497,66.294155,542.663756
48.410065,91.245675,543.123580
39.600043,110.538161,542.949276
28.361110,124.989407,542.813972
15.888468,136.535844,543.506402
2.871549,146.698246,545.618330
-10.224484,156.621229,549.287542
-22.972500,167.375813,554.088362
-34.819623,-179.731311,559.111858
-46.915959,-152.891925,563.959800
-52.436841,-129.124942,565.455465
-52.342986,-102.353889,564.233464
-46.665924,-78.739637,560.396871
-37.191541,-60.805211,554.665807
-25.619607,-47.209549,548.197531
-12.982542,-36.096760,542.280081
0.107948,-26.066537,537.984726
13.207189,-16.017945,535.883594
25.865579,-4.841906,535.925320
37.454023,8.888751,537.509797
46.902214,27.069537,539.731997
52.452416,51.010386,541.706460
52.306708,77.952496,542.862550
46.528358,101.619497,543.117966
36.959519,119.526632,542.880565
25.325587,133.079982,542.880650
12.664952,144.157292,543.886685
-0.411194,154.160730,546.396574
-13.462155,164.187264,550.410306
-26.045932,175.338047,555.366505
-37.546283,-170.976154,560.268683
-48.737354,-142.477371,564.569644
-52.982317,-117.480693,565.411982
-51.392048,-90.954202,563.501031
-44.575270,-68.742968,559.101954
-34.444656,-52.078253,553.067077
-22.531466,-39.261154,546.618400
-9.733697,-28.533507,541.021660
3.398240,-18.596900,537.244952
16.433026,-8.377610,535.708586
28.894761,3.284445,536.209338
40.073000,17.937027,538.043034
48.737399,37.520737,540.278392
52.992596,62.703930,542.084422
51.332555,89.377344,543.002545
44.411902,111.613518,543.079898
34.193677,128.242978,542.826493
22.227905,141.018624,543.011575
9.416239,151.713131,544.363501
-3.692368,161.624636,547.271677
-16.671418,171.822024,551.594199
-29.053686,-176.544034,556.642094
-40.143487,-161.945565,561.348943
-50.286463,-131.689867,565.028219
-53.150044,-105.726152,565.193176
-50.107731,-79.856861,562.610113
-42.280732,-59.106012,557.702920
-31.589641,-43.590311,551.442259
-19.389652,-31.440809,545.094028
-6.464504,-21.018593,539.879783
6.682660,-11.110010,536.648379
19.624116,-0.649071,535.663447
31.846235,11.594897,536.577809
42.538874,27.297054,538.600846
50.296462,48.350142,540.796042
53.149563,74.505160,542.404302
50.022934,100.491219,543.087623
42.092763,121.244285,543.019826
31.321956,136.720123,542.800027
19.078987,148.829794,543.217154
6.149519,159.221151,544.940298
-6.965628,169.106014,548.237975
-19.844422,179.544646,552.825358
-31.983117,-168.243542,557.896773
-42.588604,-152.607091,562.335037
-51.529879,-120.554866,565.325926
-52.934762,-93.978454,564.799357
-48.521193,-69.111155,561.571164
-39.810994,-49.803607,556.217794
-28.643160,-35.310386,549.812191
-16.203804,-23.726187,543.642428
-3.181774,-13.535064,538.864818
9.954611,-3.589394,536.195325
22.771609,7.188569,535.739267
34.705086,20.119086,537.016302
44.825189,36.999614,539.168498
51.545252,59.531443,541.274849
52.918497,86.294155,542.663756
48.410065,111.245675,543.123580
39.600043,130.538161,542.949276
28.361110,144.989407,542.813972
15.888468,156.535844,543.506402
2.871549,166.698246,545.618330
-10.224484,176.621229,549.287542
-22.972500,-172.624187,554.088362
-34.819623,-159.731311,559.111858
-44.855777,-142.930629,563.210399
-52.436841,-109.124942,565.455465
-52.342986,-82.353889,564.233464
-46.665924,-58.739637,560.396871
-37.191541,-40.805211,554.665807
-25.619607,-27.209549,548.197531
-12.982542,-16.096760,542.280081
0.107948,-6.066537,537.984726
13.207189,3.982055,535.883594
25.865579,15.158094,535.925320
37.454023,28.888751,537.509797
46.902214,47.069537,539.731997
52.452416,71.010386,541.706460
52.306708,97.952496,542.862550
46.528358,121.619497,543.117966
36.959519,139.526632,542.880565
25.325587,153.079982,542.880650
12.664952,164.157292,543.886685
-0.411194,174.160730,546.396574
-13.462155,-175.812736,550.410306
-26.045932,-164.661953,555.366505
-37.546283,-150.976154,560.268683
-46.915959,-132.891925,563.959800
-52.982317,-97.480693,565.411982
-51.392048,-70.954202,563.501031
-44.575270,-48.742968,559.101954
-34.444656,-32.078253,553.067077
-22.531466,-19.261154,546.618400
-9.733697,-8.533507,541.021660
3.398240,1.403100,537.244952
16.433026,11.622390,535.708586
28.894761,23.284445,536.209338
40.073000,37.937027,538.043034
48.737399,57.520737,540.278392
52.992596,82.703930,542.084422
51.332555,109.377344,543.002545
44.411902,131.613518,543.079898
34.193677,148.242978,542.826493
22.227905,161.018624,543.011575
9.416239,171.713131,544.363501
-3.692368,-178.375364,547.271677
-16.671418,-168.177976,551.594199
-29.053686,-156.544034,556.642094
-40.143487,-141.945565,561.348943
-48.737354,-122.477371,564.569644
-53.150044,-85.726152,565.193176
-50.107731,-59.856861,562.610113
-42.280732,-39.106012,557.702920
-31.589641,-23.590311,551.442259
-19.389652,-11.440809,545.094028
-6.464504,-1.018593,539.879783
6.682660,8.889990,536.648379
19.624116,19.350929,535.663447
31.846235,31.594897,536.577809
42.538874,47.297054,538.600846
50.296462,68.350142,540.796042
53.149563,94.505160,542.404302
50.022934,120.491219,543.087623
42.092763,141.244285,543.019826
31.321956,156.720123,542.800027
19.078987,168.829794,543.217154
6.149519,179.221151,544.940298
-6.965628,-170.893986,548.237975
-19.844422,-160.455354,552.825358
-31.983117,-148.243542,557.896773
-42.588604,-132.607091,562.335037
-50.286463,-111.689867,565.028219
-52.934762,-73.978454,564.799357
-48.521193,-49.111155,561.571164
-39.810994,-29.803607,556.217794
-28.643160,-15.310386,549.812191
-16.203804,-3.726187,543.642428
-3.181774,6.464936,538.864818
9.954611,16.410606,536.195325
22.771609,27.188569,535.739267
34.705086,40.119086,537.016302
44.825189,56.999614,539.168498
51.545252,79.531443,541.274849
52.918497,106.294155,542.663756
48.410065,131.245675,543.123580
39.600043,150.538161,542.949276
28.361110,164.989407,542.813972
15.888468,176.535844,543.506402
2.871549,-173.301754,545.618330
-10.224484,-163.378771,549.287542
-22.972500,-152.624187,554.088362
-34.819623,-139.731311,559.111858
-44.855777,-122.930629,563.210399
-51.529879,-100.554866,565.325926
-52.342986,-62.353889,564.233464
-46.665924,-38.739637,560.396871
-37.191541,-20.805211,554.665807
-25.619607,-7.209549,548.197531
-12.982542,3.903240,542.280081
0.107948,13.933463,537.984726
13.207189,23.982055,535.883594
25.865579,35.158094,535.925320
37.454023,48.888751,537.509797
46.902214,67.069537,539.731997
52.452416,91.010386,541.706460
52.306708,117.952496,542.862550
46.528358,141.619497,543.117966
36.959519,159.526632,542.880565
25.325587,173.079982,542.880650
12.664952,-175.842708,543.886685
-0.411194,-165.839270,546.396574
-13.462155,-155.812736,550.410306
-26.045932,-144.661953,555.366505
-37.546283,-130.976154,560.268683
-46.915959,-112.891925,563.959800
-52.436841,-89.124942,565.455465
-51.392048,-50.954202,563.501031
-44.575270,-28.742968,559.101954
-34.444656,-12.078253,553.067077
-22.531466,0.738846,546.618400
-9.733697,11.466493,541.021660
3.398240,21.403100,537.244952
16.433026,31.622390,535.708586
28.894761,43.284445,536.209338
40.073000,57.937027,538.043034
48.737399,77.520737,540.278392
52.992596,102.703930,542.084422
51.332555,129.377344,543.002545
44.411902,151.613518,543.079898
34.193677,168.242978,542.826493
22.227905,-178.981376,543.011575
9.416239,-168.286869,544.363501
-3.692368,-158.375364,547.271677
-16.671418,-148.177976,551.594199
-29.053686,-136.544034,556.642094
-40.143487,-121.945565,561.348943
-48.737354,-102.477371,564.569644
-52.982317,-77.480693,565.411982
-50.107731,-39.856861,562.610113
-42.280732,-19.106012,557.702920
-31.589641,-3.590311,551.442259
-19.389652,8.559191,545.094028
-6.464504,18.981407,539.879783
6.682660,28.889990,536.648379
19.624116,39.350929,535.663447
31.846235,51.594897,536.577809
42.538874,67.297054,538.600846
50.296462,88.350142,540.796042
53.149563,114.505160,542.404302
50.022934,140.491219,543.087623
42.092763,161.244285,543.019826
31.321956,176.720123,542.800027
19.078987,-171.170206,543.217154
6.149519,-160.778849,544.940298
-6.965628,-150.893986,548.237975
-19.844422,-140.455354,552.825358
-31.983117,-128.243542,557.896773
-42.588604,-112.607091,562.335037
-50.286463,-91.689867,565.028219
-53.150044,-65.726152,565.193176
-48.521193,-29.111155,561.571164
-39.810994,-9.803607,556.217794
-28.643160,4.689614,549.812191
-16.203804,16.273813,543.642428
-3.181774,26.464936,538.864818
9.954611,36.410606,536.195325
22.771609,47.188569,535.739267
34.705086,60.119086,537.016302
44.825189,76.999614,539.168498
51.545252,99.531443,541.274849
52.918497,126.294155,542.663756
48.410065,151.245675,543.123580
39.600043,170.538161,542.949276
28.361110,-175.010593,542.813972
15.888468,-163.464156,543.506402
2.871549,-153.301754,545.618330
-10.224484,-143.378771,549.287542
-22.972500,-132.624187,554.088362
-34.819623,-119.731311,559.111858
-44.855777,-102.930629,563.210399
-51.529879,-80.554866,565.325926
-52.934762,-53.978454,564.799357
-46.665924,-18.739637,560.396871
-37.191541,-0.805211,554.665807
-25.619607,12.790451,548.197531
-12.982542,23.903240,542.280081
0.107948,33.933463,537.984726
13.207189,43.982055,535.883594
25.865579,55.158094,535.925320
37.454023,68.888751,537.509797
46.902214,87.069537,539.731997
52.452416,111.010386,541.706460
52.306708,137.952496,542.862550
46.528358,161.619497,543.117966
36.959519,179.526632,542.880565
25.325587,-166.920018,542.880650
12.664952,-155.842708,543.886685
-0.411194,-145.839270,546.396574
-13.462155,-135.812736,550.410306
-26.045932,-124.661953,555.366505
-37.546283,-110.976154,560.268683
-46.915959,-92.891925,563.959800
-52.436841,-69.124942,565.455465
-52.342986,-42.353889,564.233464
-44.575270,-8.742968,559.101954
-34.444656,7.921747,553.067077
-22.531466,20.738846,546.618400
-9.733697,31.466493,541.021660
3.398240,41.403100,537.244952
16.433026,51.622390,535.708586
28.894761,63.284445,536.209338
40.073000,77.937027,538.043034
48.737399,97.520737,540.278392
52.992596,122.703930,542.084422
51.332555,149.377344,543.002545
44.411902,171.613518,543.079898
34.193677,-171.757022,542.826493
22.227905,-158.981376,543.011575
9.416239,-148.286869,544.363501
-3.692368,-138.375364,547.271677
-16.671418,-128.177976,551.594199
-29.053686,-116.544034,556.642094
-40.143487,-101.945565,561.348943
-48.737354,-82.477371,564.569644
-52.982317,-57.480693,565.411982
-51.392048,-30.954202,563.501031
-42.280732,0.893988,557.702920
-31.589641,16.409689,551.442259
-19.389652,28.559191,545.094028
-6.464504,38.981407,539.879783
6.682660,48.889990,536.648379
19.624116,59.350929,535.663447
31.846235,71.594897,536.577809
42.538874,87.297054,538.600846
50.296462,108.350142,540.796042
53.149563,134.505160,542.404302
50.022934,160.491219,543.087623
42.092763,-178.755715,543.019826
31.321956,-163.279877,542.800027
19.078987,-151.170206,543.217154
6.149519,-140.778849,544.940298
-6.965628,-130.893986,548.237975
-19.844422,-120.455354,552.825358
-31.983117,-108.243542,557.896773
-42.588604,-92.607091,562.335037
-50.286463,-71.689867,565.028219
-53.150044,-45.726152,565.193176
-50.107731,-19.856861,562.610113
-39.810994,10.196393,556.217794
-28.643160,24.689614,549.812191
-16.203804,36.273813,543.642428
-3.181774,46.464936,538.864818
9.954611,56.410606,536.195325
22.771609,67.188569,535.739267
34.705086,80.119086,537.016302
44.825189,96.999614,539.168498
51.545252,119.531443,541.274849
52.918497,146.294155,542.663756
48.410065,171.245675,543.123580
39.600043,-169.461839,542.949276
28.361110,-155.010593,542.813972
15.888468,-143.464156,543.506402
2.871549,-133.301754,545.618330
-10.224484,-123.378771,549.287542
-22.972500,-112.624187,554.088362
-34.819623,-99.731311,559.111858
-44.855777,-82.930629,563.210399
-51.529879,-60.554866,565.325926
-52.934762,-33.978454,564.799357
-48.521193,-9.111155,561.571164
-37.191541,19.194789,554.665807
-25.619607,32.790451,548.197531
-12.982542,43.903240,542.280081
0.107948,53.933463,537.984726
13.207189,63.982055,535.883594
25.865579,75.158094,535.925320
37.454023,88.888751,537.509797
46.902214,107.069537,539.731997
52.452416,131.010386,541.706460
52.306708,157.952496,542.862550
46.528358,-178.380503,543.117966
36.959519,-160.473368,542.880565
25.325587,-146.920018,542.880650
12.664952,-135.842708,543.886685
-0.411194,-125.839270,546.396574
-13.462155,-115.812736,550.410306
-26.045932,-104.661953,555.366505
-37.546283,-90.976154,560.268683
-46.915959,-72.891925,563.959800
-52.436841,-49.124942,565.455465
-52.342986,-22.353889,564.233464
-46.665924,1.260363,560.396871
-34.444656,27.921747,553.067077
-22.531466,40.738846,546.618400
-9.733697,51.466493,541.021660
3.398240,61.403100,537.244952
16.433026,71.622390,535.708586
28.894761,83.284445,536.209338
40.073000,97.937027,538.043034
48.737399,117.520737,540.278392
52.992596,142.703930,542.084422
51.332555,169.377344,543.002545
44.411902,-168.386482,543.079898
34.193677,-151.757022,542.826493
22.227905,-138.981376,543.011575
9.416239,-128.286869,544.363501
-3.692368,-118.375364,547.271677
-16.671418,-108.177976,551.594199
-29.053686,-96.544034,556.642094
-40.143487,-81.945565,561.348943
-48.737354,-62.477371,564.569644
-52.982317,-37.480693,565.411982
-51.392048,-10.954202,563.501031
-44.575270,11.257032,559.101954
-31.589641,36.409689,551.442259
-19.389652,48.559191,545.094028
-6.464504,58.981407,539.879783
6.682660,68.889990,536.648379
19.624116,79.350929,535.663447
31.846235,91.594897,536.577809
42.538874,107.297054,538.600846
50.296462,128.350142,540.796042
53.149563,154.505160,542.404302
50.022934,-179.508781,543.087623
42.092763,-158.755715,543.019826
31.321956,-143.279877,542.800027
19.078987,-131.170206,543.217154
6.149519,-120.778849,544.940298
-6.965628,-110.893986,548.237975
-19.844422,-100.455354,552.825358
-31.983117,-88.243542,557.896773
-42.588604,-72.607091,562.335037
-50.286463,-51.689867,565.028219
-53.150044,-25.726152,565.193176
-50.107731,0.143139,562.610113
-42.280732,20.893988,557.702920
-28.643160,44.689614,549.812191
-16.203804,56.273813,543.642428
-3.181774,66.464936,538.864818
9.954611,76.410606,536.195325
22.771609,87.188569,535.739267
34.705086,100.119086,537.016302
44.825189,116.999614,539.168498
51.545252,139.531443,541.274849
52.918497,166.294155,542.663756
48.410065,-168.754325,543.123580
39.600043,-149.461839,542.949276
28.361110,-135.010593,542.813972
15.888468,-123.464156,543.506402
2.871549,-113.301754,545.618330
-10.224484,-103.378771,549.287542
-22.972500,-92.624187,554.088362
-34.819623,-79.731311,559.111858
-44.855777,-62.930629,563.210399
-51.529879,-40.554866,565.325926
-52.934762,-13.978454,564.799357
-48.521193,10.888845,561.571164
-39.810994,30.196393,556.217794
-25.619607,52.790451,548.197531
-12.982542,63.903240,542.280081
0.107948,73.933463,537.984726
13.207189,83.982055,535.883594
25.865579,95.158094,535.925320
37.454023,108.888751,537.509797
46.902214,127.069537,539.731997
52.452416,151.010386,541.706460
52.306708,177.952496,542.862550
46.528358,-158.380503,543.117966
36.959519,-140.473368,542.880565
25.325587,-126.920018,542.880650
12.664952,-115.842708,543.886685
-0.411194,-105.839270,546.396574
-13.462155,-95.812736,550.410306
-26.045932,-84.661953,555.366505
-37.546283,-70.976154,560.268683
-46.915959,-52.891925,563.959800
-52.436841,-29.124942,565.455465
-52.342986,-2.353889,564.233464
-46.665924,21.260363,560.396871
-37.191541,39.194789,554.665807
-22.531466,60.738846,546.618400
-9.733697,71.466493,541.021660
3.398240,81.403100,537.244952
16.433026,91.622390,535.708586
28.894761,103.284445,536.209338
40.073000,117.937027,538.043034
48.737399,137.520737,540.278392
52.992596,162.703930,542.084422
51.332555,-170.622656,543.002545
44.411902,-148.386482,543.079898
34.193677,-131.757022,542.826493
22.227905,-118.981376,543.011575
9.416239,-108.286869,544.363501
-3.692368,-98.375364,547.271677
-16.671418,-88.177976,551.594199
-29.053686,-76.544034,556.642094
-40.143487,-61.945565,561.348943
-48.737354,-42.477371,564.569644
-52.982317,-17.480693,565.411982
-51.392048,9.045798,563.501031
-44.575270,31.257032,559.101954
-34.444656,47.921747,553.067077
-19.389652,68.559191,545.094028
-6.464504,78.981407,539.879783
6.682660,88.889990,536.648379
19.624116,99.350929,535.663447
31.846235,111.594897,536.577809
42.538874,127.297054,538.600846
50.296462,148.350142,540.796042
53.149563,174.505160,542.404302
50.022934,-159.508781,543.087623
42.092763,-138.755715,543.019826
31.321956,-123.279877,542.800027
19.078987,-111.170206,543.217154
6.149519,-100.778849,544.940298
-6.965628,-90.893986,548.237975
-19.844422,-80.455354,552.825358
-31.983117,-68.243542,557.896773
-42.588604,-52.607091,562.335037
-50.286463,-31.689867,565.028219
-53.150044,-5.726152,565.193176
-50.107731,20.143139,562.610113
-42.280732,40.893988,557.702920
-31.589641,56.409689,551.442259
-16.203804,76.273813,543.642428
-3.181774,86.464936,538.864818
9.954611,96.410606,536.195325
22.771609,107.188569,535.739267
34.705086,120.119086,537.016302
44.825189,136.999614,539.168498
51.545252,159.531443,541.274849
52.918497,-173.705845,542.663756
48.410065,-148.754325,543.123580
39.600043,-129.461839,542.949276
28.361110,-115.010593,542.813972
15.888468,-103.464156,543.506402
2.871549,-93.301754,545.618330
-10.224484,-83.378771,549.287542
-22.972500,-72.624187,554.088362
-34.819623,-59.731311,559.111858
-44.855777,-42.930629,563.210399
-51.529879,-20.554866,565.325926
-52.934762,6.021546,564.799357
-48.521193,30.888845,561.571164
-39.810994,50.196393,556.217794
-28.643160,64.689614,549.812191
-12.982542,83.903240,542.280081
0.107948,93.933463,537.984726
13.207189,103.982055,535.883594
25.865579,115.158094,535.925320
37.454023,128.888751,537.509797
46.902214,147.069537,539.731997
52.452416,171.010386,541.706460
52.306708,-162.047504,542.862550
46.528358,-138.380503,543.117966
36.959519,-120.473368,542.880565
25.325587,-106.920018,542.880650
12.664952,-95.842708,543.886685
-0.411194,-85.839270,546.396574
-13.462155,-75.812736,550.410306
-26.045932,-64.661953,555.366505
-37.546283,-50.976154,560.268683
-46.915959,-32.891925,563.959800
-52.436841,-9.124942,565.455465
-52.342986,17.646111,564.233464
-46.665924,41.260363,560.396871
-37.191541,59.194789,554.665807
-25.619607,72.790451,548.197531
-9.733697,91.466493,541.021660
3.398240,101.403100,537.244952
16.433026,111.622390,535.708586
28.894761,123.284445,536.209338
40.073000,137.937027,538.043034
48.737399,157.520737,540.278392
52.992596,-177.296070,542.084422
51.332555,-150.622656,543.002545
44.411902,-128.386482,543.079898
34.193677,-111.757022,542.826493
22.227905,-98.981376,543.011575
9.416239,-88.286869,544.363501
-3.692368,-78.375364,547.271677
-16.671418,-68.177976,551.594199
-29.053686,-56.544034,556.642094
-40.143487,-41.945565,561.348943
-48.737354,-22.477371,564.569644
-52.982317,2.519307,565.411982
-51.392048,29.045798,563.501031
-44.575270,51.257032,559.101954
-34.444656,67.921747,553.067077
-22.531466,80.738846,546.618400
-6.464504,98.981407,539.879783
6.682660,108.889990,536.648379
19.624116,119.350929,535.663447
31.846235,131.594897,536.577809
42.538874,147.297054,538.600846
50.296462,168.350142,540.796042
53.149563,-165.494840,542.404302
50.022934,-139.508781,543.087623
42.092763,-118.755715,543.019826
31.321956,-103.279877,542.800027
19.078987,-91.170206,543.217154
6.149519,-80.778849,544.940298
-6.965628,-70.893986,548.237975
-19.844422,-60.455354,552.825358
-31.983117,-48.243542,557.896773
-42.588604,-32.607091,562.335037
-50.286463,-11.689867,565.028219
-53.150044,14.273848,565.193176
-50.107731,40.143139,562.610113
-42.280732,60.893988,557.702920
-31.589641,76.409689,551.442259
-19.389652,88.559191,545.094028
-3.181774,106.464936,538.864818
9.954611,116.410606,536.195325
22.771609,127.188569,535.739267
34.705086,140.119086,537.016302
44.825189,156.999614,539.168498
51.545252,179.531443,541.274849
52.918497,-153.705845,542.663756
48.410065,-128.754325,543.123580
39.600043,-109.461839,542.949276
28.361110,-95.010593,542.813972
15.888468,-83.464156,543.506402
2.871549,-73.301754,545.618330
-10.224484,-63.378771,549.287542
-22.972500,-52.624187,554.088362
-34.819623,-39.731311,559.111858
-44.855777,-22.930629,563.210399
-51.529879,-0.554866,565.325926
-52.934762,26.021546,564.799357
-48.521193,50.888845,561.571164
-39.810994,70.196393,556.217794
-28.643160,84.689614,549.812191
-16.203804,96.273813,543.642428
0.107948,113.933463,537.984726
13.207189,123.982055,535.883594
25.865579,135.158094,535.925320
37.454023,148.888751,537.509797
46.902214,167.069537,539.731997
52.452416,-168.989614,541.706460
52.306708,-142.047504,542.862550
46.528358,-118.380503,543.117966
36.959519,-100.473368,542.880565
25.325587,-86.920018,542.880650
12.664952,-75.842708,543.886685
-0.411194,-65.839270,546.396574
-13.462155,-55.812736,550.410306
-26.045932,-44.661953,555.366505
-37.546283,-30.976154,560.268683
-46.915959,-12.891925,563.959800
-52.436841,10.875058,565.455465
-52.342986,37.646111,564.233464
-46.665924,61.260363,560.396871
-37.191541,79.194789,554.665807
-25.619607,92.790451,548.197531
-12.982542,103.903240,542.280081
3.398240,121.403100,537.244952
16.433026,131.622390,535.708586
28.894761,143.284445,536.209338
40.073000,157.937027,538.043034
48.737399,177.520737,540.278392
52.992596,-157.296070,542.084422
51.332555,-130.622656,543.002545
44.411902,-108.386482,543.079898
34.193677,-91.757022,542.826493
22.227905,-78.981376,543.011575
9.416239,-68.286869,544.363501
-3.692368,-58.375364,547.271677
-16.671418,-48.177976,551.594199
-29.053686,-36.544034,556.642094
-40.143487,-21.945565,561.348943
-48.737354,-2.477371,564.569644
-52.982317,22.519307,565.411982
-51.392048,49.045798,563.501031
-44.575270,71.257032,559.101954
-34.444656,87.921747,553.067077
-22.531466,100.738846,546.618400
-9.733697,111.466493,541.021660
6.682660,128.889990,536.648379
19.624116,139.350929,535.663447
31.846235,151.594897,536.577809
42.538874,167.297054,538.600846
50.296462,-171.649858,540.796042
53.149563,-145.494840,542.404302
50.022934,-119.508781,543.087623
42.092763,-98.755715,543.019826
31.321956,-83.279877,542.800027
19.078987,-71.170206,543.217154
6.149519,-60.778849,544.940298
-6.965628,-50.893986,548.237975
-19.844422,-40.455354,552.825358
-31.983117,-28.243542,557.896773
-42.588604,-12.607091,562.335037
-50.286463,8.310133,565.028219
-53.150044,34.273848,565.193176
-50.107731,60.143139,562.610113
-42.280732,80.893988,557.702920
-31.589641,96.409689,551.442259
-19.389652,108.559191,545.094028
-6.464504,118.981407,539.879783
9.954611,136.410606,536.195325
22.771609,147.188569,535.739267
34.705086,160.119086,537.016302
44.825189,176.999614,539.168498
51.545252,-160.468557,541.274849
52.918497,-133.705845,542.663756
48.410065,-108.754325,543.123580
39.600043,-89.461839,542.949276
28.361110,-75.010593,542.813972
15.888468,-63.464156,543.506402
2.871549,-53.301754,545.618330
-10.224484,-43.378771,549.287542
-22.972500,-32.624187,554.088362
-34.819623,-19.731311,559.111858
-44.855777,-2.930629,563.210399
-51.529879,19.445134,565.325926
-52.934762,46.021546,564.799357
-48.521193,70.888845,561.571164
-39.810994,90.196393,556.217794
-28.643160,104.689614,549.812191
-16.203804,116.273813,543.642428
-3.181774,126.464936,538.864818
13.207189,143.982055,535.883594
25.865579,155.158094,535.925320
37.454023,168.888751,537.509797
46.902214,-172.930463,539.731997
52.452416,-148.989614,541.706460
52.306708,-122.047504,542.862550
46.528358,-98.380503,543.117966
36.959519,-80.473368,542.880565
25.325587,-66.920018,542.880650
12.664952,-55.842708,543.886685
-0.411194,-45.839270,546.396574
-13.462155,-35.812736,550.410306
-26.045932,-24.661953,555.366505
-37.546283,-10.976154,560.268683
-46.915959,7.108075,563.959800
-52.436841,30.875058,565.455465
-52.342986,57.646111,564.233464
-46.665924,81.260363,560.396871
-37.191541,99.194789,554.665807
-25.619607,112.790451,548.197531
-12.982542,123.903240,542.280081
0.107948,133.933463,537.984726
16.433026,151.622390,535.708586
28.894761,163.284445,536.209338
40.073000,177.937027,538.043034
48.737399,-162.479263,540.278392
52.992596,-137.296070,542.084422
51.332555,-110.622656,543.002545
44.411902,-88.386482,543.079898
34.193677,-71.757022,542.826493
22.227905,-58.981376,543.011575
9.416239,-48.286869,544.363501
-3.692368,-38.375364,547.271677
-16.671418,-28.177976,551.594199
-29.053686,-16.544034,556.642094
-40.143487,-1.945565,561.348943
-48.737354,17.522629,564.569644
-52.982317,42.519307,565.411982
-51.392048,69.045798,563.501031
-44.575270,91.257032,559.101954
-34.444656,107.921747,553.067077
-22.531466,120.738846,546.618400
-9.733697,131.466493,541.021660
3.398240,141.403100,537.244952
19.624116,159.350929,535.663447
31.846235,171.594897,536.577809
42.538874,-172.702946,538.600846
50.296462,-151.649858,540.796042
53.149563,-125.494840,542.404302
50.022934,-99.508781,543.087623
42.092763,-78.755715,543.019826
31.321956,-63.279877,542.800027
19.078987,-51.170206,543.217154
6.149519,-40.778849,544.940298
-6.965628,-30.893986,548.237975
-19.844422,-20.455354,552.825358
-31.983117,-8.243542,557.896773
-42.588604,7.392909,562.335037
-50.286463,28.310133,565.028219
-53.150044,54.273848,565.193176
-50.107731,80.143139,562.610113
-42.280732,100.893988,557.702920
-31.589641,116.409689,551.442259
-19.389652,128.559191,545.094028
-6.464504,138.981407,539.879783
6.682660,148.889990,536.648379
22.771609,167.188569,535.739267
34.705086,-179.880914,537.016302
44.825189,-163.000386,539.168498
51.545252,-140.468557,541.274849
52.918497,-113.705845,542.663756
48.410065,-88.754325,543.123580
39.600043,-69.461839,542.949276
28.361110,-55.010593,542.813972
15.888468,-43.464156,543.506402
2.871549,-33.301754,545.618330
-10.224484,-23.378771,549.287542
-22.972500,-12.624187,554.088362
-34.819623,0.268689,559.111858
-44.855777,17.069371,563.210399
-51.529879,39.445134,565.325926
-52.934762,66.021546,564.799357
-48.521193,90.888845,561.571164
-39.810994,110.196393,556.217794
-28.643160,124.689614,549.812191
-16.203804,136.273813,543.642428
-3.181774,146.464936,538.864818
9.954611,156.410606,536.195325
25.865579,175.158094,535.925320
37.454023,-171.111249,537.509797
46.902214,-152.930463,539.731997
52.452416,-128.989614,541.706460
52.306708,-102.047504,542.862550
46.528358,-78.380503,543.117966
36.959519,-60.473368,542.880565
25.325587,-46.920018,542.880650
12.664952,-35.842708,543.886685
-0.411194,-25.839270,546.396574
-13.462155,-15.812736,550.410306
-26.045932,-4.661953,555.366505
-37.546283,9.023846,560.268683
-46.915959,27.108075,563.959800
-52.436841,50.875058,565.455465
-52.342986,77.646111,564.233464
-46.665924,101.260363,560.396871
-37.191541,119.194789,554.665807
-25.619607,132.790451,548.197531
-12.982542,143.903240,542.280081
0.107948,153.933463,537.984726
13.207189,163.982055,535.883594
28.894761,-176.715555,536.209338
40.073000,-162.062973,538.043034
48.737399,-142.479263,540.278392
52.992596,-117.296070,542.084422
51.332555,-90.622656,543.002545
44.411902,-68.386482,543.079898
34.193677,-51.757022,542.826493
22.227905,-38.981376,543.011575
9.416239,-28.286869,544.363501
-3.692368,-18.375364,547.271677
-16.671418,-8.177976,551.594199
-29.053686,3.455966,556.642094
-40.143487,18.054435,561.348943
-48.737354,37.522629,564.569644
-52.982317,62.519307,565.411982
-51.392048,89.045798,563.501031
-44.575270,111.257032,559.101954
-34.444656,127.921747,553.067077
-22.531466,140.738846,546.618400
-9.733697,151.466493,541.021660
3.398240,161.403100,537.244952
16.433026,171.622390,535.708586
31.846235,-168.405103,536.577809
42.538874,-152.702946,538.600846
50.296462,-131.649858,540.796042
53.149563,-105.494840,542.404302
50.022934,-79.508781,543.087623
42.092763,-58.755715,543.019826
31.321956,-43.279877,542.800027
19.078987,-31.170206,543.217154
6.149519,-20.778849,544.940298
-6.965628,-10.893986,548.237975
-19.844422,-0.455354,552.825358
-31.983117,11.756458,557.896773
-42.588604,27.392909,562.335037
-50.286463,48.310133,565.028219
-53.150044,74.273848,565.193176
-50.107731,100.143139,562.610113
-42.280732,120.893988,557.702920
-31.589641,136.409689,551.442259
-19.389652,148.559191,545.094028
-6.464504,158.981407,539.879783
6.682660,168.889990,536.648379
19.624116,179.350929,535.663447
34.705086,-159.880914,537.016302
44.825189,-143.000386,539.168498
51.545252,-120.468557,541.274849
52.918497,-93.705845,542.663756
48.410065,-68.754325,543.123580
39.600043,-49.461839,542.949276
28.361110,-35.010593,542.813972
15.888468,-23.464156,543.506402
2.871549,-13.301754,545.618330
-10.224484,-3.378771,549.287542
-22.972500,7.375813,554.088362
-34.819623,20.268689,559.111858
-44.855777,37.069371,563.210399
-51.529879,59.445134,565.325926
-52.934762,86.021546,564.799357
-48.521193,110.888845,561.571164
-39.810994,130.196393,556.217794
-28.643160,144.689614,549.812191
-16.203804,156.273813,543.642428
-3.181774,166.464936,538.864818
9.954611,176.410606,536.195325
22.771609,-172.811431,535.739267
37.454023,-151.111249,537.509797
46.902214,-132.930463,539.731997
52.452416,-108.989614,541.706460
52.306708,-82.047504,542.862550
46.528358,-58.380503,543.117966
36.959519,-40.473368,542.880565
25.325587,-26.920018,542.880650
12.664952,-15.842708,543.886685
-0.411194,-5.839270,546.396574
-13.462155,4.187264,550.410306
-26.045932,15.338047,555.366505
-37.546283,29.023846,560.268683
-46.915959,47.108075,563.959800
-52.436841,70.875058,565.455465
-52.342986,97.646111,564.233464
-46.665924,121.260363,560.396871
-37.191541,139.194789,554.665807
-25.619607,152.790451,548.197531
-12.982542,163.903240,542.280081
0.107948,173.933463,537.984726
13.207189,-176.017945,535.883594
25.865579,-164.841906,535.925320
40.073000,-142.062973,538.043034
48.737399,-122.479263,540.278392
52.992596,-97.296070,542.084422
51.332555,-70.622656,543.002545
44.411902,-48.386482,543.079898
34.193677,-31.757022,542.826493
22.227905,-18.981376,543.011575
9.416239,-8.286869,544.363501
-3.692368,1.624636,547.271677
-16.671418,11.822024,551.594199
-29.053686,23.455966,556.642094
-40.143487,38.054435,561.348943
-48.737354,57.522629,564.569644
-52.982317,82.519307,565.411982
-51.392048,109.045798,563.501031
-44.575270,131.257032,559.101954
-34.444656,147.921747,553.067077
-22.531466,160.738846,546.618400
-9.733697,171.466493,541.021660
3.398240,-178.596900,537.244952
16.433026,-168.377610,535.708586
28.894761,-156.715555,536.209338
42.538874,-132.702946,538.600846
50.296462,-111.649858,540.796042
53.149563,-85.494840,542.404302
50.022934,-59.508781,543.087623
42.092763,-38.755715,543.019826
31.321956,-23.279877,542.800027
19.078987,-11.170206,543.217154
6.149519,-0.778849,544.940298
-6.965628,9.106014,548.237975
-19.844422,19.544646,552.825358
-31.983117,31.756458,557.896773
-42.588604,47.392909,562.335037
-50.286463,68.310133,565.028219
-53.150044,94.273848,565.193176
-50.107731,120.143139,562.610113
-42.280732,140.893988,557.702920
-31.589641,156.409689,551.442259
-19.389652,168.559191,545.094028
-6.464504,178.981407,539.879783
6.682660,-171.110010,536.648379
19.624116,-160.649071,535.663447
31.846235,-148.405103,536.577809
