39.003463,-28.579789,542.932749
27.667355,-14.346619,542.824171
15.147859,-2.916396,543.585716
2.114844,7.203273,545.788912
-10.973122,17.144279,549.540292
-23.686362,27.982870,554.382324
-35.458716,41.048339,559.384420
-45.350269,58.134845,563.394893
-51.769866,80.840551,565.370955
-52.831244,107.500454,564.684026
-48.116034,132.097418,561.311963
-39.219450,151.080637,555.865226
-27.952379,165.355993,549.437855
-15.463928,176.823464,543.319892
-2.423655,-173.028612,538.649746
10.706529,-163.065103,536.111083
23.490113,-152.202778,535.772834
35.349335,-139.098169,537.125768
45.323793,-121.928187,539.299270
51.785761,-99.062003,541.378790
52.810705,-72.218428,542.714895
47.998790,-47.544704,543.125611
36.332166,-19.657027,542.866266
24.616453,-6.293364,542.904677
11.917867,4.688289,543.987843
-1.168098,14.664667,546.589873
-14.204904,24.724532,550.678293
-26.745683,35.978736,555.661481
-38.157372,49.864093,560.525199
-47.358298,68.259502,564.113263
-52.595428,92.328012,565.460943
-52.154766,119.081427,564.079153
-46.203580,142.381893,560.108486
-36.568752,160.013537,554.300653
-24.912888,173.419403,547.829628
-12.235637,-175.564006,541.980275
0.866767,-165.561255,537.801613
13.953615,-155.479413,535.831365
26.570199,-144.199388,535.982610
38.070193,-130.267233,537.629777
47.348031,-111.771073,539.859926
52.610275,-87.525221,541.798527
52.113379,-60.605607,542.899889
46.059985,-37.259200,543.111651
33.540291,-10.998711,542.817409
21.506039,1.613798,543.051938
8.664382,12.231562,544.487485
-4.448014,22.131171,547.486592
-17.406529,32.377801,551.874378
-29.736566,44.136282,556.933899
-40.721633,58.962832,561.585281
-49.119915,78.761031,564.689199
-53.054877,104.007598,565.377150
-51.124427,130.417269,563.309378
-44.063214,152.293829,558.788040
-33.795325,168.682546,552.694064
-21.811455,-178.663812,546.261455
-8.981477,-168.013443,540.747683
4.156279,-158.089079,537.094692
17.172179,-147.820507,535.686984
29.582677,-136.033096,536.287333
40.656041,-121.149977,538.170011
49.122623,-101.231650,540.400670
53.063149,-75.796678,542.163412
51.059245,-49.246628,543.026803
43.894050,-27.350846,543.067537
30.646625,-2.572199,542.799136
18.346717,9.398820,543.276066
5.394481,19.730979,545.087596
-7.718536,29.618882,548.472875
-20.569978,40.123554,553.114303
-32.645944,52.482926,558.181116
-43.128134,68.376713,562.547274
-50.601455,89.631846,565.111458
-53.134332,115.771157,565.117872
-49.767533,141.436878,562.383319
-41.725849,161.851155,557.367511
-30.917832,177.119845,551.066188
-18.658675,-170.869754,544.752314
-5.708571,-160.507244,539.634232
7.438419,-150.595892,536.531271
20.354037,-140.068730,535.670590
32.514198,-127.676075,536.673251
43.082983,-111.713554,538.731372
50.613122,-90.317814,540.910195
53.130633,-63.987441,542.469487
49.676720,-38.212379,543.099972
41.532426,-17.800346,543.003991
27.667355,5.653381,542.824171
15.147859,17.083604,543.585716
2.114844,27.203273,545.788912
-10.973122,37.144279,549.540292
-23.686362,47.982870,554.382324
-35.458716,61.048339,559.384420
-45.350269,78.134845,563.394893
-51.769866,100.840551,565.370955
-52.831244,127.500454,564.684026
-48.116034,152.097418,561.311963
-39.219450,171.080637,555.865226
-27.952379,-174.644007,549.437855
-15.463928,-163.176536,543.319892
-2.423655,-153.028612,538.649746
10.706529,-143.065103,536.111083
23.490113,-132.202778,535.772834
35.349335,-119.098169,537.125768
45.323793,-101.928187,539.299270
51.785761,-79.062003,541.378790
52.810705,-52.218428,542.714895
47.998790,-27.544704,543.125611
39.003463,-8.579789,542.932749
24.616453,13.706636,542.904677
11.917867,24.688289,543.987843
-1.168098,34.664667,546.589873
-14.204904,44.724532,550.678293
-26.745683,55.978736,555.661481
-38.157372,69.864093,560.525199
-47.358298,88.259502,564.113263
-52.595428,112.328012,565.460943
-52.154766,139.081427,564.079153
-46.203580,162.381893,560.108486
-36.568752,-179.986463,554.300653
-24.912888,-166.580597,547.829628
-12.235637,-155.564006,541.980275
0.866767,-145.561255,537.801613
13.953615,-135.479413,535.831365
26.570199,-124.199388,535.982610
38.070193,-110.267233,537.629777
47.348031,-91.771073,539.859926
52.610275,-67.525221,541.798527
52.113379,-40.605607,542.899889
46.059985,-17.259200,543.111651
36.332166,0.342973,542.866266
21.506039,21.613798,543.051938
8.664382,32.231562,544.487485
-4.448014,42.131171,547.486592
-17.406529,52.377801,551.874378
-29.736566,64.136282,556.933899
-40.721633,78.962832,561.585281
-49.119915,98.761031,564.689199
-53.054877,124.007598,565.377150
-51.124427,150.417269,563.309378
-44.063214,172.293829,558.788040
-33.795325,-171.317454,552.694064
-21.811455,-158.663812,546.261455
-8.981477,-148.013443,540.747683
4.156279,-138.089079,537.094692
17.172179,-127.820507,535.686984
29.582677,-116.033096,536.287333
40.656041,-101.149977,538.170011
49.122623,-81.231650,540.400670
53.063149,-55.796678,542.163412
51.059245,-29.246628,543.026803
43.894050,-7.350846,543.067537
33.540291,9.001289,542.817409
18.346717,29.398820,543.276066
5.394481,39.730979,545.087596
-7.718536,49.618882,548.472875
-20.569978,60.123554,553.114303
-32.645944,72.482926,558.181116
-43.128134,88.376713,562.547274
-50.601455,109.631846,565.111458
-53.134332,135.771157,565.117872
-49.767533,161.436878,562.383319
-41.725849,-178.148845,557.367511
-30.917832,-162.880155,551.066188
-18.658675,-150.869754,544.752314
-5.708571,-140.507244,539.634232
7.438419,-130.595892,536.531271
20.354037,-120.068730,535.670590
32.514198,-107.676075,536.673251
43.082983,-91.713554,538.731372
50.613122,-70.317814,540.910195
53.130633,-43.987441,542.469487
49.676720,-18.212379,543.099972
41.532426,2.199654,543.003991
30.646625,17.427801,542.799136
15.147859,37.083604,543.585716
2.114844,47.203273,545.788912
-10.973122,57.144279,549.540292
-23.686362,67.982870,554.382324
-35.458716,81.048339,559.384420
-45.350269,98.134845,563.394893
-51.769866,120.840551,565.370955
-52.831244,147.500454,564.684026
-48.116034,172.097418,561.311963
-39.219450,-168.919363,555.865226
-27.952379,-154.644007,549.437855
-15.463928,-143.176536,543.319892
-2.423655,-133.028612,538.649746
10.706529,-123.065103,536.111083
23.490113,-112.202778,535.772834
35.349335,-99.098169,537.125768
45.323793,-81.928187,539.299270
51.785761,-59.062003,541.378790
52.810705,-32.218428,542.714895
47.998790,-7.544704,543.125611
39.003463,11.420211,542.932749
27.667355,25.653381,542.824171
11.917867,44.688289,543.987843
-1.168098,54.664667,546.589873
-14.204904,64.724532,550.678293
-26.745683,75.978736,555.661481
-38.157372,89.864093,560.525199
-47.358298,108.259502,564.113263
-52.595428,132.328012,565.460943
-52.154766,159.081427,564.079153
-46.203580,-177.618107,560.108486
-36.568752,-159.986463,554.300653
-24.912888,-146.580597,547.829628
-12.235637,-135.564006,541.980275
0.866767,-125.561255,537.801613
13.953615,-115.479413,535.831365
26.570199,-104.199388,535.982610
38.070193,-90.267233,537.629777
47.348031,-71.771073,539.859926
52.610275,-47.525221,541.798527
52.113379,-20.605607,542.899889
46.059985,2.740800,543.111651
36.332166,20.342973,542.866266
24.616453,33.706636,542.904677
8.664382,52.231562,544.487485
-4.448014,62.131171,547.486592
-17.406529,72.377801,551.874378
-29.736566,84.136282,556.933899
-40.721633,98.962832,561.585281
-49.119915,118.761031,564.689199
-53.054877,144.007598,565.377150
-51.124427,170.417269,563.309378
-44.063214,-167.706171,558.788040
-33.795325,-151.317454,552.694064
-21.811455,-138.663812,546.261455
-8.981477,-128.013443,540.747683
4.156279,-118.089079,537.094692
17.172179,-107.820507,535.686984
29.582677,-96.033096,536.287333
40.656041,-81.149977,538.170011
49.122623,-61.231650,540.400670
53.063149,-35.796678,542.163412
51.059245,-9.246628,543.026803
43.894050,12.649154,543.067537
33.540291,29.001289,542.817409
21.506039,41.613798,543.051938
5.394481,59.730979,545.087596
-7.718536,69.618882,548.472875
-20.569978,80.123554,553.114303
-32.645944,92.482926,558.181116
-43.128134,108.376713,562.547274
-50.601455,129.631846,565.111458
-53.134332,155.771157,565.117872
-49.767533,-178.563122,562.383319
-41.725849,-158.148845,557.367511
-30.917832,-142.880155,551.066188
-18.658675,-130.869754,544.752314
-5.708571,-120.507244,539.634232
7.438419,-110.595892,536.531271
20.354037,-100.068730,535.670590
32.514198,-87.676075,536.673251
43.082983,-71.713554,538.731372
50.613122,-50.317814,540.910195
53.130633,-23.987441,542.469487
49.676720,1.787621,543.099972
41.532426,22.199654,543.003991
30.646625,37.427801,542.799136
18.346717,49.398820,543.276066
2.114844,67.203273,545.788912
-10.973122,77.144279,549.540292
-23.686362,87.982870,554.382324
-35.458716,101.048339,559.384420
-45.350269,118.134845,563.394893
-51.769866,140.840551,565.370955
-52.831244,167.500454,564.684026
-48.116034,-167.902582,561.311963
-39.219450,-148.919363,555.865226
-27.952379,-134.644007,549.437855
-15.463928,-123.176536,543.319892
-2.423655,-113.028612,538.649746
10.706529,-103.065103,536.111083
23.490113,-92.202778,535.772834
35.349335,-79.098169,537.125768
45.323793,-61.928187,539.299270
51.785761,-39.062003,541.378790
52.810705,-12.218428,542.714895
47.998790,12.455296,543.125611
39.003463,31.420211,542.932749
27.667355,45.653381,542.824171
15.147859,57.083604,543.585716
-1.168098,74.664667,546.589873
-14.204904,84.724532,550.678293
-26.745683,95.978736,555.661481
-38.157372,109.864093,560.525199
-47.358298,128.259502,564.113263
-52.595428,152.328012,565.460943
-52.154766,179.081427,564.079153
-46.203580,-157.618107,560.108486
-36.568752,-139.986463,554.300653
-24.912888,-126.580597,547.829628
-12.235637,-115.564006,541.980275
0.866767,-105.561255,537.801613
13.953615,-95.479413,535.831365
26.570199,-84.199388,535.982610
38.070193,-70.267233,537.629777
47.348031,-51.771073,539.859926
52.610275,-27.525221,541.798527
52.113379,-0.605607,542.899889
46.059985,22.740800,543.111651
36.332166,40.342973,542.866266
24.616453,53.706636,542.904677
11.917867,64.688289,543.987843
-4.448014,82.131171,547.486592
-17.406529,92.377801,551.874378
-29.736566,104.136282,556.933899
-40.721633,118.962832,561.585281
-49.119915,138.761031,564.689199
-53.054877,164.007598,565.377150
-51.124427,-169.582731,563.309378
-44.063214,-147.706171,558.788040
-33.795325,-131.317454,552.694064
-21.811455,-118.663812,546.261455
-8.981477,-108.013443,540.747683
4.156279,-98.089079,537.094692
17.172179,-87.820507,535.686984
29.582677,-76.033096,536.287333
40.656041,-61.149977,538.170011
49.122623,-41.231650,540.400670
53.063149,-15.796678,542.163412
51.059245,10.753372,543.026803
43.894050,32.649154,543.067537
33.540291,49.001289,542.817409
21.506039,61.613798,543.051938
8.664382,72.231562,544.487485
-7.718536,89.618882,548.472875
-20.569978,100.123554,553.114303
-32.645944,112.482926,558.181116
-43.128134,128.376713,562.547274
-50.601455,149.631846,565.111458
-53.134332,175.771157,565.117872
-49.767533,-158.563122,562.383319
-41.725849,-138.148845,557.367511
-30.917832,-122.880155,551.066188
-18.658675,-110.869754,544.752314
-5.708571,-100.507244,539.634232
7.438419,-90.595892,536.531271
20.354037,-80.068730,535.670590
32.514198,-67.676075,536.673251
43.082983,-51.713554,538.731372
50.613122,-30.317814,540.910195
53.130633,-3.987441,542.469487
49.676720,21.787621,543.099972
41.532426,42.199654,543.003991
30.646625,57.427801,542.799136
18.346717,69.398820,543.276066
5.394481,79.730979,545.087596
-10.973122,97.144279,549.540292
-23.686362,107.982870,554.382324
-35.458716,121.048339,559.384420
-45.350269,138.134845,563.394893
-51.769866,160.840551,565.370955
-52.831244,-172.499546,564.684026
-48.116034,-147.902582,561.311963
-39.219450,-128.919363,555.865226
-27.952379,-114.644007,549.437855
-15.463928,-103.176536,543.319892
-2.423655,-93.028612,538.649746
10.706529,-83.065103,536.111083
23.490113,-72.202778,535.772834
35.349335,-59.098169,537.125768
45.323793,-41.928187,539.299270
51.785761,-19.062003,541.378790
52.810705,7.781572,542.714895
47.998790,32.455296,543.125611
39.003463,51.420211,542.932749
27.667355,65.653381,542.824171
15.147859,77.083604,543.585716
2.114844,87.203273,545.788912
-14.204904,104.724532,550.678293
-26.745683,115.978736,555.661481
-38.157372,129.864093,560.525199
-47.358298,148.259502,564.113263
-52.595428,172.328012,565.460943
-52.154766,-160.918573,564.079153
-46.203580,-137.618107,560.108486
-36.568752,-119.986463,554.300653
-24.912888,-106.580597,547.829628
-12.235637,-95.564006,541.980275
0.866767,-85.561255,537.801613
13.953615,-75.479413,535.831365
26.570199,-64.199388,535.982610
38.070193,-50.267233,537.629777
47.348031,-31.771073,539.859926
52.610275,-7.525221,541.798527
52.113379,19.394393,542.899889
46.059985,42.740800,543.111651
36.332166,60.342973,542.866266
24.616453,73.706636,542.904677
11.917867,84.688289,543.987843
-1.168098,94.664667,546.589873
-17.406529,112.377801,551.874378
-29.736566,124.136282,556.933899
-40.721633,138.962832,561.585281
-49.119915,158.761031,564.689199
-53.054877,-175.992402,565.377150
-51.124427,-149.582731,563.309378
-44.063214,-127.706171,558.788040
-33.795325,-111.317454,552.694064
-21.811455,-98.663812,546.261455
-8.981477,-88.013443,540.747683
4.156279,-78.089079,537.094692
17.172179,-67.820507,535.686984
29.582677,-56.033096,536.287333
40.656041,-41.149977,538.170011
49.122623,-21.231650,540.400670
53.063149,4.203322,542.163412
51.059245,30.753372,543.026803
43.894050,52.649154,543.067537
33.540291,69.001289,542.817409
21.506039,81.613798,543.051938
8.664382,92.231562,544.487485
-4.448014,102.131171,547.486592
-20.569978,120.123554,553.114303
-32.645944,132.482926,558.181116
-43.128134,148.376713,562.547274
-50.601455,169.631846,565.111458
-53.134332,-164.228843,565.117872
-49.767533,-138.563122,562.383319
-41.725849,-118.148845,557.367511
-30.917832,-102.880155,551.066188
-18.658675,-90.869754,544.752314
-5.708571,-80.507244,539.634232
7.438419,-70.595892,536.531271
20.354037,-60.068730,535.670590
32.514198,-47.676075,536.673251
43.082983,-31.713554,538.731372
50.613122,-10.317814,540.910195
53.130633,16.012559,542.469487
49.676720,41.787621,543.099972
41.532426,62.199654,543.003991
30.646625,77.427801,542.799136
18.346717,89.398820,543.276066
5.394481,99.730979,545.087596
-7.718536,109.618882,548.472875
-23.686362,127.982870,554.382324
-35.458716,141.048339,559.384420
-45.350269,158.134845,563.394893
-51.769866,-179.159449,565.370955
-52.831244,-152.499546,564.684026
-48.116034,-127.902582,561.311963
-39.219450,-108.919363,555.865226
-27.952379,-94.644007,549.437855
-15.463928,-83.176536,543.319892
-2.423655,-73.028612,538.649746
10.706529,-63.065103,536.111083
23.490113,-52.202778,535.772834
35.349335,-39.098169,537.125768
45.323793,-21.928187,539.299270
51.785761,0.937997,541.378790
52.810705,27.781572,542.714895
47.998790,52.455296,543.125611
39.003463,71.420211,542.932749
27.667355,85.653381,542.824171
15.147859,97.083604,543.585716
2.114844,107.203273,545.788912
-10.973122,117.144279,549.540292
-26.745683,135.978736,555.661481
-38.157372,149.864093,560.525199
-47.358298,168.259502,564.113263
-52.595428,-167.671988,565.460943
-52.154766,-140.918573,564.079153
-46.203580,-117.618107,560.108486
-36.568752,-99.986463,554.300653
-24.912888,-86.580597,547.829628
-12.235637,-75.564006,541.980275
0.866767,-65.561255,537.801613
13.953615,-55.479413,535.831365
26.570199,-44.199388,535.982610
38.070193,-30.267233,537.629777
47.348031,-11.771073,539.859926
52.610275,12.474779,541.798527
52.113379,39.394393,542.899889
46.059985,62.740800,543.111651
36.332166,80.342973,542.866266
24.616453,93.706636,542.904677
11.917867,104.688289,543.987843
-1.168098,114.664667,546.589873
-14.204904,124.724532,550.678293
-29.736566,144.136282,556.933899
-40.721633,158.962832,561.585281
-49.119915,178.761031,564.689199
-53.054877,-155.992402,565.377150
-51.124427,-129.582731,563.309378
-44.063214,-107.706171,558.788040
-33.795325,-91.317454,552.694064
-21.811455,-78.663812,546.261455
-8.981477,-68.013443,540.747683
4.156279,-58.089079,537.094692
17.172179,-47.820507,535.686984
29.582677,-36.033096,536.287333
40.656041,-21.149977,538.170011
49.122623,-1.231650,540.400670
53.063149,24.203322,542.163412
51.059245,50.753372,543.026803
43.894050,72.649154,543.067537
33.540291,89.001289,542.817409
21.506039,101.613798,543.051938
8.664382,112.231562,544.487485
-4.448014,122.131171,547.486592
-17.406529,132.377801,551.874378
-32.645944,152.482926,558.181116
-43.128134,168.376713,562.547274
-50.601455,-170.368154,565.111458
-53.134332,-144.228843,565.117872
-49.767533,-118.563122,562.383319
-41.725849,-98.148845,557.367511
-30.917832,-82.880155,551.066188
-18.658675,-70.869754,544.752314
-5.708571,-60.507244,539.634232
7.438419,-50.595892,536.531271
20.354037,-40.068730,535.670590
32.514198,-27.676075,536.673251
43.082983,-11.713554,538.731372
50.613122,9.682186,540.910195
53.130633,36.012559,542.469487
49.676720,61.787621,543.099972
41.532426,82.199654,543.003991
30.646625,97.427801,542.799136
18.346717,109.398820,543.276066
5.394481,119.730979,545.087596
-7.718536,129.618882,548.472875
-20.569978,140.123554,553.114303
-35.458716,161.048339,559.384420
-45.350269,178.134845,563.394893
-51.769866,-159.159449,565.370955
-52.831244,-132.499546,564.684026
-48.116034,-107.902582,561.311963
-39.219450,-88.919363,555.865226
-27.952379,-74.644007,549.437855
-15.463928,-63.176536,543.319892
-2.423655,-53.028612,538.649746
10.706529,-43.065103,536.111083
23.490113,-32.202778,535.772834
35.349335,-19.098169,537.125768
45.323793,-1.928187,539.299270
51.785761,20.937997,541.378790
52.810705,47.781572,542.714895
47.998790,72.455296,543.125611
39.003463,91.420211,542.932749
27.667355,105.653381,542.824171
15.147859,117.083604,543.585716
2.114844,127.203273,545.788912
-10.973122,137.144279,549.540292
-23.686362,147.982870,554.382324
-38.157372,169.864093,560.525199
-47.358298,-171.740498,564.113263
-52.595428,-147.671988,565.460943
-52.154766,-120.918573,564.079153
-46.203580,-97.618107,560.108486
-36.568752,-79.986463,554.300653
-24.912888,-66.580597,547.829628
-12.235637,-55.564006,541.980275
0.866767,-45.561255,537.801613
13.953615,-35.479413,535.831365
26.570199,-24.199388,535.982610
38.070193,-10.267233,537.629777
47.348031,8.228927,539.859926
52.610275,32.474779,541.798527
52.113379,59.394393,542.899889
46.059985,82.740800,543.111651
36.332166,100.342973,542.866266
24.616453,113.706636,542.904677
11.917867,124.688289,543.987843
-1.168098,134.664667,546.589873
-14.204904,144.724532,550.678293
-26.745683,155.978736,555.661481
-40.721633,178.962832,561.585281
-49.119915,-161.238969,564.689199
-53.054877,-135.992402,565.377150
-51.124427,-109.582731,563.309378
-44.063214,-87.706171,558.788040
-33.795325,-71.317454,552.694064
-21.811455,-58.663812,546.261455
-8.981477,-48.013443,540.747683
4.156279,-38.089079,537.094692
17.172179,-27.820507,535.686984
29.582677,-16.033096,536.287333
40.656041,-1.149977,538.170011
49.122623,18.768350,540.400670
53.063149,44.203322,542.163412
51.059245,70.753372,543.026803
43.894050,92.649154,543.067537
33.540291,109.001289,542.817409
21.506039,121.613798,543.051938
8.664382,132.231562,544.487485
-4.448014,142.131171,547.486592
-17.406529,152.377801,551.874378
-29.736566,164.136282,556.933899
-43.128134,-171.623287,562.547274
-50.601455,-150.368154,565.111458
-53.134332,-124.228843,565.117872
-49.767533,-98.563122,562.383319
-41.725849,-78.148845,557.367511
-30.917832,-62.880155,551.066188
-18.658675,-50.869754,544.752314
-5.708571,-40.507244,539.634232
7.438419,-30.595892,536.531271
20.354037,-20.068730,535.670590
32.514198,-7.676075,536.673251
43.082983,8.286446,538.731372
50.613122,29.682186,540.910195
53.130633,56.012559,542.469487
49.676720,81.787621,543.099972
41.532426,102.199654,543.003991
30.646625,117.427801,542.799136
18.346717,129.398820,543.276066
5.394481,139.730979,545.087596
-7.718536,149.618882,548.472875
-20.569978,160.123554,553.114303
-32.645944,172.482926,558.181116
-45.350269,-161.865155,563.394893
-51.769866,-139.159449,565.370955
-52.831244,-112.499546,564.684026
-48.116034,-87.902582,561.311963
-39.219450,-68.919363,555.865226
-27.952379,-54.644007,549.437855
-15.463928,-43.176536,543.319892
-2.423655,-33.028612,538.649746
10.706529,-23.065103,536.111083
23.490113,-12.202778,535.772834
35.349335,0.901831,537.125768
45.323793,18.071813,539.299270
51.785761,40.937997,541.378790
52.810705,67.781572,542.714895
47.998790,92.455296,543.125611
39.003463,111.420211,542.932749
27.667355,125.653381,542.824171
15.147859,137.083604,543.585716
2.114844,147.203273,545.788912
-10.973122,157.144279,549.540292
-23.686362,167.982870,554.382324
-35.458716,-178.951661,559.384420
-47.358298,-151.740498,564.113263
-52.595428,-127.671988,565.460943
-52.154766,-100.918573,564.079153
-46.203580,-77.618107,560.108486
-36.568752,-59.986463,554.300653
-24.912888,-46.580597,547.829628
-12.235637,-35.564006,541.980275
0.866767,-25.561255,537.801613
13.953615,-15.479413,535.831365
26.570199,-4.199388,535.982610
38.070193,9.732767,537.629777
47.348031,28.228927,539.859926
52.610275,52.474779,541.798527
52.113379,79.394393,542.899889
46.059985,102.740800,543.111651
36.332166,120.342973,542.866266
24.616453,133.706636,542.904677
11.917867,144.688289,543.987843
-1.168098,154.664667,546.589873
-14.204904,164.724532,550.678293
-26.745683,175.978736,555.661481
-38.157372,-170.135907,560.525199
-49.119915,-141.238969,564.689199
-53.054877,-115.992402,565.377150
-51.124427,-89.582731,563.309378
-44.063214,-67.706171,558.788040
-33.795325,-51.317454,552.694064
-21.811455,-38.663812,546.261455
-8.981477,-28.013443,540.747683
4.156279,-18.089079,537.094692
17.172179,-7.820507,535.686984
29.582677,3.966904,536.287333
40.656041,18.850023,538.170011
49.122623,38.768350,540.400670
53.063149,64.203322,542.163412
51.059245,90.753372,543.026803
43.894050,112.649154,543.067537
33.540291,129.001289,542.817409
21.506039,141.613798,543.051938
8.664382,152.231562,544.487485
-4.448014,162.131171,547.486592
-17.406529,172.377801,551.874378
-29.736566,-175.863718,556.933899
-40.721633,-161.037168,561.585281
-50.601455,-130.368154,565.111458
-53.134332,-104.228843,565.117872
-49.767533,-78.563122,562.383319
-41.725849,-58.148845,557.367511
-30.917832,-42.880155,551.066188
-18.658675,-30.869754,544.752314
-5.708571,-20.507244,539.634232
7.438419,-10.595892,536.531271
20.354037,-0.068730,535.670590
32.514198,12.323925,536.673251
43.082983,28.286446,538.731372
50.613122,49.682186,540.910195
53.130633,76.012559,542.469487
49.676720,101.787621,543.099972
41.532426,122.199654,543.003991
30.646625,137.427801,542.799136
18.346717,149.398820,543.276066
5.394481,159.730979,545.087596
-7.718536,169.618882,548.472875
-20.569978,-179.876446,553.114303
-32.645944,-167.517074,558.181116
-43.128134,-151.623287,562.547274
-51.769866,-119.159449,565.370955
-52.831244,-92.499546,564.684026
-48.116034,-67.902582,561.311963
-39.219450,-48.919363,555.865226
-27.952379,-34.644007,549.437855
-15.463928,-23.176536,543.319892
-2.423655,-13.028612,538.649746
10.706529,-3.065103,536.111083
23.490113,7.797222,535.772834
35.349335,20.901831,537.125768
45.323793,38.071813,539.299270
51.785761,60.937997,541.378790
52.810705,87.781572,542.714895
47.998790,112.455296,543.125611
39.003463,131.420211,542.932749
27.667355,145.653381,542.824171
15.147859,157.083604,543.585716
2.114844,167.203273,545.788912
-10.973122,177.144279,549.540292
-23.686362,-172.017130,554.382324
-35.458716,-158.951661,559.384420
-45.350269,-141.865155,563.394893
-52.595428,-107.671988,565.460943
-52.154766,-80.918573,564.079153
-46.203580,-57.618107,560.108486
-36.568752,-39.986463,554.300653
-24.912888,-26.580597,547.829628
-12.235637,-15.564006,541.980275
0.866767,-5.561255,537.801613
13.953615,4.520587,535.831365
26.570199,15.800612,535.982610
38.070193,29.732767,537.629777
47.348031,48.228927,539.859926
52.610275,72.474779,541.798527
52.113379,99.394393,542.899889
46.059985,122.740800,543.111651
36.332166,140.342973,542.866266
24.616453,153.706636,542.904677
11.917867,164.688289,543.987843
-1.168098,174.664667,546.589873
-14.204904,-175.275468,550.678293
-26.745683,-164.021264,555.661481
-38.157372,-150.135907,560.525199
-47.358298,-131.740498,564.113263
-53.054877,-95.992402,565.377150
-51.124427,-69.582731,563.309378
-44.063214,-47.706171,558.788040
-33.795325,-31.317454,552.694064
-21.811455,-18.663812,546.261455
-8.981477,-8.013443,540.747683
4.156279,1.910921,537.094692
17.172179,12.179493,535.686984
29.582677,23.966904,536.287333
40.656041,38.850023,538.170011
49.122623,58.768350,540.400670
53.063149,84.203322,542.163412
51.059245,110.753372,543.026803
43.894050,132.649154,543.067537
33.540291,149.001289,542.817409
21.506039,161.613798,543.051938
8.664382,172.231562,544.487485
-4.448014,-177.868829,547.486592
-17.406529,-167.622199,551.874378
-29.736566,-155.863718,556.933899
-40.721633,-141.037168,561.585281
-49.119915,-121.238969,564.689199
-53.134332,-84.228843,565.117872
-49.767533,-58.563122,562.383319
-41.725849,-38.148845,557.367511
-30.917832,-22.880155,551.066188
-18.658675,-10.869754,544.752314
-5.708571,-0.507244,539.634232
7.438419,9.404108,536.531271
20.354037,19.931270,535.670590
32.514198,32.323925,536.673251
43.082983,48.286446,538.731372
50.613122,69.682186,540.910195
53.130633,96.012559,542.469487
49.676720,121.787621,543.099972
41.532426,142.199654,543.003991
30.646625,157.427801,542.799136
18.346717,169.398820,543.276066
5.394481,179.730979,545.087596
-7.718536,-170.381118,548.472875
-20.569978,-159.876446,553.114303
-32.645944,-147.517074,558.181116
-43.128134,-131.623287,562.547274
-50.601455,-110.368154,565.111458
-52.831244,-72.499546,564.684026
-48.116034,-47.902582,561.311963
-39.219450,-28.919363,555.865226
-27.952379,-14.644007,549.437855
-15.463928,-3.176536,543.319892
-2.423655,6.971388,538.649746
10.706529,16.934897,536.111083
23.490113,27.797222,535.772834
35.349335,40.901831,537.125768
45.323793,58.071813,539.299270
51.785761,80.937997,541.378790
52.810705,107.781572,542.714895
47.998790,132.455296,543.125611
39.003463,151.420211,542.932749
27.667355,165.653381,542.824171
15.147859,177.083604,543.585716
2.114844,-172.796727,545.788912
-10.973122,-162.855721,549.540292
-23.686362,-152.017130,554.382324
-35.458716,-138.951661,559.384420
-45.350269,-121.865155,563.394893
-51.769866,-99.159449,565.370955
-52.154766,-60.918573,564.079153
-46.203580,-37.618107,560.108486
-36.568752,-19.986463,554.300653
-24.912888,-6.580597,547.829628
-12.235637,4.435994,541.980275
0.866767,14.438745,537.801613
13.953615,24.520587,535.831365
26.570199,35.800612,535.982610
38.070193,49.732767,537.629777
47.348031,68.228927,539.859926
52.610275,92.474779,541.798527
52.113379,119.394393,542.899889
46.059985,142.740800,543.111651
36.332166,160.342973,542.866266
24.616453,173.706636,542.904677
11.917867,-175.311711,543.987843
-1.168098,-165.335333,546.589873
-14.204904,-155.275468,550.678293
-26.745683,-144.021264,555.661481
-38.157372,-130.135907,560.525199
-47.358298,-111.740498,564.113263
-52.595428,-87.671988,565.460943
-51.124427,-49.582731,563.309378
-44.063214,-27.706171,558.788040
-33.795325,-11.317454,552.694064
-21.811455,1.336188,546.261455
-8.981477,11.986557,540.747683
4.156279,21.910921,537.094692
17.172179,32.179493,535.686984
29.582677,43.966904,536.287333
40.656041,58.850023,538.170011
49.122623,78.768350,540.400670
53.063149,104.203322,542.163412
51.059245,130.753372,543.026803
43.894050,152.649154,543.067537
33.540291,169.001289,542.817409
21.506039,-178.386202,543.051938
8.664382,-167.768438,544.487485
-4.448014,-157.868829,547.486592
-17.406529,-147.622199,551.874378
-29.736566,-135.863718,556.933899
-40.721633,-121.037168,561.585281
-49.119915,-101.238969,564.689199
-53.054877,-75.992402,565.377150
-49.767533,-38.563122,562.383319
-41.725849,-18.148845,557.367511
-30.917832,-2.880155,551.066188
-18.658675,9.130246,544.752314
-5.708571,19.492756,539.634232
7.438419,29.404108,536.531271
20.354037,39.931270,535.670590
32.514198,52.323925,536.673251
43.082983,68.286446,538.731372
50.613122,89.682186,540.910195
53.130633,116.012559,542.469487
49.676720,141.787621,543.099972
41.532426,162.199654,543.003991
30.646625,177.427801,542.799136
18.346717,-170.601180,543.276066
5.394481,-160.269021,545.087596
-7.718536,-150.381118,548.472875
-20.569978,-139.876446,553.114303
-32.645944,-127.517074,558.181116
-43.128134,-111.623287,562.547274
-50.601455,-90.368154,565.111458
-53.134332,-64.228843,565.117872
-48.116034,-27.902582,561.311963
-39.219450,-8.919363,555.865226
-27.952379,5.355993,549.437855
-15.463928,16.823464,543.319892
-2.423655,26.971388,538.649746
10.706529,36.934897,536.111083
23.490113,47.797222,535.772834
35.349335,60.901831,537.125768
45.323793,78.071813,539.299270
51.785761,100.937997,541.378790
52.810705,127.781572,542.714895
47.998790,152.455296,543.125611
39.003463,171.420211,542.932749
27.667355,-174.346619,542.824171
15.147859,-162.916396,543.585716
2.114844,-152.796727,545.788912
-10.973122,-142.855721,549.540292
-23.686362,-132.017130,554.382324
-35.458716,-118.951661,559.384420
-45.350269,-101.865155,563.394893
-51.769866,-79.159449,565.370955
-52.831244,-52.499546,564.684026
-46.203580,-17.618107,560.108486
-36.568752,0.013537,554.300653
-24.912888,13.419403,547.829628
-12.235637,24.435994,541.980275
0.866767,34.438745,537.801613
13.953615,44.520587,535.831365
26.570199,55.800612,535.982610
38.070193,69.732767,537.629777
47.348031,88.228927,539.859926
52.610275,112.474779,541.798527
52.113379,139.394393,542.899889
46.059985,162.740800,543.111651
36.332166,-179.657027,542.866266
24.616453,-166.293364,542.904677
11.917867,-155.311711,543.987843
-1.168098,-145.335333,546.589873
-14.204904,-135.275468,550.678293
-26.745683,-124.021264,555.661481
-38.157372,-110.135907,560.525199
-47.358298,-91.740498,564.113263
-52.595428,-67.671988,565.460943
-52.154766,-40.918573,564.079153
-44.063214,-7.706171,558.788040
-33.795325,8.682546,552.694064
-21.811455,21.336188,546.261455
-8.981477,31.986557,540.747683
4.156279,41.910921,537.094692
17.172179,52.179493,535.686984
29.582677,63.966904,536.287333
40.656041,78.850023,538.170011
49.122623,98.768350,540.400670
53.063149,124.203322,542.163412
51.059245,150.753372,543.026803
43.894050,172.649154,543.067537
33.540291,-170.998711,542.817409
21.506039,-158.386202,543.051938
8.664382,-147.768438,544.487485
-4.448014,-137.868829,547.486592
-17.406529,-127.622199,551.874378
-29.736566,-115.863718,556.933899
-40.721633,-101.037168,561.585281
-49.119915,-81.238969,564.689199
-53.054877,-55.992402,565.377150
-51.124427,-29.582731,563.309378
-41.725849,1.851155,557.367511
-30.917832,17.119845,551.066188
-18.658675,29.130246,544.752314
-5.708571,39.492756,539.634232
7.438419,49.404108,536.531271
20.354037,59.931270,535.670590
32.514198,72.323925,536.673251
43.082983,88.286446,538.731372
50.613122,109.682186,540.910195
53.130633,136.012559,542.469487
49.676720,161.787621,543.099972
41.532426,-177.800346,543.003991
30.646625,-162.572199,542.799136
18.346717,-150.601180,543.276066
5.394481,-140.269021,545.087596
-7.718536,-130.381118,548.472875
-20.569978,-119.876446,553.114303
-32.645944,-107.517074,558.181116
-43.128134,-91.623287,562.547274
-50.601455,-70.368154,565.111458
-53.134332,-44.228843,565.117872
-49.767533,-18.563122,562.383319
-39.219450,11.080637,555.865226
-27.952379,25.355993,549.437855
-15.463928,36.823464,543.319892
-2.423655,46.971388,538.649746
10.706529,56.934897,536.111083
23.490113,67.797222,535.772834
35.349335,80.901831,537.125768
45.323793,98.071813,539.299270
51.785761,120.937997,541.378790
52.810705,147.781572,542.714895
47.998790,172.455296,543.125611
39.003463,-168.579789,542.932749
27.667355,-154.346619,542.824171
15.147859,-142.916396,543.585716
2.114844,-132.796727,545.788912
-10.973122,-122.855721,549.540292
-23.686362,-112.017130,554.382324
-35.458716,-98.951661,559.384420
-45.350269,-81.865155,563.394893
-51.769866,-59.159449,565.370955
-52.831244,-32.499546,564.684026
-48.116034,-7.902582,561.311963
-36.568752,20.013537,554.300653
-24.912888,33.419403,547.829628
-12.235637,44.435994,541.980275
0.866767,54.438745,537.801613
13.953615,64.520587,535.831365
26.570199,75.800612,535.982610
38.070193,89.732767,537.629777
47.348031,108.228927,539.859926
52.610275,132.474779,541.798527
52.113379,159.394393,542.899889
46.059985,-177.259200,543.111651
36.332166,-159.657027,542.866266
24.616453,-146.293364,542.904677
11.917867,-135.311711,543.987843
-1.168098,-125.335333,546.589873
-14.204904,-115.275468,550.678293
-26.745683,-104.021264,555.661481
-38.157372,-90.135907,560.525199
-47.358298,-71.740498,564.113263
-52.595428,-47.671988,565.460943
-52.154766,-20.918573,564.079153
-46.203580,2.381893,560.108486
-33.795325,28.682546,552.694064
-21.811455,41.336188,546.261455
-8.981477,51.986557,540.747683
4.156279,61.910921,537.094692
17.172179,72.179493,535.686984
29.582677,83.966904,536.287333
40.656041,98.850023,538.170011
49.122623,118.768350,540.400670
53.063149,144.203322,542.163412
51.059245,170.753372,543.026803
43.894050,-167.350846,543.067537
33.540291,-150.998711,542.817409
21.506039,-138.386202,543.051938
8.664382,-127.768438,544.487485
-4.448014,-117.868829,547.486592
-17.406529,-107.622199,551.874378
-29.736566,-95.863718,556.933899
-40.721633,-81.037168,561.585281
-49.119915,-61.238969,564.689199
-53.054877,-35.992402,565.377150
-51.124427,-9.582731,563.309378
-44.063214,12.293829,558.788040
-30.917832,37.119845,551.066188
-18.658675,49.130246,544.752314
-5.708571,59.492756,539.634232
7.438419,69.404108,536.531271
20.354037,79.931270,535.670590
32.514198,92.323925,536.673251
43.082983,108.286446,538.731372
50.613122,129.682186,540.910195
53.130633,156.012559,542.469487
49.676720,-178.212379,543.099972
41.532426,-157.800346,543.003991
30.646625,-142.572199,542.799136
18.346717,-130.601180,543.276066
5.394481,-120.269021,545.087596
-7.718536,-110.381118,548.472875
-20.569978,-99.876446,553.114303
-32.645944,-87.517074,558.181116
-43.128134,-71.623287,562.547274
-50.601455,-50.368154,565.111458
-53.134332,-24.228843,565.117872
-49.767533,1.436878,562.383319
-41.725849,21.851155,557.367511
-27.952379,45.355993,549.437855
-15.463928,56.823464,543.319892
-2.423655,66.971388,538.649746
10.706529,76.934897,536.111083
23.490113,87.797222,535.772834
35.349335,100.901831,537.125768
45.323793,118.071813,539.299270
51.785761,140.937997,541.378790
52.810705,167.781572,542.714895
47.998790,-167.544704,543.125611
39.003463,-148.579789,542.932749
27.667355,-134.346619,542.824171
15.147859,-122.916396,543.585716
2.114844,-112.796727,545.788912
-10.973122,-102.855721,549.540292
-23.686362,-92.017130,554.382324
-35.458716,-78.951661,559.384420
-45.350269,-61.865155,563.394893
-51.769866,-39.159449,565.370955
-52.831244,-12.499546,564.684026
-48.116034,12.097418,561.311963
-39.219450,31.080637,555.865226
-24.912888,53.419403,547.829628
-12.235637,64.435994,541.980275
0.866767,74.438745,537.801613
13.953615,84.520587,535.831365
26.570199,95.800612,535.982610
38.070193,109.732767,537.629777
47.348031,128.228927,539.859926
52.610275,152.474779,541.798527
52.113379,179.394393,542.899889
46.059985,-157.259200,543.111651
36.332166,-139.657027,542.866266
24.616453,-126.293364,542.904677
11.917867,-115.311711,543.987843
-1.168098,-105.335333,546.589873
-14.204904,-95.275468,550.678293
-26.745683,-84.021264,555.661481
-38.157372,-70.135907,560.525199
-47.358298,-51.740498,564.113263
-52.595428,-27.671988,565.460943
-52.154766,-0.918573,564.079153
-46.203580,22.381893,560.108486
-36.568752,40.013537,554.300653
-21.811455,61.336188,546.261455
-8.981477,71.986557,540.747683
4.156279,81.910921,537.094692
17.172179,92.179493,535.686984
29.582677,103.966904,536.287333
40.656041,118.850023,538.170011
49.122623,138.768350,540.400670
53.063149,164.203322,542.163412
51.059245,-169.246628,543.026803
43.894050,-147.350846,543.067537
33.540291,-130.998711,542.817409
21.506039,-118.386202,543.051938
8.664382,-107.768438,544.487485
-4.448014,-97.868829,547.486592
-17.406529,-87.622199,551.874378
-29.736566,-75.863718,556.933899
-40.721633,-61.037168,561.585281
-49.119915,-41.238969,564.689199
-53.054877,-15.992402,565.377150
-51.124427,10.417269,563.309378
-44.063214,32.293829,558.788040
-33.795325,48.682546,552.694064
-18.658675,69.130246,544.752314
-5.708571,79.492756,539.634232
7.438419,89.404108,536.531271
20.354037,99.931270,535.670590
32.514198,112.323925,536.673251
43.082983,128.286446,538.731372
50.613122,149.682186,540.910195
53.130633,176.012559,542.469487
49.676720,-158.212379,543.099972
41.532426,-137.800346,543.003991
30.646625,-122.572199,542.799136
18.346717,-110.601180,543.276066
5.394481,-100.269021,545.087596
-7.718536,-90.381118,548.472875
-20.569978,-79.876446,553.114303
-32.645944,-67.517074,558.181116
-43.128134,-51.623287,562.547274
-50.601455,-30.368154,565.111458
-53.134332,-4.228843,565.117872
-49.767533,21.436878,562.383319
-41.725849,41.851155,557.367511
-30.917832,57.119845,551.066188
-15.463928,76.823464,543.319892
-2.423655,86.971388,538.649746
10.706529,96.934897,536.111083
23.490113,107.797222,535.772834
35.349335,120.901831,537.125768
45.323793,138.071813,539.299270
51.785761,160.937997,541.378790
52.810705,-172.218428,542.714895
47.998790,-147.544704,543.125611
39.003463,-128.579789,542.932749
27.667355,-114.346619,542.824171
15.147859,-102.916396,543.585716
2.114844,-92.796727,545.788912
-10.973122,-82.855721,549.540292
-23.686362,-72.017130,554.382324
-35.458716,-58.951661,559.384420
-45.350269,-41.865155,563.394893
-51.769866,-19.159449,565.370955
-52.831244,7.500454,564.684026
-48.116034,32.097418,561.311963
-39.219450,51.080637,555.865226
-27.952379,65.355993,549.437855
-12.235637,84.435994,541.980275
0.866767,94.438745,537.801613
13.953615,104.520587,535.831365
26.570199,115.800612,535.982610
38.070193,129.732767,537.629777
47.348031,148.228927,539.859926
52.610275,172.474779,541.798527
52.113379,-160.605607,542.899889
46.059985,-137.259200,543.111651
36.332166,-119.657027,542.866266
24.616453,-106.293364,542.904677
11.917867,-95.311711,543.987843
-1.168098,-85.335333,546.589873
-14.204904,-75.275468,550.678293
-26.745683,-64.021264,555.661481
-38.157372,-50.135907,560.525199
-47.358298,-31.740498,564.113263
-52.595428,-7.671988,565.460943
-52.154766,19.081427,564.079153
-46.203580,42.381893,560.108486
-36.568752,60.013537,554.300653
-24.912888,73.419403,547.829628
-8.981477,91.986557,540.747683
4.156279,101.910921,537.094692
17.172179,112.179493,535.686984
29.582677,123.966904,536.287333
40.656041,138.850023,538.170011
49.122623,158.768350,540.400670
53.063149,-175.796678,542.163412
51.059245,-149.246628,543.026803
43.894050,-127.350846,543.067537
33.540291,-110.998711,542.817409
21.506039,-98.386202,543.051938
8.664382,-87.768438,544.487485
-4.448014,-77.868829,547.486592
-17.406529,-67.622199,551.874378
-29.736566,-55.863718,556.933899
-40.721633,-41.037168,561.585281
-49.119915,-21.238969,564.689199
-53.054877,4.007598,565.377150
-51.124427,30.417269,563.309378
-44.063214,52.293829,558.788040
-33.795325,68.682546,552.694064
-21.811455,81.336188,546.261455
-5.708571,99.492756,539.634232
7.438419,109.404108,536.531271
20.354037,119.931270,535.670590
32.514198,132.323925,536.673251
43.082983,148.286446,538.731372
50.613122,169.682186,540.910195
53.130633,-163.987441,542.469487
49.676720,-138.212379,543.099972
41.532426,-117.800346,543.003991
30.646625,-102.572199,542.799136
18.346717,-90.601180,543.276066
5.394481,-80.269021,545.087596
-7.718536,-70.381118,548.472875
-20.569978,-59.876446,553.114303
-32.645944,-47.517074,558.181116
-43.128134,-31.623287,562.547274
-50.601455,-10.368154,565.111458
-53.134332,15.771157,565.117872
-49.767533,41.436878,562.383319
-41.725849,61.851155,557.367511
-30.917832,77.119845,551.066188
-18.658675,89.130246,544.752314
-2.423655,106.971388,538.649746
10.706529,116.934897,536.111083
23.490113,127.797222,535.772834
35.349335,140.901831,537.125768
45.323793,158.071813,539.299270
51.785761,-179.062003,541.378790
52.810705,-152.218428,542.714895
47.998790,-127.544704,543.125611
39.003463,-108.579789,542.932749
27.667355,-94.346619,542.824171
15.147859,-82.916396,543.585716
2.114844,-72.796727,545.788912
-10.973122,-62.855721,549.540292
-23.686362,-52.017130,554.382324
-35.458716,-38.951661,559.384420
-45.350269,-21.865155,563.394893
-51.769866,0.840551,565.370955
-52.831244,27.500454,564.684026
-48.116034,52.097418,561.311963
-39.219450,71.080637,555.865226
-27.952379,85.355993,549.437855
-15.463928,96.823464,543.319892
0.866767,114.438745,537.801613
13.953615,124.520587,535.831365
26.570199,135.800612,535.982610
38.070193,149.732767,537.629777
47.348031,168.228927,539.859926
52.610275,-167.525221,541.798527
52.113379,-140.605607,542.899889
46.059985,-117.259200,543.111651
36.332166,-99.657027,542.866266
24.616453,-86.293364,542.904677
11.917867,-75.311711,543.987843
-1.168098,-65.335333,546.589873
-14.204904,-55.275468,550.678293
-26.745683,-44.021264,555.661481
-38.157372,-30.135907,560.525199
-47.358298,-11.740498,564.113263
-52.595428,12.328012,565.460943
-52.154766,39.081427,564.079153
-46.203580,62.381893,560.108486
-36.568752,80.013537,554.300653
-24.912888,93.419403,547.829628
-12.235637,104.435994,541.980275
4.156279,121.910921,537.094692
17.172179,132.179493,535.686984
29.582677,143.966904,536.287333
40.656041,158.850023,538.170011
49.122623,178.768350,540.400670
53.063149,-155.796678,542.163412
51.059245,-129.246628,543.026803
43.894050,-107.350846,543.067537
33.540291,-90.998711,542.817409
21.506039,-78.386202,543.051938
8.664382,-67.768438,544.487485
-4.448014,-57.868829,547.486592
-17.406529,-47.622199,551.874378
-29.736566,-35.863718,556.933899
-40.721633,-21.037168,561.585281
-49.119915,-1.238969,564.689199
-53.054877,24.007598,565.377150
-51.124427,50.417269,563.309378
-44.063214,72.293829,558.788040
-33.795325,88.682546,552.694064
-21.811455,101.336188,546.261455
-8.981477,111.986557,540.747683
7.438419,129.404108,536.531271
20.354037,139.931270,535.670590
32.514198,152.323925,536.673251
43.082983,168.286446,538.731372
50.613122,-170.317814,540.910195
53.130633,-143.987441,542.469487
49.676720,-118.212379,543.099972
41.532426,-97.800346,543.003991
30.646625,-82.572199,542.799136
18.346717,-70.601180,543.276066
5.394481,-60.269021,545.087596
-7.718536,-50.381118,548.472875
-20.569978,-39.876446,553.114303
-32.645944,-27.517074,558.181116
-43.128134,-11.623287,562.547274
-50.601455,9.631846,565.111458
-53.134332,35.771157,565.117872
-49.767533,61.436878,562.383319
-41.725849,81.851155,557.367511
-30.917832,97.119845,551.066188
-18.658675,109.130246,544.752314
-5.708571,119.492756,539.634232
10.706529,136.934897,536.111083
23.490113,147.797222,535.772834
35.349335,160.901831,537.125768
45.323793,178.071813,539.299270
51.785761,-159.062003,541.378790
52.810705,-132.218428,542.714895
47.998790,-107.544704,543.125611
39.003463,-88.579789,542.932749
27.667355,-74.346619,542.824171
15.147859,-62.916396,543.585716
2.114844,-52.796727,545.788912
-10.973122,-42.855721,549.540292
-23.686362,-32.017130,554.382324
-35.458716,-18.951661,559.384420
-45.350269,-1.865155,563.394893
-51.769866,20.840551,565.370955
-52.831244,47.500454,564.684026
-48.116034,72.097418,561.311963
-39.219450,91.080637,555.865226
-27.952379,105.355993,549.437855
-15.463928,116.823464,543.319892
-2.423655,126.971388,538.649746
13.953615,144.520587,535.831365
26.570199,155.800612,535.982610
38.070193,169.732767,537.629777
47.348031,-171.771073,539.859926
52.610275,-147.525221,541.798527
52.113379,-120.605607,542.899889
46.059985,-97.259200,543.111651
36.332166,-79.657027,542.866266
24.616453,-66.293364,542.904677
11.917867,-55.311711,543.987843
-1.168098,-45.335333,546.589873
-14.204904,-35.275468,550.678293
-26.745683,-24.021264,555.661481
-38.157372,-10.135907,560.525199
-47.358298,8.259502,564.113263
-52.595428,32.328012,565.460943
-52.154766,59.081427,564.079153
-46.203580,82.381893,560.108486
-36.568752,100.013537,554.300653
-24.912888,113.419403,547.829628
-12.235637,124.435994,541.980275
0.866767,134.438745,537.801613
17.172179,152.179493,535.686984
29.582677,163.966904,536.287333
40.656041,178.850023,538.170011
49.122623,-161.231650,540.400670
53.063149,-135.796678,542.163412
51.059245,-109.246628,543.026803
43.894050,-87.350846,543.067537
33.540291,-70.998711,542.817409
21.506039,-58.386202,543.051938
8.664382,-47.768438,544.487485
-4.448014,-37.868829,547.486592
-17.406529,-27.622199,551.874378
-29.736566,-15.863718,556.933899
-40.721633,-1.037168,561.585281
-49.119915,18.761031,564.689199
-53.054877,44.007598,565.377150
-51.124427,70.417269,563.309378
-44.063214,92.293829,558.788040
-33.795325,108.682546,552.694064
-21.811455,121.336188,546.261455
-8.981477,131.986557,540.747683
4.156279,141.910921,537.094692
20.354037,159.931270,535.670590
32.514198,172.323925,536.673251
43.082983,-171.713554,538.731372
50.613122,-150.317814,540.910195
53.130633,-123.987441,542.469487
49.676720,-98.212379,543.099972
41.532426,-77.800346,543.003991
30.646625,-62.572199,542.799136
18.346717,-50.601180,543.276066
5.394481,-40.269021,545.087596
-7.718536,-30.381118,548.472875
-20.569978,-19.876446,553.114303
-32.645944,-7.517074,558.181116
-43.128134,8.376713,562.547274
-50.601455,29.631846,565.111458
-53.134332,55.771157,565.117872
-49.767533,81.436878,562.383319
-41.725849,101.851155,557.367511
-30.917832,117.119845,551.066188
-18.658675,129.130246,544.752314
-5.708571,139.492756,539.634232
7.438419,149.404108,536.531271
23.490113,167.797222,535.772834
35.349335,-179.098169,537.125768
45.323793,-161.928187,539.299270
51.785761,-139.062003,541.378790
52.810705,-112.218428,542.714895
47.998790,-87.544704,543.125611
39.003463,-68.579789,542.932749
27.667355,-54.346619,542.824171
15.147859,-42.916396,543.585716
2.114844,-32.796727,545.788912
-10.973122,-22.855721,549.540292
-23.686362,-12.017130,554.382324
-35.458716,1.048339,559.384420
-45.350269,18.134845,563.394893
-51.769866,40.840551,565.370955
-52.831244,67.500454,564.684026
-48.116034,92.097418,561.311963
-39.219450,111.080637,555.865226
-27.952379,125.355993,549.437855
-15.463928,136.823464,543.319892
-2.423655,146.971388,538.649746
10.706529,156.934897,536.111083
26.570199,175.800612,535.982610
38.070193,-170.267233,537.629777
47.348031,-151.771073,539.859926
52.610275,-127.525221,541.798527
52.113379,-100.605607,542.899889
46.059985,-77.259200,543.111651
36.332166,-59.657027,542.866266
24.616453,-46.293364,542.904677
11.917867,-35.311711,543.987843
-1.168098,-25.335333,546.589873
-14.204904,-15.275468,550.678293
-26.745683,-4.021264,555.661481
-38.157372,9.864093,560.525199
-47.358298,28.259502,564.113263
-52.595428,52.328012,565.460943
-52.154766,79.081427,564.079153
-46.203580,102.381893,560.108486
-36.568752,120.013537,554.300653
-24.912888,133.419403,547.829628
-12.235637,144.435994,541.980275
0.866767,154.438745,537.801613
13.953615,164.520587,535.831365
29.582677,-176.033096,536.287333
40.656041,-161.149977,538.170011
49.122623,-141.231650,540.400670
53.063149,-115.796678,542.163412
51.059245,-89.246628,543.026803
43.894050,-67.350846,543.067537
33.540291,-50.998711,542.817409
21.506039,-38.386202,543.051938
8.664382,-27.768438,544.487485
-4.448014,-17.868829,547.486592
-17.406529,-7.622199,551.874378
-29.736566,4.136282,556.933899
-40.721633,18.962832,561.585281
-49.119915,38.761031,564.689199
-53.054877,64.007598,565.377150
-51.124427,90.417269,563.309378
-44.063214,112.293829,558.788040
-33.795325,128.682546,552.694064
-21.811455,141.336188,546.261455
-8.981477,151.986557,540.747683
4.156279,161.910921,537.094692
17.172179,172.179493,535.686984
32.514198,-167.676075,536.673251
43.082983,-151.713554,538.731372
50.613122,-130.317814,540.910195
53.130633,-103.987441,542.469487
49.676720,-78.212379,543.099972
41.532426,-57.800346,543.003991
30.646625,-42.572199,542.799136
18.346717,-30.601180,543.276066
5.394481,-20.269021,545.087596
-7.718536,-10.381118,548.472875
-20.569978,0.123554,553.114303
-32.645944,12.482926,558.181116
-43.128134,28.376713,562.547274
-50.601455,49.631846,565.111458
-53.134332,75.771157,565.117872
-49.767533,101.436878,562.383319
-41.725849,121.851155,557.367511
-30.917832,137.119845,551.066188
-18.658675,149.130246,544.752314
-5.708571,159.492756,539.634232
7.438419,169.404108,536.531271
20.354037,179.931270,535.670590
35.349335,-159.098169,537.125768
45.323793,-141.928187,539.299270
51.785761,-119.062003,541.378790
52.810705,-92.218428,542.714895
47.998790,-67.544704,543.125611
39.003463,-48.579789,542.932749
27.667355,-34.346619,542.824171
15.147859,-22.916396,543.585716
2.114844,-12.796727,545.788912
-10.973122,-2.855721,549.540292
-23.686362,7.982870,554.382324
-35.458716,21.048339,559.384420
-45.350269,38.134845,563.394893
-51.769866,60.840551,565.370955
-52.831244,87.500454,564.684026
-48.116034,112.097418,561.311963
-39.219450,131.080637,555.865226
-27.952379,145.355993,549.437855
-15.463928,156.823464,543.319892
-2.423655,166.971388,538.649746
10.706529,176.934897,536.111083
23.490113,-172.202778,535.772834
38.070193,-150.267233,537.629777
47.348031,-131.771073,539.859926
52.610275,-107.525221,541.798527
52.113379,-80.605607,542.899889
46.059985,-57.259200,543.111651
36.332166,-39.657027,542.866266
24.616453,-26.293364,542.904677
11.917867,-15.311711,543.987843
-1.168098,-5.335333,546.589873
-14.204904,4.724532,550.678293
-26.745683,15.978736,555.661481
-38.157372,29.864093,560.525199
-47.358298,48.259502,564.113263
-52.595428,72.328012,565.460943
-52.154766,99.081427,564.079153
-46.203580,122.381893,560.108486
-36.568752,140.013537,554.300653
-24.912888,153.419403,547.829628
-12.235637,164.435994,541.980275
0.866767,174.438745,537.801613
13.953615,-175.479413,535.831365
26.570199,-164.199388,535.982610
40.656041,-141.149977,538.170011
49.122623,-121.231650,540.400670
53.063149,-95.796678,542.163412
51.059245,-69.246628,543.026803
43.894050,-47.350846,543.067537
33.540291,-30.998711,542.817409
21.506039,-18.386202,543.051938
8.664382,-7.768438,544.487485
-4.448014,2.131171,547.486592
-17.406529,12.377801,551.874378
-29.736566,24.136282,556.933899
-40.721633,38.962832,561.585281
-49.119915,58.761031,564.689199
-53.054877,84.007598,565.377150
-51.124427,110.417269,563.309378
-44.063214,132.293829,558.788040
-33.795325,148.682546,552.694064
-21.811455,161.336188,546.261455
-8.981477,171.986557,540.747683
4.156279,-178.089079,537.094692
17.172179,-167.820507,535.686984
29.582677,-156.033096,536.287333
43.082983,-131.713554,538.731372
50.613122,-110.317814,540.910195
53.130633,-83.987441,542.469487
49.676720,-58.212379,543.099972
41.532426,-37.800346,543.003991
30.646625,-22.572199,542.799136
18.346717,-10.601180,543.276066
5.394481,-0.269021,545.087596
-7.718536,9.618882,548.472875
-20.569978,20.123554,553.114303
-32.645944,32.482926,558.181116
-43.128134,48.376713,562.547274
-50.601455,69.631846,565.111458
-53.134332,95.771157,565.117872
-49.767533,121.436878,562.383319
-41.725849,141.851155,557.367511
-30.917832,157.119845,551.066188
-18.658675,169.130246,544.752314
-5.708571,179.492756,539.634232
7.438419,-170.595892,536.531271
20.354037,-160.068730,535.670590
32.514198,-147.676075,536.673251
