38.963419,-28.521553,542.931655
27.620968,-14.302683,542.824955
15.098425,-2.880033,543.591178
2.064390,7.236919,545.800473
-11.022989,17.179251,549.557277
-23.733846,28.023595,554.401945
-35.501109,41.100784,559.402475
-45.382835,58.206569,563.406950
-51.785220,80.934120,565.373637
-52.823633,107.598779,564.676013
-48.088525,132.177277,561.294431
-39.179738,151.139022,555.841601
-27.906185,165.400089,549.412934
-15.414539,176.859953,543.298563
-2.373102,-172.994872,538.635665
10.756619,-163.030049,536.105733
23.537909,-152.161945,535.775277
35.392072,-139.045512,537.133165
45.356629,-121.856005,539.307976
51.801140,-98.967687,541.385627
52.802802,-72.119550,542.718189
47.970874,-47.464788,543.125670
36.290112,-19.603109,542.865344
24.569064,-6.251866,542.906403
11.868016,4.723570,543.994770
-1.218553,14.698270,546.602941
-14.254365,24.760485,550.696271
-26.792205,36.021750,555.681136
-38.197861,49.920640,560.542150
-47.387326,68.336978,564.123226
-52.605310,92.425255,565.460980
-52.141544,119.176659,564.068553
-46.172322,142.455953,560.089036
-36.526999,160.067617,554.276227
-24.865655,173.461052,547.805174
-12.185794,-175.528608,541.960489
0.917354,-165.527563,537.789672
14.003324,-155.443375,535.828140
26.617048,-144.156250,535.986610
38.111020,-130.210428,537.637846
47.377285,-111.693056,539.868418
52.620097,-87.427215,541.804562
52.099811,-60.509953,542.902267
46.028327,-37.185164,543.111171
33.496537,-10.948599,542.816859
21.457821,1.653243,543.054773
8.614226,12.266039,544.495941
-4.498373,22.164978,547.501090
-17.455466,32.415025,551.893142
-29.781939,44.181989,556.953308
-40.759881,59.023984,561.600854
-49.144895,78.844295,564.696880
-53.058995,104.106994,565.374496
-51.105963,130.508106,563.296304
-44.028701,152.362274,558.766921
-33.751838,168.732824,552.669153
-21.763356,-178.624224,546.237768
-8.931293,-167.978858,540.729642
4.206802,-158.055187,537.084946
17.221388,-147.783194,535.685787
29.628387,-135.987243,536.292688
40.694614,-121.088511,538.178518
49.147772,-101.147762,540.408763
53.067124,-75.696549,542.168567
51.040398,-49.155504,543.028317
43.859153,-27.282485,543.066674
30.601439,-2.525403,542.799157
18.297823,9.436563,543.280154
5.344126,19.764914,545.097608
-7.768701,29.653142,548.488690
-20.618261,40.162359,553.133621
-32.689953,52.531766,558.199991
-43.163759,68.442947,562.561209
-50.621866,89.720610,565.116700
-53.132559,115.870929,565.112521
-49.744291,141.522448,562.367923
-41.688534,161.914341,557.344993
-30.872877,177.166805,551.041113
-18.609862,-170.831876,544.729676
-5.658152,-160.473208,539.618104
7.488777,-150.561549,536.523735
20.402613,-140.029829,535.671292
32.558550,-127.627060,536.679742
43.118909,-111.646938,538.740088
50.633636,-90.228354,540.917728
53.128637,-63.887008,542.473718
49.653076,-38.126645,543.100704
41.494751,-17.737283,543.002919
27.620968,5.697317,542.824955
15.098425,17.119967,543.591178
2.064390,27.236919,545.800473
-11.022989,37.179251,549.557277
-23.733846,48.023595,554.401945
-35.501109,61.100784,559.402475
-45.382835,78.206569,563.406950
-51.785220,100.934120,565.373637
-52.823633,127.598779,564.676013
-48.088525,152.177277,561.294431
-39.179738,171.139022,555.841601
-27.906185,-174.599911,549.412934
-15.414539,-163.140047,543.298563
-2.373102,-152.994872,538.635665
10.756619,-143.030049,536.105733
23.537909,-132.161945,535.775277
35.392072,-119.045512,537.133165
45.356629,-101.856005,539.307976
51.801140,-78.967687,541.385627
52.802802,-52.119550,542.718189
47.970874,-27.464788,543.125670
38.963419,-8.521553,542.931655
24.569064,13.748134,542.906403
11.868016,24.723570,543.994770
-1.218553,34.698270,546.602941
-14.254365,44.760485,550.696271
-26.792205,56.021750,555.681136
-38.197861,69.920640,560.542150
-47.387326,88.336978,564.123226
-52.605310,112.425255,565.460980
-52.141544,139.176659,564.068553
-46.172322,162.455953,560.089036
-36.526999,-179.932383,554.276227
-24.865655,-166.538948,547.805174
-12.185794,-155.528608,541.960489
0.917354,-145.527563,537.789672
14.003324,-135.443375,535.828140
26.617048,-124.156250,535.986610
38.111020,-110.210428,537.637846
47.377285,-91.693056,539.868418
52.620097,-67.427215,541.804562
52.099811,-40.509953,542.902267
46.028327,-17.185164,543.111171
36.290112,0.396891,542.865344
21.457821,21.653243,543.054773
8.614226,32.266039,544.495941
-4.498373,42.164978,547.501090
-17.455466,52.415025,551.893142
-29.781939,64.181989,556.953308
-40.759881,79.023984,561.600854
-49.144895,98.844295,564.696880
-53.058995,124.106994,565.374496
-51.105963,150.508106,563.296304
-44.028701,172.362274,558.766921
-33.751838,-171.267176,552.669153
-21.763356,-158.624224,546.237768
-8.931293,-147.978858,540.729642
4.206802,-138.055187,537.084946
17.221388,-127.783194,535.685787
29.628387,-115.987243,536.292688
40.694614,-101.088511,538.178518
49.147772,-81.147762,540.408763
53.067124,-55.696549,542.168567
51.040398,-29.155504,543.028317
43.859153,-7.282485,543.066674
33.496537,9.051401,542.816859
18.297823,29.436563,543.280154
5.344126,39.764914,545.097608
-7.768701,49.653142,548.488690
-20.618261,60.162359,553.133621
-32.689953,72.531766,558.199991
-43.163759,88.442947,562.561209
-50.621866,109.720610,565.116700
-53.132559,135.870929,565.112521
-49.744291,161.522448,562.367923
-41.688534,-178.085659,557.344993
-30.872877,-162.833195,551.041113
-18.609862,-150.831876,544.729676
-5.658152,-140.473208,539.618104
7.488777,-130.561549,536.523735
20.402613,-120.029829,535.671292
32.558550,-107.627060,536.679742
43.118909,-91.646938,538.740088
50.633636,-70.228354,540.917728
53.128637,-43.887008,542.473718
49.653076,-18.126645,543.100704
41.494751,2.262717,543.002919
30.601439,17.474597,542.799157
15.098425,37.119967,543.591178
2.064390,47.236919,545.800473
-11.022989,57.179251,549.557277
-23.733846,68.023595,554.401945
-35.501109,81.100784,559.402475
-45.382835,98.206569,563.406950
-51.785220,120.934120,565.373637
-52.823633,147.598779,564.676013
-48.088525,172.177277,561.294431
-39.179738,-168.860978,555.841601
-27.906185,-154.599911,549.412934
-15.414539,-143.140047,543.298563
-2.373102,-132.994872,538.635665
10.756619,-123.030049,536.105733
23.537909,-112.161945,535.775277
35.392072,-99.045512,537.133165
45.356629,-81.856005,539.307976
51.801140,-58.967687,541.385627
52.802802,-32.119550,542.718189
47.970874,-7.464788,543.125670
38.963419,11.478447,542.931655
27.620968,25.697317,542.824955
11.868016,44.723570,543.994770
-1.218553,54.698270,546.602941
-14.254365,64.760485,550.696271
-26.792205,76.021750,555.681136
-38.197861,89.920640,560.542150
-47.387326,108.336978,564.123226
-52.605310,132.425255,565.460980
-52.141544,159.176659,564.068553
-46.172322,-177.544047,560.089036
-36.526999,-159.932383,554.276227
-24.865655,-146.538948,547.805174
-12.185794,-135.528608,541.960489
0.917354,-125.527563,537.789672
14.003324,-115.443375,535.828140
26.617048,-104.156250,535.986610
38.111020,-90.210428,537.637846
47.377285,-71.693056,539.868418
52.620097,-47.427215,541.804562
52.099811,-20.509953,542.902267
46.028327,2.814836,543.111171
36.290112,20.396891,542.865344
24.569064,33.748134,542.906403
8.614226,52.266039,544.495941
-4.498373,62.164978,547.501090
-17.455466,72.415025,551.893142
-29.781939,84.181989,556.953308
-40.759881,99.023984,561.600854
-49.144895,118.844295,564.696880
-53.058995,144.106994,565.374496
-51.105963,170.508106,563.296304
-44.028701,-167.637726,558.766921
-33.751838,-151.267176,552.669153
-21.763356,-138.624224,546.237768
-8.931293,-127.978858,540.729642
4.206802,-118.055187,537.084946
17.221388,-107.783194,535.685787
29.628387,-95.987243,536.292688
40.694614,-81.088511,538.178518
49.147772,-61.147762,540.408763
53.067124,-35.696549,542.168567
51.040398,-9.155504,543.028317
43.859153,12.717515,543.066674
33.496537,29.051401,542.816859
21.457821,41.653243,543.054773
5.344126,59.764914,545.097608
-7.768701,69.653142,548.488690
-20.618261,80.162359,553.133621
-32.689953,92.531766,558.199991
-43.163759,108.442947,562.561209
-50.621866,129.720610,565.116700
-53.132559,155.870929,565.112521
-49.744291,-178.477552,562.367923
-41.688534,-158.085659,557.344993
-30.872877,-142.833195,551.041113
-18.609862,-130.831876,544.729676
-5.658152,-120.473208,539.618104
7.488777,-110.561549,536.523735
20.402613,-100.029829,535.671292
32.558550,-87.627060,536.679742
43.118909,-71.646938,538.740088
50.633636,-50.228354,540.917728
53.128637,-23.887008,542.473718
49.653076,1.873355,543.100704
41.494751,22.262717,543.002919
30.601439,37.474597,542.799157
18.297823,49.436563,543.280154
2.064390,67.236919,545.800473
-11.022989,77.179251,549.557277
-23.733846,88.023595,554.401945
-35.501109,101.100784,559.402475
-45.382835,118.206569,563.406950
-51.785220,140.934120,565.373637
-52.823633,167.598779,564.676013
-48.088525,-167.822723,561.294431
-39.179738,-148.860978,555.841601
-27.906185,-134.599911,549.412934
-15.414539,-123.140047,543.298563
-2.373102,-112.994872,538.635665
10.756619,-103.030049,536.105733
23.537909,-92.161945,535.775277
35.392072,-79.045512,537.133165
45.356629,-61.856005,539.307976
51.801140,-38.967687,541.385627
52.802802,-12.119550,542.718189
47.970874,12.535212,543.125670
38.963419,31.478447,542.931655
27.620968,45.697317,542.824955
15.098425,57.119967,543.591178
-1.218553,74.698270,546.602941
-14.254365,84.760485,550.696271
-26.792205,96.021750,555.681136
-38.197861,109.920640,560.542150
-47.387326,128.336978,564.123226
-52.605310,152.425255,565.460980
-52.141544,179.176659,564.068553
-46.172322,-157.544047,560.089036
-36.526999,-139.932383,554.276227
-24.865655,-126.538948,547.805174
-12.185794,-115.528608,541.960489
0.917354,-105.527563,537.789672
14.003324,-95.443375,535.828140
26.617048,-84.156250,535.986610
38.111020,-70.210428,537.637846
47.377285,-51.693056,539.868418
52.620097,-27.427215,541.804562
52.099811,-0.509953,542.902267
46.028327,22.814836,543.111171
36.290112,40.396891,542.865344
24.569064,53.748134,542.906403
11.868016,64.723570,543.994770
-4.498373,82.164978,547.501090
-17.455466,92.415025,551.893142
-29.781939,104.181989,556.953308
-40.759881,119.023984,561.600854
-49.144895,138.844295,564.696880
-53.058995,164.106994,565.374496
-51.105963,-169.491894,563.296304
-44.028701,-147.637726,558.766921
-33.751838,-131.267176,552.669153
-21.763356,-118.624224,546.237768
-8.931293,-107.978858,540.729642
4.206802,-98.055187,537.084946
17.221388,-87.783194,535.685787
29.628387,-75.987243,536.292688
40.694614,-61.088511,538.178518
49.147772,-41.147762,540.408763
53.067124,-15.696549,542.168567
51.040398,10.844496,543.028317
43.859153,32.717515,543.066674
33.496537,49.051401,542.816859
21.457821,61.653243,543.054773
8.614226,72.266039,544.495941
-7.768701,89.653142,548.488690
-20.618261,100.162359,553.133621
-32.689953,112.531766,558.199991
-43.163759,128.442947,562.561209
-50.621866,149.720610,565.116700
-53.132559,175.870929,565.112521
-49.744291,-158.477552,562.367923
-41.688534,-138.085659,557.344993
-30.872877,-122.833195,551.041113
-18.609862,-110.831876,544.729676
-5.658152,-100.473208,539.618104
7.488777,-90.561549,536.523735
20.402613,-80.029829,535.671292
32.558550,-67.627060,536.679742
43.118909,-51.646938,538.740088
50.633636,-30.228354,540.917728
53.128637,-3.887008,542.473718
49.653076,21.873355,543.100704
41.494751,42.262717,543.002919
30.601439,57.474597,542.799157
18.297823,69.436563,543.280154
5.344126,79.764914,545.097608
-11.022989,97.179251,549.557277
-23.733846,108.023595,554.401945
-35.501109,121.100784,559.402475
-45.382835,138.206569,563.406950
-51.785220,160.934120,565.373637
-52.823633,-172.401221,564.676013
-48.088525,-147.822723,561.294431
-39.179738,-128.860978,555.841601
-27.906185,-114.599911,549.412934
-15.414539,-103.140047,543.298563
-2.373102,-92.994872,538.635665
10.756619,-83.030049,536.105733
23.537909,-72.161945,535.775277
35.392072,-59.045512,537.133165
45.356629,-41.856005,539.307976
51.801140,-18.967687,541.385627
52.802802,7.880450,542.718189
47.970874,32.535212,543.125670
38.963419,51.478447,542.931655
27.620968,65.697317,542.824955
15.098425,77.119967,543.591178
2.064390,87.236919,545.800473
-14.254365,104.760485,550.696271
-26.792205,116.021750,555.681136
-38.197861,129.920640,560.542150
-47.387326,148.336978,564.123226
-52.605310,172.425255,565.460980
-52.141544,-160.823341,564.068553
-46.172322,-137.544047,560.089036
-36.526999,-119.932383,554.276227
-24.865655,-106.538948,547.805174
-12.185794,-95.528608,541.960489
0.917354,-85.527563,537.789672
14.003324,-75.443375,535.828140
26.617048,-64.156250,535.986610
38.111020,-50.210428,537.637846
47.377285,-31.693056,539.868418
52.620097,-7.427215,541.804562
52.099811,19.490047,542.902267
46.028327,42.814836,543.111171
36.290112,60.396891,542.865344
24.569064,73.748134,542.906403
11.868016,84.723570,543.994770
-1.218553,94.698270,546.602941
-17.455466,112.415025,551.893142
-29.781939,124.181989,556.953308
-40.759881,139.023984,561.600854
-49.144895,158.844295,564.696880
-53.058995,-175.893006,565.374496
-51.105963,-149.491894,563.296304
-44.028701,-127.637726,558.766921
-33.751838,-111.267176,552.669153
-21.763356,-98.624224,546.237768
-8.931293,-87.978858,540.729642
4.206802,-78.055187,537.084946
17.221388,-67.783194,535.685787
29.628387,-55.987243,536.292688
40.694614,-41.088511,538.178518
49.147772,-21.147762,540.408763
53.067124,4.303451,542.168567
51.040398,30.844496,543.028317
43.859153,52.717515,543.066674
33.496537,69.051401,542.816859
21.457821,81.653243,543.054773
8.614226,92.266039,544.495941
-4.498373,102.164978,547.501090
-20.618261,120.162359,553.133621
-32.689953,132.531766,558.199991
-43.163759,148.442947,562.561209
-50.621866,169.720610,565.116700
-53.132559,-164.129071,565.112521
-49.744291,-138.477552,562.367923
-41.688534,-118.085659,557.344993
-30.872877,-102.833195,551.041113
-18.609862,-90.831876,544.729676
-5.658152,-80.473208,539.618104
7.488777,-70.561549,536.523735
20.402613,-60.029829,535.671292
32.558550,-47.627060,536.679742
43.118909,-31.646938,538.740088
50.633636,-10.228354,540.917728
53.128637,16.112992,542.473718
49.653076,41.873355,543.100704
41.494751,62.262717,543.002919
30.601439,77.474597,542.799157
18.297823,89.436563,543.280154
5.344126,99.764914,545.097608
-7.768701,109.653142,548.488690
-23.733846,128.023595,554.401945
-35.501109,141.100784,559.402475
-45.382835,158.206569,563.406950
-51.785220,-179.065880,565.373637
-52.823633,-152.401221,564.676013
-48.088525,-127.822723,561.294431
-39.179738,-108.860978,555.841601
-27.906185,-94.599911,549.412934
-15.414539,-83.140047,543.298563
-2.373102,-72.994872,538.635665
10.756619,-63.030049,536.105733
23.537909,-52.161945,535.775277
35.392072,-39.045512,537.133165
45.356629,-21.856005,539.307976
51.801140,1.032313,541.385627
52.802802,27.880450,542.718189
47.970874,52.535212,543.125670
38.963419,71.478447,542.931655
27.620968,85.697317,542.824955
15.098425,97.119967,543.591178
2.064390,107.236919,545.800473
-11.022989,117.179251,549.557277
-26.792205,136.021750,555.681136
-38.197861,149.920640,560.542150
-47.387326,168.336978,564.123226
-52.605310,-167.574745,565.460980
-52.141544,-140.823341,564.068553
-46.172322,-117.544047,560.089036
-36.526999,-99.932383,554.276227
-24.865655,-86.538948,547.805174
-12.185794,-75.528608,541.960489
0.917354,-65.527563,537.789672
14.003324,-55.443375,535.828140
26.617048,-44.156250,535.986610
38.111020,-30.210428,537.637846
47.377285,-11.693056,539.868418
52.620097,12.572785,541.804562
52.099811,39.490047,542.902267
46.028327,62.814836,543.111171
36.290112,80.396891,542.865344
24.569064,93.748134,542.906403
11.868016,104.723570,543.994770
-1.218553,114.698270,546.602941
-14.254365,124.760485,550.696271
-29.781939,144.181989,556.953308
-40.759881,159.023984,561.600854
-49.144895,178.844295,564.696880
-53.058995,-155.893006,565.374496
-51.105963,-129.491894,563.296304
-44.028701,-107.637726,558.766921
-33.751838,-91.267176,552.669153
-21.763356,-78.624224,546.237768
-8.931293,-67.978858,540.729642
4.206802,-58.055187,537.084946
17.221388,-47.783194,535.685787
29.628387,-35.987243,536.292688
40.694614,-21.088511,538.178518
49.147772,-1.147762,540.408763
53.067124,24.303451,542.168567
51.040398,50.844496,543.028317
43.859153,72.717515,543.066674
33.496537,89.051401,542.816859
21.457821,101.653243,543.054773
8.614226,112.266039,544.495941
-4.498373,122.164978,547.501090
-17.455466,132.415025,551.893142
-32.689953,152.531766,558.199991
-43.163759,168.442947,562.561209
-50.621866,-170.279390,565.116700
-53.132559,-144.129071,565.112521
-49.744291,-118.477552,562.367923
-41.688534,-98.085659,557.344993
-30.872877,-82.833195,551.041113
-18.609862,-70.831876,544.729676
-5.658152,-60.473208,539.618104
7.488777,-50.561549,536.523735
20.402613,-40.029829,535.671292
32.558550,-27.627060,536.679742
43.118909,-11.646938,538.740088
50.633636,9.771646,540.917728
53.128637,36.112992,542.473718
49.653076,61.873355,543.100704
41.494751,82.262717,543.002919
30.601439,97.474597,542.799157
18.297823,109.436563,543.280154
5.344126,119.764914,545.097608
-7.768701,129.653142,548.488690
-20.618261,140.162359,553.133621
-35.501109,161.100784,559.402475
-45.382835,178.206569,563.406950
-51.785220,-159.065880,565.373637
-52.823633,-132.401221,564.676013
-48.088525,-107.822723,561.294431
-39.179738,-88.860978,555.841601
-27.906185,-74.599911,549.412934
-15.414539,-63.140047,543.298563
-2.373102,-52.994872,538.635665
10.756619,-43.030049,536.105733
23.537909,-32.161945,535.775277
35.392072,-19.045512,537.133165
45.356629,-1.856005,539.307976
51.801140,21.032313,541.385627
52.802802,47.880450,542.718189
47.970874,72.535212,543.125670
38.963419,91.478447,542.931655
27.620968,105.697317,542.824955
15.098425,117.119967,543.591178
2.064390,127.236919,545.800473
-11.022989,137.179251,549.557277
-23.733846,148.023595,554.401945
-38.197861,169.920640,560.542150
-47.387326,-171.663022,564.123226
-52.605310,-147.574745,565.460980
-52.141544,-120.823341,564.068553
-46.172322,-97.544047,560.089036
-36.526999,-79.932383,554.276227
-24.865655,-66.538948,547.805174
-12.185794,-55.528608,541.960489
0.917354,-45.527563,537.789672
14.003324,-35.443375,535.828140
26.617048,-24.156250,535.986610
38.111020,-10.210428,537.637846
47.377285,8.306944,539.868418
52.620097,32.572785,541.804562
52.099811,59.490047,542.902267
46.028327,82.814836,543.111171
36.290112,100.396891,542.865344
24.569064,113.748134,542.906403
11.868016,124.723570,543.994770
-1.218553,134.698270,546.602941
-14.254365,144.760485,550.696271
-26.792205,156.021750,555.681136
-40.759881,179.023984,561.600854
-49.144895,-161.155705,564.696880
-53.058995,-135.893006,565.374496
-51.105963,-109.491894,563.296304
-44.028701,-87.637726,558.766921
-33.751838,-71.267176,552.669153
-21.763356,-58.624224,546.237768
-8.931293,-47.978858,540.729642
4.206802,-38.055187,537.084946
17.221388,-27.783194,535.685787
29.628387,-15.987243,536.292688
40.694614,-1.088511,538.178518
49.147772,18.852238,540.408763
53.067124,44.303451,542.168567
51.040398,70.844496,543.028317
43.859153,92.717515,543.066674
33.496537,109.051401,542.816859
21.457821,121.653243,543.054773
8.614226,132.266039,544.495941
-4.498373,142.164978,547.501090
-17.455466,152.415025,551.893142
-29.781939,164.181989,556.953308
-43.163759,-171.557053,562.561209
-50.621866,-150.279390,565.116700
-53.132559,-124.129071,565.112521
-49.744291,-98.477552,562.367923
-41.688534,-78.085659,557.344993
-30.872877,-62.833195,551.041113
-18.609862,-50.831876,544.729676
-5.658152,-40.473208,539.618104
7.488777,-30.561549,536.523735
20.402613,-20.029829,535.671292
32.558550,-7.627060,536.679742
43.118909,8.353062,538.740088
50.633636,29.771646,540.917728
53.128637,56.112992,542.473718
49.653076,81.873355,543.100704
41.494751,102.262717,543.002919
30.601439,117.474597,542.799157
18.297823,129.436563,543.280154
5.344126,139.764914,545.097608
-7.768701,149.653142,548.488690
-20.618261,160.162359,553.133621
-32.689953,172.531766,558.199991
-45.382835,-161.793431,563.406950
-51.785220,-139.065880,565.373637
-52.823633,-112.401221,564.676013
-48.088525,-87.822723,561.294431
-39.179738,-68.860978,555.841601
-27.906185,-54.599911,549.412934
-15.414539,-43.140047,543.298563
-2.373102,-32.994872,538.635665
10.756619,-23.030049,536.105733
23.537909,-12.161945,535.775277
35.392072,0.954488,537.133165
45.356629,18.143995,539.307976
51.801140,41.032313,541.385627
52.802802,67.880450,542.718189
47.970874,92.535212,543.125670
38.963419,111.478447,542.931655
27.620968,125.697317,542.824955
15.098425,137.119967,543.591178
2.064390,147.236919,545.800473
-11.022989,157.179251,549.557277
-23.733846,168.023595,554.401945
-35.501109,-178.899216,559.402475
-47.387326,-151.663022,564.123226
-52.605310,-127.574745,565.460980
-52.141544,-100.823341,564.068553
-46.172322,-77.544047,560.089036
-36.526999,-59.932383,554.276227
-24.865655,-46.538948,547.805174
-12.185794,-35.528608,541.960489
0.917354,-25.527563,537.789672
14.003324,-15.443375,535.828140
26.617048,-4.156250,535.986610
38.111020,9.789572,537.637846
47.377285,28.306944,539.868418
52.620097,52.572785,541.804562
52.099811,79.490047,542.902267
46.028327,102.814836,543.111171
36.290112,120.396891,542.865344
24.569064,133.748134,542.906403
11.868016,144.723570,543.994770
-1.218553,154.698270,546.602941
-14.254365,164.760485,550.696271
-26.792205,176.021750,555.681136
-38.197861,-170.079360,560.542150
-49.144895,-141.155705,564.696880
-53.058995,-115.893006,565.374496
-51.105963,-89.491894,563.296304
-44.028701,-67.637726,558.766921
-33.751838,-51.267176,552.669153
-21.763356,-38.624224,546.237768
-8.931293,-27.978858,540.729642
4.206802,-18.055187,537.084946
17.221388,-7.783194,535.685787
29.628387,4.012757,536.292688
40.694614,18.911489,538.178518
49.147772,38.852238,540.408763
53.067124,64.303451,542.168567
51.040398,90.844496,543.028317
43.859153,112.717515,543.066674
33.496537,129.051401,542.816859
21.457821,141.653243,543.054773
8.614226,152.266039,544.495941
-4.498373,162.164978,547.501090
-17.455466,172.415025,551.893142
-29.781939,-175.818011,556.953308
-40.759881,-160.976016,561.600854
-50.621866,-130.279390,565.116700
-53.132559,-104.129071,565.112521
-49.744291,-78.477552,562.367923
-41.688534,-58.085659,557.344993
-30.872877,-42.833195,551.041113
-18.609862,-30.831876,544.729676
-5.658152,-20.473208,539.618104
7.488777,-10.561549,536.523735
20.402613,-0.029829,535.671292
32.558550,12.372940,536.679742
43.118909,28.353062,538.740088
50.633636,49.771646,540.917728
53.128637,76.112992,542.473718
49.653076,101.873355,543.100704
41.494751,122.262717,543.002919
30.601439,137.474597,542.799157
18.297823,149.436563,543.280154
5.344126,159.764914,545.097608
-7.768701,169.653142,548.488690
-20.618261,-179.837641,553.133621
-32.689953,-167.468234,558.199991
-43.163759,-151.557053,562.561209
-51.785220,-119.065880,565.373637
-52.823633,-92.401221,564.676013
-48.088525,-67.822723,561.294431
-39.179738,-48.860978,555.841601
-27.906185,-34.599911,549.412934
-15.414539,-23.140047,543.298563
-2.373102,-12.994872,538.635665
10.756619,-3.030049,536.105733
23.537909,7.838055,535.775277
35.392072,20.954488,537.133165
45.356629,38.143995,539.307976
51.801140,61.032313,541.385627
52.802802,87.880450,542.718189
47.970874,112.535212,543.125670
38.963419,131.478447,542.931655
27.620968,145.697317,542.824955
15.098425,157.119967,543.591178
2.064390,167.236919,545.800473
-11.022989,177.179251,549.557277
-23.733846,-171.976405,554.401945
-35.501109,-158.899216,559.402475
-45.382835,-141.793431,563.406950
-52.605310,-107.574745,565.460980
-52.141544,-80.823341,564.068553
-46.172322,-57.544047,560.089036
-36.526999,-39.932383,554.276227
-24.865655,-26.538948,547.805174
-12.185794,-15.528608,541.960489
0.917354,-5.527563,537.789672
14.003324,4.556625,535.828140
26.617048,15.843750,535.986610
38.111020,29.789572,537.637846
47.377285,48.306944,539.868418
52.620097,72.572785,541.804562
52.099811,99.490047,542.902267
46.028327,122.814836,543.111171
36.290112,140.396891,542.865344
24.569064,153.748134,542.906403
11.868016,164.723570,543.994770
-1.218553,174.698270,546.602941
-14.254365,-175.239515,550.696271
-26.792205,-163.978250,555.681136
-38.197861,-150.079360,560.542150
-47.387326,-131.663022,564.123226
-53.058995,-95.893006,565.374496
-51.105963,-69.491894,563.296304
-44.028701,-47.637726,558.766921
-33.751838,-31.267176,552.669153
-21.763356,-18.624224,546.237768
-8.931293,-7.978858,540.729642
4.206802,1.944813,537.084946
17.221388,12.216806,535.685787
29.628387,24.012757,536.292688
40.694614,38.911489,538.178518
49.147772,58.852238,540.408763
53.067124,84.303451,542.168567
51.040398,110.844496,543.028317
43.859153,132.717515,543.066674
33.496537,149.051401,542.816859
21.457821,161.653243,543.054773
8.614226,172.266039,544.495941
-4.498373,-177.835022,547.501090
-17.455466,-167.584975,551.893142
-29.781939,-155.818011,556.953308
-40.759881,-140.976016,561.600854
-49.144895,-121.155705,564.696880
-53.132559,-84.129071,565.112521
-49.744291,-58.477552,562.367923
-41.688534,-38.085659,557.344993
-30.872877,-22.833195,551.041113
-18.609862,-10.831876,544.729676
-5.658152,-0.473208,539.618104
7.488777,9.438451,536.523735
20.402613,19.970171,535.671292
32.558550,32.372940,536.679742
43.118909,48.353062,538.740088
50.633636,69.771646,540.917728
53.128637,96.112992,542.473718
49.653076,121.873355,543.100704
41.494751,142.262717,543.002919
30.601439,157.474597,542.799157
18.297823,169.436563,543.280154
5.344126,179.764914,545.097608
-7.768701,-170.346858,548.488690
-20.618261,-159.837641,553.133621
-32.689953,-147.468234,558.199991
-43.163759,-131.557053,562.561209
-50.621866,-110.279390,565.116700
-52.823633,-72.401221,564.676013
-48.088525,-47.822723,561.294431
-39.179738,-28.860978,555.841601
-27.906185,-14.599911,549.412934
-15.414539,-3.140047,543.298563
-2.373102,7.005128,538.635665
10.756619,16.969951,536.105733
23.537909,27.838055,535.775277
35.392072,40.954488,537.133165
45.356629,58.143995,539.307976
51.801140,81.032313,541.385627
52.802802,107.880450,542.718189
47.970874,132.535212,543.125670
38.963419,151.478447,542.931655
27.620968,165.697317,542.824955
15.098425,177.119967,543.591178
2.064390,-172.763081,545.800473
-11.022989,-162.820749,549.557277
-23.733846,-151.976405,554.401945
-35.501109,-138.899216,559.402475
-45.382835,-121.793431,563.406950
-51.785220,-99.065880,565.373637
-52.141544,-60.823341,564.068553
-46.172322,-37.544047,560.089036
-36.526999,-19.932383,554.276227
-24.865655,-6.538948,547.805174
-12.185794,4.471392,541.960489
0.917354,14.472437,537.789672
14.003324,24.556625,535.828140
26.617048,35.843750,535.986610
38.111020,49.789572,537.637846
47.377285,68.306944,539.868418
52.620097,92.572785,541.804562
52.099811,119.490047,542.902267
46.028327,142.814836,543.111171
36.290112,160.396891,542.865344
24.569064,173.748134,542.906403
11.868016,-175.276430,543.994770
-1.218553,-165.301730,546.602941
-14.254365,-155.239515,550.696271
-26.792205,-143.978250,555.681136
-38.197861,-130.079360,560.542150
-47.387326,-111.663022,564.123226
-52.605310,-87.574745,565.460980
-51.105963,-49.491894,563.296304
-44.028701,-27.637726,558.766921
-33.751838,-11.267176,552.669153
-21.763356,1.375776,546.237768
-8.931293,12.021142,540.729642
4.206802,21.944813,537.084946
17.221388,32.216806,535.685787
29.628387,44.012757,536.292688
40.694614,58.911489,538.178518
49.147772,78.852238,540.408763
53.067124,104.303451,542.168567
51.040398,130.844496,543.028317
43.859153,152.717515,543.066674
33.496537,169.051401,542.816859
21.457821,-178.346757,543.054773
8.614226,-167.733961,544.495941
-4.498373,-157.835022,547.501090
-17.455466,-147.584975,551.893142
-29.781939,-135.818011,556.953308
-40.759881,-120.976016,561.600854
-49.144895,-101.155705,564.696880
-53.058995,-75.893006,565.374496
-49.744291,-38.477552,562.367923
-41.688534,-18.085659,557.344993
-30.872877,-2.833195,551.041113
-18.609862,9.168124,544.729676
-5.658152,19.526792,539.618104
7.488777,29.438451,536.523735
20.402613,39.970171,535.671292
32.558550,52.372940,536.679742
43.118909,68.353062,538.740088
50.633636,89.771646,540.917728
53.128637,116.112992,542.473718
49.653076,141.873355,543.100704
41.494751,162.262717,543.002919
30.601439,177.474597,542.799157
18.297823,-170.563437,543.280154
5.344126,-160.235086,545.097608
-7.768701,-150.346858,548.488690
-20.618261,-139.837641,553.133621
-32.689953,-127.468234,558.199991
-43.163759,-111.557053,562.561209
-50.621866,-90.279390,565.116700
-53.132559,-64.129071,565.112521
-48.088525,-27.822723,561.294431
-39.179738,-8.860978,555.841601
-27.906185,5.400089,549.412934
-15.414539,16.859953,543.298563
-2.373102,27.005128,538.635665
10.756619,36.969951,536.105733
23.537909,47.838055,535.775277
35.392072,60.954488,537.133165
45.356629,78.143995,539.307976
51.801140,101.032313,541.385627
52.802802,127.880450,542.718189
47.970874,152.535212,543.125670
38.963419,171.478447,542.931655
27.620968,-174.302683,542.824955
15.098425,-162.880033,543.591178
2.064390,-152.763081,545.800473
-11.022989,-142.820749,549.557277
-23.733846,-131.976405,554.401945
-35.501109,-118.899216,559.402475
-45.382835,-101.793431,563.406950
-51.785220,-79.065880,565.373637
-52.823633,-52.401221,564.676013
-46.172322,-17.544047,560.089036
-36.526999,0.067617,554.276227
-24.865655,13.461052,547.805174
-12.185794,24.471392,541.960489
0.917354,34.472437,537.789672
14.003324,44.556625,535.828140
26.617048,55.843750,535.986610
38.111020,69.789572,537.637846
47.377285,88.306944,539.868418
52.620097,112.572785,541.804562
52.099811,139.490047,542.902267
46.028327,162.814836,543.111171
36.290112,-179.603109,542.865344
24.569064,-166.251866,542.906403
11.868016,-155.276430,543.994770
-1.218553,-145.301730,546.602941
-14.254365,-135.239515,550.696271
-26.792205,-123.978250,555.681136
-38.197861,-110.079360,560.542150
-47.387326,-91.663022,564.123226
-52.605310,-67.574745,565.460980
-52.141544,-40.823341,564.068553
-44.028701,-7.637726,558.766921
-33.751838,8.732824,552.669153
-21.763356,21.375776,546.237768
-8.931293,32.021142,540.729642
4.206802,41.944813,537.084946
17.221388,52.216806,535.685787
29.628387,64.012757,536.292688
40.694614,78.911489,538.178518
49.147772,98.852238,540.408763
53.067124,124.303451,542.168567
51.040398,150.844496,543.028317
43.859153,172.717515,543.066674
33.496537,-170.948599,542.816859
21.457821,-158.346757,543.054773
8.614226,-147.733961,544.495941
-4.498373,-137.835022,547.501090
-17.455466,-127.584975,551.893142
-29.781939,-115.818011,556.953308
-40.759881,-100.976016,561.600854
-49.144895,-81.155705,564.696880
-53.058995,-55.893006,565.374496
-51.105963,-29.491894,563.296304
-41.688534,1.914341,557.344993
-30.872877,17.166805,551.041113
-18.609862,29.168124,544.729676
-5.658152,39.526792,539.618104
7.488777,49.438451,536.523735
20.402613,59.970171,535.671292
32.558550,72.372940,536.679742
43.118909,88.353062,538.740088
50.633636,109.771646,540.917728
53.128637,136.112992,542.473718
49.653076,161.873355,543.100704
41.494751,-177.737283,543.002919
30.601439,-162.525403,542.799157
18.297823,-150.563437,543.280154
5.344126,-140.235086,545.097608
-7.768701,-130.346858,548.488690
-20.618261,-119.837641,553.133621
-32.689953,-107.468234,558.199991
-43.163759,-91.557053,562.561209
-50.621866,-70.279390,565.116700
-53.132559,-44.129071,565.112521
-49.744291,-18.477552,562.367923
-39.179738,11.139022,555.841601
-27.906185,25.400089,549.412934
-15.414539,36.859953,543.298563
-2.373102,47.005128,538.635665
10.756619,56.969951,536.105733
23.537909,67.838055,535.775277
35.392072,80.954488,537.133165
45.356629,98.143995,539.307976
51.801140,121.032313,541.385627
52.802802,147.880450,542.718189
47.970874,172.535212,543.125670
38.963419,-168.521553,542.931655
27.620968,-154.302683,542.824955
15.098425,-142.880033,543.591178
2.064390,-132.763081,545.800473
-11.022989,-122.820749,549.557277
-23.733846,-111.976405,554.401945
-35.501109,-98.899216,559.402475
-45.382835,-81.793431,563.406950
-51.785220,-59.065880,565.373637
-52.823633,-32.401221,564.676013
-48.088525,-7.822723,561.294431
-36.526999,20.067617,554.276227
-24.865655,33.461052,547.805174
-12.185794,44.471392,541.960489
0.917354,54.472437,537.789672
14.003324,64.556625,535.828140
26.617048,75.843750,535.986610
38.111020,89.789572,537.637846
47.377285,108.306944,539.868418
52.620097,132.572785,541.804562
52.099811,159.490047,542.902267
46.028327,-177.185164,543.111171
36.290112,-159.603109,542.865344
24.569064,-146.251866,542.906403
11.868016,-135.276430,543.994770
-1.218553,-125.301730,546.602941
-14.254365,-115.239515,550.696271
-26.792205,-103.978250,555.681136
-38.197861,-90.079360,560.542150
-47.387326,-71.663022,564.123226
-52.605310,-47.574745,565.460980
-52.141544,-20.823341,564.068553
-46.172322,2.455953,560.089036
-33.751838,28.732824,552.669153
-21.763356,41.375776,546.237768
-8.931293,52.021142,540.729642
4.206802,61.944813,537.084946
17.221388,72.216806,535.685787
29.628387,84.012757,536.292688
40.694614,98.911489,538.178518
49.147772,118.852238,540.408763
53.067124,144.303451,542.168567
51.040398,170.844496,543.028317
43.859153,-167.282485,543.066674
33.496537,-150.948599,542.816859
21.457821,-138.346757,543.054773
8.614226,-127.733961,544.495941
-4.498373,-117.835022,547.501090
-17.455466,-107.584975,551.893142
-29.781939,-95.818011,556.953308
-40.759881,-80.976016,561.600854
-49.144895,-61.155705,564.696880
-53.058995,-35.893006,565.374496
-51.105963,-9.491894,563.296304
-44.028701,12.362274,558.766921
-30.872877,37.166805,551.041113
-18.609862,49.168124,544.729676
-5.658152,59.526792,539.618104
7.488777,69.438451,536.523735
20.402613,79.970171,535.671292
32.558550,92.372940,536.679742
43.118909,108.353062,538.740088
50.633636,129.771646,540.917728
53.128637,156.112992,542.473718
49.653076,-178.126645,543.100704
41.494751,-157.737283,543.002919
30.601439,-142.525403,542.799157
18.297823,-130.563437,543.280154
5.344126,-120.235086,545.097608
-7.768701,-110.346858,548.488690
-20.618261,-99.837641,553.133621
-32.689953,-87.468234,558.199991
-43.163759,-71.557053,562.561209
-50.621866,-50.279390,565.116700
-53.132559,-24.129071,565.112521
-49.744291,1.522448,562.367923
-41.688534,21.914341,557.344993
-27.906185,45.400089,549.412934
-15.414539,56.859953,543.298563
-2.373102,67.005128,538.635665
10.756619,76.969951,536.105733
23.537909,87.838055,535.775277
35.392072,100.954488,537.133165
45.356629,118.143995,539.307976
51.801140,141.032313,541.385627
52.802802,167.880450,542.718189
47.970874,-167.464788,543.125670
38.963419,-148.521553,542.931655
27.620968,-134.302683,542.824955
15.098425,-122.880033,543.591178
2.064390,-112.763081,545.800473
-11.022989,-102.820749,549.557277
-23.733846,-91.976405,554.401945
-35.501109,-78.899216,559.402475
-45.382835,-61.793431,563.406950
-51.785220,-39.065880,565.373637
-52.823633,-12.401221,564.676013
-48.088525,12.177277,561.294431
-39.179738,31.139022,555.841601
-24.865655,53.461052,547.805174
-12.185794,64.471392,541.960489
0.917354,74.472437,537.789672
14.003324,84.556625,535.828140
26.617048,95.843750,535.986610
38.111020,109.789572,537.637846
47.377285,128.306944,539.868418
52.620097,152.572785,541.804562
52.099811,179.490047,542.902267
46.028327,-157.185164,543.111171
36.290112,-139.603109,542.865344
24.569064,-126.251866,542.906403
11.868016,-115.276430,543.994770
-1.218553,-105.301730,546.602941
-14.254365,-95.239515,550.696271
-26.792205,-83.978250,555.681136
-38.197861,-70.079360,560.542150
-47.387326,-51.663022,564.123226
-52.605310,-27.574745,565.460980
-52.141544,-0.823341,564.068553
-46.172322,22.455953,560.089036
-36.526999,40.067617,554.276227
-21.763356,61.375776,546.237768
-8.931293,72.021142,540.729642
4.206802,81.944813,537.084946
17.221388,92.216806,535.685787
29.628387,104.012757,536.292688
40.694614,118.911489,538.178518
49.147772,138.852238,540.408763
53.067124,164.303451,542.168567
51.040398,-169.155504,543.028317
43.859153,-147.282485,543.066674
33.496537,-130.948599,542.816859
21.457821,-118.346757,543.054773
8.614226,-107.733961,544.495941
-4.498373,-97.835022,547.501090
-17.455466,-87.584975,551.893142
-29.781939,-75.818011,556.953308
-40.759881,-60.976016,561.600854
-49.144895,-41.155705,564.696880
-53.058995,-15.893006,565.374496
-51.105963,10.508106,563.296304
-44.028701,32.362274,558.766921
-33.751838,48.732824,552.669153
-18.609862,69.168124,544.729676
-5.658152,79.526792,539.618104
7.488777,89.438451,536.523735
20.402613,99.970171,535.671292
32.558550,112.372940,536.679742
43.118909,128.353062,538.740088
50.633636,149.771646,540.917728
53.128637,176.112992,542.473718
49.653076,-158.126645,543.100704
41.494751,-137.737283,543.002919
30.601439,-122.525403,542.799157
18.297823,-110.563437,543.280154
5.344126,-100.235086,545.097608
-7.768701,-90.346858,548.488690
-20.618261,-79.837641,553.133621
-32.689953,-67.468234,558.199991
-43.163759,-51.557053,562.561209
-50.621866,-30.279390,565.116700
-53.132559,-4.129071,565.112521
-49.744291,21.522448,562.367923
-41.688534,41.914341,557.344993
-30.872877,57.166805,551.041113
-15.414539,76.859953,543.298563
-2.373102,87.005128,538.635665
10.756619,96.969951,536.105733
23.537909,107.838055,535.775277
35.392072,120.954488,537.133165
45.356629,138.143995,539.307976
51.801140,161.032313,541.385627
52.802802,-172.119550,542.718189
47.970874,-147.464788,543.125670
38.963419,-128.521553,542.931655
27.620968,-114.302683,542.824955
15.098425,-102.880033,543.591178
2.064390,-92.763081,545.800473
-11.022989,-82.820749,549.557277
-23.733846,-71.976405,554.401945
-35.501109,-58.899216,559.402475
-45.382835,-41.793431,563.406950
-51.785220,-19.065880,565.373637
-52.823633,7.598779,564.676013
-48.088525,32.177277,561.294431
-39.179738,51.139022,555.841601
-27.906185,65.400089,549.412934
-12.185794,84.471392,541.960489
0.917354,94.472437,537.789672
14.003324,104.556625,535.828140
26.617048,115.843750,535.986610
38.111020,129.789572,537.637846
47.377285,148.306944,539.868418
52.620097,172.572785,541.804562
52.099811,-160.509953,542.902267
46.028327,-137.185164,543.111171
36.290112,-119.603109,542.865344
24.569064,-106.251866,542.906403
11.868016,-95.276430,543.994770
-1.218553,-85.301730,546.602941
-14.254365,-75.239515,550.696271
-26.792205,-63.978250,555.681136
-38.197861,-50.079360,560.542150
-47.387326,-31.663022,564.123226
-52.605310,-7.574745,565.460980
-52.141544,19.176659,564.068553
-46.172322,42.455953,560.089036
-36.526999,60.067617,554.276227
-24.865655,73.461052,547.805174
-8.931293,92.021142,540.729642
4.206802,101.944813,537.084946
17.221388,112.216806,535.685787
29.628387,124.012757,536.292688
40.694614,138.911489,538.178518
49.147772,158.852238,540.408763
53.067124,-175.696549,542.168567
51.040398,-149.155504,543.028317
43.859153,-127.282485,543.066674
33.496537,-110.948599,542.816859
21.457821,-98.346757,543.054773
8.614226,-87.733961,544.495941
-4.498373,-77.835022,547.501090
-17.455466,-67.584975,551.893142
-29.781939,-55.818011,556.953308
-40.759881,-40.976016,561.600854
-49.144895,-21.155705,564.696880
-53.058995,4.106994,565.374496
-51.105963,30.508106,563.296304
-44.028701,52.362274,558.766921
-33.751838,68.732824,552.669153
-21.763356,81.375776,546.237768
-5.658152,99.526792,539.618104
7.488777,109.438451,536.523735
20.402613,119.970171,535.671292
32.558550,132.372940,536.679742
43.118909,148.353062,538.740088
50.633636,169.771646,540.917728
53.128637,-163.887008,542.473718
49.653076,-138.126645,543.100704
41.494751,-117.737283,543.002919
30.601439,-102.525403,542.799157
18.297823,-90.563437,543.280154
5.344126,-80.235086,545.097608
-7.768701,-70.346858,548.488690
-20.618261,-59.837641,553.133621
-32.689953,-47.468234,558.199991
-43.163759,-31.557053,562.561209
-50.621866,-10.279390,565.116700
-53.132559,15.870929,565.112521
-49.744291,41.522448,562.367923
-41.688534,61.914341,557.344993
-30.872877,77.166805,551.041113
-18.609862,89.168124,544.729676
-2.373102,107.005128,538.635665
10.756619,116.969951,536.105733
23.537909,127.838055,535.775277
35.392072,140.954488,537.133165
45.356629,158.143995,539.307976
51.801140,-178.967687,541.385627
52.802802,-152.119550,542.718189
47.970874,-127.464788,543.125670
38.963419,-108.521553,542.931655
27.620968,-94.302683,542.824955
15.098425,-82.880033,543.591178
2.064390,-72.763081,545.800473
-11.022989,-62.820749,549.557277
-23.733846,-51.976405,554.401945
-35.501109,-38.899216,559.402475
-45.382835,-21.793431,563.406950
-51.785220,0.934120,565.373637
-52.823633,27.598779,564.676013
-48.088525,52.177277,561.294431
-39.179738,71.139022,555.841601
-27.906185,85.400089,549.412934
-15.414539,96.859953,543.298563
0.917354,114.472437,537.789672
14.003324,124.556625,535.828140
26.617048,135.843750,535.986610
38.111020,149.789572,537.637846
47.377285,168.306944,539.868418
52.620097,-167.427215,541.804562
52.099811,-140.509953,542.902267
46.028327,-117.185164,543.111171
36.290112,-99.603109,542.865344
24.569064,-86.251866,542.906403
11.868016,-75.276430,543.994770
-1.218553,-65.301730,546.602941
-14.254365,-55.239515,550.696271
-26.792205,-43.978250,555.681136
-38.197861,-30.079360,560.542150
-47.387326,-11.663022,564.123226
-52.605310,12.425255,565.460980
-52.141544,39.176659,564.068553
-46.172322,62.455953,560.089036
-36.526999,80.067617,554.276227
-24.865655,93.461052,547.805174
-12.185794,104.471392,541.960489
4.206802,121.944813,537.084946
17.221388,132.216806,535.685787
29.628387,144.012757,536.292688
40.694614,158.911489,538.178518
49.147772,178.852238,540.408763
53.067124,-155.696549,542.168567
51.040398,-129.155504,543.028317
43.859153,-107.282485,543.066674
33.496537,-90.948599,542.816859
21.457821,-78.346757,543.054773
8.614226,-67.733961,544.495941
-4.498373,-57.835022,547.501090
-17.455466,-47.584975,551.893142
-29.781939,-35.818011,556.953308
-40.759881,-20.976016,561.600854
-49.144895,-1.155705,564.696880
-53.058995,24.106994,565.374496
-51.105963,50.508106,563.296304
-44.028701,72.362274,558.766921
-33.751838,88.732824,552.669153
-21.763356,101.375776,546.237768
-8.931293,112.021142,540.729642
7.488777,129.438451,536.523735
20.402613,139.970171,535.671292
32.558550,152.372940,536.679742
43.118909,168.353062,538.740088
50.633636,-170.228354,540.917728
53.128637,-143.887008,542.473718
49.653076,-118.126645,543.100704
41.494751,-97.737283,543.002919
30.601439,-82.525403,542.799157
18.297823,-70.563437,543.280154
5.344126,-60.235086,545.097608
-7.768701,-50.346858,548.488690
-20.618261,-39.837641,553.133621
-32.689953,-27.468234,558.199991
-43.163759,-11.557053,562.561209
-50.621866,9.720610,565.116700
-53.132559,35.870929,565.112521
-49.744291,61.522448,562.367923
-41.688534,81.914341,557.344993
-30.872877,97.166805,551.041113
-18.609862,109.168124,544.729676
-5.658152,119.526792,539.618104
10.756619,136.969951,536.105733
23.537909,147.838055,535.775277
35.392072,160.954488,537.133165
45.356629,178.143995,539.307976
51.801140,-158.967687,541.385627
52.802802,-132.119550,542.718189
47.970874,-107.464788,543.125670
38.963419,-88.521553,542.931655
27.620968,-74.302683,542.824955
15.098425,-62.880033,543.591178
2.064390,-52.763081,545.800473
-11.022989,-42.820749,549.557277
-23.733846,-31.976405,554.401945
-35.501109,-18.899216,559.402475
-45.382835,-1.793431,563.406950
-51.785220,20.934120,565.373637
-52.823633,47.598779,564.676013
-48.088525,72.177277,561.294431
-39.179738,91.139022,555.841601
-27.906185,105.400089,549.412934
-15.414539,116.859953,543.298563
-2.373102,127.005128,538.635665
14.003324,144.556625,535.828140
26.617048,155.843750,535.986610
38.111020,169.789572,537.637846
47.377285,-171.693056,539.868418
52.620097,-147.427215,541.804562
52.099811,-120.509953,542.902267
46.028327,-97.185164,543.111171
36.290112,-79.603109,542.865344
24.569064,-66.251866,542.906403
11.868016,-55.276430,543.994770
-1.218553,-45.301730,546.602941
-14.254365,-35.239515,550.696271
-26.792205,-23.978250,555.681136
-38.197861,-10.079360,560.542150
-47.387326,8.336978,564.123226
-52.605310,32.425255,565.460980
-52.141544,59.176659,564.068553
-46.172322,82.455953,560.089036
-36.526999,100.067617,554.276227
-24.865655,113.461052,547.805174
-12.185794,124.471392,541.960489
0.917354,134.472437,537.789672
17.221388,152.216806,535.685787
29.628387,164.012757,536.292688
40.694614,178.911489,538.178518
49.147772,-161.147762,540.408763
53.067124,-135.696549,542.168567
51.040398,-109.155504,543.028317
43.859153,-87.282485,543.066674
33.496537,-70.948599,542.816859
21.457821,-58.346757,543.054773
8.614226,-47.733961,544.495941
-4.498373,-37.835022,547.501090
-17.455466,-27.584975,551.893142
-29.781939,-15.818011,556.953308
-40.759881,-0.976016,561.600854
-49.144895,18.844295,564.696880
-53.058995,44.106994,565.374496
-51.105963,70.508106,563.296304
-44.028701,92.362274,558.766921
-33.751838,108.732824,552.669153
-21.763356,121.375776,546.237768
-8.931293,132.021142,540.729642
4.206802,141.944813,537.084946
20.402613,159.970171,535.671292
32.558550,172.372940,536.679742
43.118909,-171.646938,538.740088
50.633636,-150.228354,540.917728
53.128637,-123.887008,542.473718
49.653076,-98.126645,543.100704
41.494751,-77.737283,543.002919
30.601439,-62.525403,542.799157
18.297823,-50.563437,543.280154
5.344126,-40.235086,545.097608
-7.768701,-30.346858,548.488690
-20.618261,-19.837641,553.133621
-32.689953,-7.468234,558.199991
-43.163759,8.442947,562.561209
-50.621866,29.720610,565.116700
-53.132559,55.870929,565.112521
-49.744291,81.522448,562.367923
-41.688534,101.914341,557.344993
-30.872877,117.166805,551.041113
-18.609862,129.168124,544.729676
-5.658152,139.526792,539.618104
7.488777,149.438451,536.523735
23.537909,167.838055,535.775277
35.392072,-179.045512,537.133165
45.356629,-161.856005,539.307976
51.801140,-138.967687,541.385627
52.802802,-112.119550,542.718189
47.970874,-87.464788,543.125670
38.963419,-68.521553,542.931655
27.620968,-54.302683,542.824955
15.098425,-42.880033,543.591178
2.064390,-32.763081,545.800473
-11.022989,-22.820749,549.557277
-23.733846,-11.976405,554.401945
-35.501109,1.100784,559.402475
-45.382835,18.206569,563.406950
-51.785220,40.934120,565.373637
-52.823633,67.598779,564.676013
-48.088525,92.177277,561.294431
-39.179738,111.139022,555.841601
-27.906185,125.400089,549.412934
-15.414539,136.859953,543.298563
-2.373102,147.005128,538.635665
10.756619,156.969951,536.105733
26.617048,175.843750,535.986610
38.111020,-170.210428,537.637846
47.377285,-151.693056,539.868418
52.620097,-127.427215,541.804562
52.099811,-100.509953,542.902267
46.028327,-77.185164,543.111171
36.290112,-59.603109,542.865344
24.569064,-46.251866,542.906403
11.868016,-35.276430,543.994770
-1.218553,-25.301730,546.602941
-14.254365,-15.239515,550.696271
-26.792205,-3.978250,555.681136
-38.197861,9.920640,560.542150
-47.387326,28.336978,564.123226
-52.605310,52.425255,565.460980
-52.141544,79.176659,564.068553
-46.172322,102.455953,560.089036
-36.526999,120.067617,554.276227
-24.865655,133.461052,547.805174
-12.185794,144.471392,541.960489
0.917354,154.472437,537.789672
14.003324,164.556625,535.828140
29.628387,-175.987243,536.292688
40.694614,-161.088511,538.178518
49.147772,-141.147762,540.408763
53.067124,-115.696549,542.168567
51.040398,-89.155504,543.028317
43.859153,-67.282485,543.066674
33.496537,-50.948599,542.816859
21.457821,-38.346757,543.054773
8.614226,-27.733961,544.495941
-4.498373,-17.835022,547.501090
-17.455466,-7.584975,551.893142
-29.781939,4.181989,556.953308
-40.759881,19.023984,561.600854
-49.144895,38.844295,564.696880
-53.058995,64.106994,565.374496
-51.105963,90.508106,563.296304
-44.028701,112.362274,558.766921
-33.751838,128.732824,552.669153
-21.763356,141.375776,546.237768
-8.931293,152.021142,540.729642
4.206802,161.944813,537.084946
17.221388,172.216806,535.685787
32.558550,-167.627060,536.679742
43.118909,-151.646938,538.740088
50.633636,-130.228354,540.917728
53.128637,-103.887008,542.473718
49.653076,-78.126645,543.100704
41.494751,-57.737283,543.002919
30.601439,-42.525403,542.799157
18.297823,-30.563437,543.280154
5.344126,-20.235086,545.097608
-7.768701,-10.346858,548.488690
-20.618261,0.162359,553.133621
-32.689953,12.531766,558.199991
-43.163759,28.442947,562.561209
-50.621866,49.720610,565.116700
-53.132559,75.870929,565.112521
-49.744291,101.522448,562.367923
-41.688534,121.914341,557.344993
-30.872877,137.166805,551.041113
-18.609862,149.168124,544.729676
-5.658152,159.526792,539.618104
7.488777,169.438451,536.523735
20.402613,179.970171,535.671292
35.392072,-159.045512,537.133165
45.356629,-141.856005,539.307976
51.801140,-118.967687,541.385627
52.802802,-92.119550,542.718189
47.970874,-67.464788,543.125670
38.963419,-48.521553,542.931655
27.620968,-34.302683,542.824955
15.098425,-22.880033,543.591178
2.064390,-12.763081,545.800473
-11.022989,-2.820749,549.557277
-23.733846,8.023595,554.401945
-35.501109,21.100784,559.402475
-45.382835,38.206569,563.406950
-51.785220,60.934120,565.373637
-52.823633,87.598779,564.676013
-48.088525,112.177277,561.294431
-39.179738,131.139022,555.841601
-27.906185,145.400089,549.412934
-15.414539,156.859953,543.298563
-2.373102,167.005128,538.635665
10.756619,176.969951,536.105733
23.537909,-172.161945,535.775277
38.111020,-150.210428,537.637846
47.377285,-131.693056,539.868418
52.620097,-107.427215,541.804562
52.099811,-80.509953,542.902267
46.028327,-57.185164,543.111171
36.290112,-39.603109,542.865344
24.569064,-26.251866,542.906403
11.868016,-15.276430,543.994770
-1.218553,-5.301730,546.602941
-14.254365,4.760485,550.696271
-26.792205,16.021750,555.681136
-38.197861,29.920640,560.542150
-47.387326,48.336978,564.123226
-52.605310,72.425255,565.460980
-52.141544,99.176659,564.068553
-46.172322,122.455953,560.089036
-36.526999,140.067617,554.276227
-24.865655,153.461052,547.805174
-12.185794,164.471392,541.960489
0.917354,174.472437,537.789672
14.003324,-175.443375,535.828140
26.617048,-164.156250,535.986610
40.694614,-141.088511,538.178518
49.147772,-121.147762,540.408763
53.067124,-95.696549,542.168567
51.040398,-69.155504,543.028317
43.859153,-47.282485,543.066674
33.496537,-30.948599,542.816859
21.457821,-18.346757,543.054773
8.614226,-7.733961,544.495941
-4.498373,2.164978,547.501090
-17.455466,12.415025,551.893142
-29.781939,24.181989,556.953308
-40.759881,39.023984,561.600854
-49.144895,58.844295,564.696880
-53.058995,84.106994,565.374496
-51.105963,110.508106,563.296304
-44.028701,132.362274,558.766921
-33.751838,148.732824,552.669153
-21.763356,161.375776,546.237768
-8.931293,172.021142,540.729642
4.206802,-178.055187,537.084946
17.221388,-167.783194,535.685787
29.628387,-155.987243,536.292688
43.118909,-131.646938,538.740088
50.633636,-110.228354,540.917728
53.128637,-83.887008,542.473718
49.653076,-58.126645,543.100704
41.494751,-37.737283,543.002919
30.601439,-22.525403,542.799157
18.297823,-10.563437,543.280154
5.344126,-0.235086,545.097608
-7.768701,9.653142,548.488690
-20.618261,20.162359,553.133621
-32.689953,32.531766,558.199991
-43.163759,48.442947,562.561209
-50.621866,69.720610,565.116700
-53.132559,95.870929,565.112521
-49.744291,121.522448,562.367923
-41.688534,141.914341,557.344993
-30.872877,157.166805,551.041113
-18.609862,169.168124,544.729676
-5.658152,179.526792,539.618104
7.488777,-170.561549,536.523735
20.402613,-160.029829,535.671292
32.558550,-147.627060,536.679742
